0,0,0,0,0,0,0
10.00, 0.00, 0.00, 0.00, 0.00, 0.00, 0.00
21.00, 1.38, 1.25, 1.53, 133.24, 98.00, 134.76
31.00, 2.63, 2.45, 2.63, 121.49, 115.89, 113.60
41.00, 3.46, 3.38, 3.49, 90.40, 99.04, 90.40
51.00, 4.34, 4.23, 4.34, 85.71, 81.55, 80.21
61.00, 5.09, 5.01, 5.25, 73.76, 74.59, 91.07
72.00, 5.87, 5.75, 5.83, 73.30, 71.76, 55.65
82.00, 6.42, 6.33, 6.49, 60.22, 64.97, 71.59
92.00, 6.97, 6.86, 6.96, 54.89, 51.60, 46.13
102.00, 7.42, 7.40, 7.43, 43.63, 50.89, 44.77
112.00, 7.75, 7.79, 7.92, 31.87, 38.45, 48.71
123.00, 8.41, 8.19, 8.24, 64.73, 39.22, 30.24
133.00, 8.59, 8.54, 8.60, 17.72, 33.68, 35.28
143.00, 8.91, 8.84, 8.89, 32.17, 30.11, 28.55
153.00, 9.16, 9.12, 9.14, 23.48, 26.43, 24.43
164.00, 9.51, 9.34, 9.43, 33.95, 21.40, 27.46
173.00, 9.58, 9.56, 9.53, 8.06, 24.00, 11.36
183.00, 9.89, 9.70, 9.74, 29.36, 13.45, 20.45
193.00, 9.99, 9.92, 9.92, 9.49, 22.19, 17.09
205.00, 10.12, 10.01, 10.04, 12.57, 8.97, 12.02
214.00, 10.32, 10.20, 10.22, 22.47, 20.11, 19.33
224.00, 10.41, 10.27, 10.28, 9.22, 7.57, 6.36
234.00, 10.44, 10.40, 10.36, 2.41, 12.44, 8.22
244.00, 10.48, 10.54, 10.43, 3.72, 13.21, 6.71
254.00, 10.89, 10.62, 10.63, 44.28, 8.17, 21.22
264.00, 10.80, 10.72, 10.67, -8.87, 9.98, 3.52
274.00, 10.80, 10.79, 10.72, 0.00, 7.29, 5.56
284.00, 10.87, 10.76, 10.75, 6.50, -2.62, 2.06
295.00, 11.01, 11.01, 10.87, 13.48, 23.77, 11.53
305.00, 11.03, 10.98, 10.91, 2.48, -2.42, 4.07
315.00, 11.08, 11.05, 10.85, 4.98, 6.57, -5.26
325.00, 11.10, 11.10, 11.04, 0.00, 4.76, 17.91
336.00, 11.22, 11.16, 11.06, 12.48, 6.54, 2.21
345.00, 11.19, 11.17, 11.02, -3.44, 0.00, -3.67
355.00, 11.24, 11.16, 11.12, 5.30, 0.00, 9.42
365.00, 11.23, 11.26, 11.09, 0.00, 9.60, -3.35
376.00, 11.33, 11.25, 11.19, 10.17, 0.00, 9.62
385.00, 11.29, 11.34, 11.16, -4.82, 8.57, -3.23
395.00, 11.28, 11.29, 11.19, 0.00, -5.30, 3.99
405.00, 11.39, 11.36, 11.19, 11.11, 6.94, 0.00
415.00, 11.39, 11.37, 11.25, 0.00, 0.00, 6.29
425.00, 11.40, 11.35, 11.24, 0.00, -2.27, 0.00
435.00, 11.41, 11.42, 11.29, 0.00, 6.70, 5.69
445.00, 11.37, 11.40, 11.29, -4.07, -2.33, 0.00
455.00, 11.51, 11.44, 11.26, 13.09, 4.05, -2.32
466.00, 11.48, 11.42, 11.17, -3.28, -2.13, -9.06
475.00, 11.52, 11.48, 11.45, 4.80, 6.04, 29.00
485.00, 11.46, 11.47, 11.37, -6.30, 0.00, -8.64
495.00, 11.50, 11.50, 11.34, 3.94, 2.90, -2.69
506.00, 11.48, 11.47, 11.36, -2.47, -2.63, 0.00
516.00, 11.55, 11.52, 11.32, 7.18, 5.27, -3.73
525.00, 11.48, 11.52, 11.42, -7.08, 0.00, 10.07
535.00, 11.55, 11.32, 11.35, 7.26, -19.19, -7.29
546.00, 11.54, 11.70, 11.17, 0.00, 36.80, -16.90
556.00, 11.56, 11.54, 11.62, 0.00, -16.10, 45.31
565.00, 11.58, 11.52, 11.43, 0.00, 0.00, -18.74
575.00, 11.54, 11.54, 11.40, -3.31, 2.35, -3.28
585.00, 11.52, 11.52, 11.41, -2.35, 0.00, 0.00
595.00, 11.60, 11.56, 11.42, 8.66, 3.27, 0.00
605.00, 11.59, 11.46, 11.40, 0.00, -10.00, 0.00
615.00, 11.54, 11.64, 11.39, -5.09, 17.77, 0.00
625.00, 11.63, 11.58, 11.46, 9.07, -6.13, 7.31
636.00, 11.54, 11.54, 11.41, -8.35, -3.50, -4.84
646.00, 11.66, 11.57, 11.46, 11.18, 2.99, 5.24
656.00, 11.62, 11.56, 11.36, -3.87, 0.00, -10.04
666.00, 11.53, 11.58, 11.50, -8.64, 1.98, 13.95
677.00, 11.64, 11.55, 11.46, 11.22, -3.14, -3.64
687.00, 11.62, 11.61, 11.40, -2.51, 5.87, -6.76
697.00, 11.60, 11.47, 11.46, -2.26, -14.20, 5.78
706.00, 11.57, 11.68, 11.46, -2.78, 21.07, 0.00
717.00, 11.75, 11.58, 11.48, 18.58, -10.06, 2.08
727.00, 11.61, 11.51, 11.25, -14.45, -6.75, -22.45
737.00, 11.56, 11.61, 11.64, -4.80, 9.72, 39.19
746.00, 11.70, 11.62, 11.46, 14.24, 0.00, -18.30
756.00, 11.61, 11.57, 11.47, -9.36, -4.43, 0.00
767.00, 11.63, 11.59, 11.50, 2.33, 0.00, 3.06
776.00, 11.65, 11.57, 11.47, 0.00, 0.00, -2.86
786.00, 11.61, 11.56, 11.46, -4.18, 0.00, 0.00
796.00, 11.67, 11.57, 11.43, 5.96, 0.00, -3.57
807.00, 11.63, 11.62, 11.48, -3.80, 4.23, 4.61
817.00, 11.66, 11.55, 11.52, 3.47, -7.00, 3.92
827.00, 11.67, 11.61, 11.46, 0.00, 6.32, -5.16
837.00, 11.60, 11.56, 11.43, -6.38, -4.95, -3.13
848.00, 11.67, 11.60, 11.52, 6.78, 3.65, 8.31
858.00, 11.64, 11.57, 11.47, -3.37, -3.14, -4.66
867.00, 11.63, 11.60, 11.38, 0.00, 3.34, -9.36
877.00, 11.68, 11.60, 11.57, 4.57, 0.00, 18.36
888.00, 11.68, 11.56, 11.44, 0.00, -4.13, -12.32
898.00, 11.66, 11.60, 11.48, 0.00, 4.46, 4.31
907.00, 11.64, 11.59, 11.51, 0.00, 0.00, 3.10
917.00, 11.60, 11.62, 11.45, -4.48, 2.61, -6.79
927.00, 11.68, 11.56, 11.52, 8.14, -5.92, 6.90
938.00, 11.65, 11.56, 11.39, -3.27, 0.00, -12.41
947.00, 11.64, 11.61, 11.53, 0.00, 5.26, 13.84
957.00, 11.73, 11.58, 11.49, 8.43, -3.34, -4.01
967.00, 11.61, 11.59, 11.52, -11.47, 0.00, 2.83
978.00, 11.62, 11.60, 11.48, 0.00, 0.00, -4.19
987.00, 11.70, 11.60, 11.45, 8.39, 0.00, -2.23
997.00, 11.67, 11.60, 11.50, -3.28, 0.00, 4.77
1007.00, 11.70, 11.57, 11.45, 3.71, -3.24, -4.93
1018.00, 11.63, 11.58, 11.49, -7.80, 0.00, 3.41
1028.00, 11.73, 11.63, 11.43, 10.68, 4.31, -6.03
1038.00, 11.59, 11.57, 11.57, -13.72, -5.42, 14.60
1048.00, 11.68, 11.63, 11.45, 8.59, 5.44, -11.77
1059.00, 11.72, 11.55, 11.52, 4.08, -7.20, 6.17
1068.00, 11.63, 11.62, 11.49, -8.84, 6.79, -2.74
1078.00, 11.60, 11.58, 11.48, -3.59, -4.24, 0.00
1088.00, 11.77, 11.60, 11.49, 16.62, 2.05, 0.00
1098.00, 11.63, 11.58, 11.47, -14.15, -2.13, -2.27
1109.00, 11.68, 11.63, 11.47, 5.03, 5.58, 0.00
1119.00, 11.64, 11.57, 11.48, -3.74, -6.08, 0.00
1128.00, 11.65, 11.57, 11.22, 0.00, 0.00, -25.33
1138.00, 11.71, 11.65, 11.77, 6.05, 7.92, 54.99
1149.00, 11.63, 11.57, 11.52, -8.27, -7.49, -24.58
1159.00, 11.69, 11.52, 11.49, 5.88, -5.23, -2.47
1169.00, 11.65, 11.68, 11.49, -3.88, 15.29, 0.00
1179.00, 11.73, 11.57, 11.45, 7.83, -10.66, -3.84
1190.00, 11.64, 11.59, 11.48, -7.89, 2.06, 2.45
1200.00, 11.66, 11.58, 11.52, 0.00, 0.00, 4.10
1210.00, 11.67, 11.61, 11.53, 0.00, 2.42, 0.00
1220.00, 11.70, 11.59, 11.41, 3.16, -2.07, -11.50
1231.00, 11.65, 11.59, 11.55, -4.34, 0.00, 14.10
1241.00, 11.73, 11.57, 11.45, 7.39, 0.00, -9.79
1251.00, 11.68, 11.60, 11.54, -4.56, 2.92, 8.74
1261.00, 11.63, 11.60, 11.53, -4.67, 0.00, 0.00
1272.00, 11.72, 11.60, 11.51, 8.48, 0.00, 0.00
1282.00, 11.68, 11.60, 11.45, -4.19, 0.00, -6.49
1292.00, 11.63, 11.59, 11.46, -5.06, 0.00, 0.00
1301.00, 11.67, 11.59, 11.50, 4.25, 0.00, 4.36
1311.00, 11.73, 11.58, 11.50, 6.05, 0.00, 0.00
1322.00, 11.63, 11.62, 11.60, -9.85, 4.31, 9.91
1331.00, 11.65, 11.63, 11.50, 2.35, 0.00, -9.50
1341.00, 11.73, 11.56, 11.49, 7.93, -6.08, 0.00
1351.00, 11.64, 11.59, 11.52, -9.39, 2.78, 2.56
1362.00, 11.63, 11.54, 11.51, 0.00, -5.06, 0.00
1371.00, 11.75, 11.67, 11.47, 12.87, 13.12, -3.40
1381.00, 11.68, 11.58, 11.53, -6.51, -9.09, 5.56
1391.00, 11.63, 11.63, 11.52, -5.11, 5.00, 0.00
1402.00, 11.62, 11.57, 11.49, 0.00, -5.62, -3.00
1412.00, 11.76, 11.58, 11.51, 14.31, 0.00, 2.33
1422.00, 11.63, 11.63, 11.47, -13.05, 5.12, -4.31
1432.00, 11.69, 11.54, 11.52, 6.34, -9.44, 4.67
1442.00, 11.63, 11.48, 11.53, -5.93, -5.61, 0.00
1452.00, 11.75, 11.78, 11.47, 11.18, 29.91, -5.88
1462.00, 11.71, 11.50, 11.54, -3.74, -26.67, 6.91
1472.00, 11.63, 11.65, 11.50, -7.76, 15.18, -3.81
1482.00, 11.74, 11.60, 11.51, 10.22, -4.57, 0.00
1493.00, 11.63, 11.63, 11.47, -11.13, 2.03, -3.79
1503.00, 11.70, 11.55, 11.52, 7.70, -7.65, 4.23
1513.00, 11.68, 11.63, 11.54, -2.66, 7.60, 2.06
1523.00, 11.74, 11.63, 11.52, 6.57, 0.00, -2.12
1534.00, 11.65, 11.56, 11.50, -9.40, -6.08, 0.00
1543.00, 11.64, 11.61, 11.51, 0.00, 4.15, 0.00
1553.00, 11.78, 11.58, 11.47, 14.41, -2.24, -4.31
1563.00, 11.61, 11.64, 11.56, -16.88, 6.04, 9.16
1574.00, 11.72, 11.56, 11.51, 10.80, -8.57, -4.71
1584.00, 11.72, 11.63, 11.48, 0.00, 6.76, -3.17
1594.00, 11.70, 11.60, 11.52, 0.00, -2.10, 3.20
1604.00, 11.68, 11.62, 11.55, 0.00, 0.00, 3.61
1615.00, 11.70, 11.51, 11.48, 0.00, -10.44, -6.63
1625.00, 11.68, 11.67, 11.56, -2.23, 15.72, 7.57
1635.00, 11.72, 11.44, 11.51, 3.99, -22.27, -4.54
1645.00, 11.64, 11.80, 11.48, -8.38, 36.13, -3.53
1656.00, 11.75, 11.57, 11.56, 10.93, -23.18, 8.26
1666.00, 11.74, 11.63, 11.49, 0.00, 6.81, -7.08
1676.00, 11.68, 11.61, 11.53, -5.74, -2.08, 3.68
1686.00, 11.78, 11.58, 11.51, 10.38, -3.47, 0.00
1696.00, 11.68, 11.58, 11.53, -9.46, 0.00, 0.00
1707.00, 11.52, 11.61, 11.51, -16.52, 3.69, -2.61
1717.00, 11.89, 11.61, 11.57, 37.09, 0.00, 6.23
1727.00, 11.77, 11.58, 11.52, -12.26, -2.94, -4.71
1737.00, 11.64, 11.61, 11.49, -12.36, 2.42, -3.63
1748.00, 11.71, 11.65, 11.54, 6.65, 4.00, 4.78
1757.00, 11.78, 11.56, 11.51, 7.20, -8.87, -2.63
1767.00, 11.66, 11.61, 11.48, -12.09, 4.64, -2.71
1777.00, 11.72, 11.61, 11.60, 5.74, 0.00, 11.91
1788.00, 11.69, 11.60, 11.54, -3.07, 0.00, -6.46
1798.00, 11.81, 11.59, 11.52, 12.28, 0.00, 0.00
1808.00, 11.69, 11.64, 11.51, -11.52, 5.05, 0.00
1818.00, 11.69, 11.60, 11.55, 0.00, -3.45, 4.13
1829.00, 11.78, 11.54, 11.52, 8.58, -6.25, -2.84
1839.00, 11.67, 11.67, 11.49, -10.71, 12.94, -3.15
1849.00, 11.72, 11.63, 11.57, 4.84, -3.58, 7.58
1859.00, 11.79, 11.57, 11.52, 6.77, -6.82, -4.71
1870.00, 11.66, 11.65, 11.49, -13.02, 8.20, -2.72
1880.00, 11.72, 11.57, 11.57, 6.19, -7.24, 7.37
1889.00, 11.78, 11.64, 11.52, 6.29, 6.83, -4.71
1899.00, 11.49, 11.55, 11.47, -28.88, -9.29, -4.52
1909.00, 11.90, 11.68, 11.57, 40.76, 12.31, 9.61
1920.00, 11.75, 11.57, 11.29, -15.00, -10.86, -27.09
1930.00, 11.73, 11.60, 11.71, -2.33, 3.68, 40.64
1940.00, 11.73, 11.65, 11.57, 0.00, 4.40, -13.98
1950.00, 11.71, 11.59, 11.53, -2.23, -5.38, -3.99
1961.00, 11.73, 11.60, 11.48, 2.38, 0.00, -4.63
1971.00, 11.74, 11.62, 11.57, 0.00, 1.99, 8.29
1981.00, 11.70, 11.64, 11.52, -3.91, 2.61, -4.84
1991.00, 11.77, 11.60, 11.53, 6.57, -4.25, 0.00
2002.00, 11.71, 11.57, 11.51, -6.03, -2.59, -2.14
2012.00, 11.79, 11.61, 11.53, 7.82, 3.38, 2.04
2022.00, 11.52, 11.41, 11.47, -27.15, -20.29, -5.97
2032.00, 11.91, 11.80, 11.58, 38.80, 38.95, 10.98
2043.00, 11.73, 11.63, 11.49, -17.01, -16.96, -8.88
2053.00, 11.75, 11.65, 11.56, 2.01, 2.23, 6.29
2063.00, 11.72, 11.59, 11.52, -3.25, -6.26, -3.66
2073.00, 11.76, 11.60, 11.50, 3.80, 0.00, 0.00
2084.00, 11.76, 11.62, 11.57, 0.00, 0.00, 6.07
2094.00, 11.69, 11.59, 11.52, -6.33, -2.93, -4.65
2104.00, 11.77, 11.66, 11.49, 7.24, 6.96, -3.43
2113.00, 11.81, 11.57, 11.57, 3.71, -8.16, 8.72
2124.00, 11.66, 11.64, 11.53, -14.26, 6.37, -4.25
2134.00, 11.76, 11.57, 11.46, 9.33, -6.33, -6.86
2144.00, 11.77, 11.65, 11.62, 0.00, 7.75, 15.87
2154.00, 11.77, 11.58, 11.53, 0.00, -7.47, -8.75
2164.00, 11.74, 11.61, 11.54, -2.82, 2.91, 0.00
2175.00, 11.71, 11.60, 11.50, -3.06, 0.00, -3.71
2185.00, 11.79, 11.63, 11.55, 7.56, 2.82, 4.94
2194.00, 11.68, 11.59, 11.58, -10.61, -3.17, 3.46
2204.00, 11.78, 11.65, 11.50, 10.08, 5.94, -8.00
2215.00, 11.77, 11.57, 11.58, 0.00, -7.70, 7.61
2225.00, 11.77, 11.61, 11.55, 0.00, 3.09, -3.08
2235.00, 11.76, 11.62, 11.46, 0.00, 0.00, -8.97
2245.00, 11.76, 11.61, 11.59, 0.00, 0.00, 13.48
2256.00, 11.72, 11.60, 11.58, -3.59, 0.00, 0.00
2266.00, 11.74, 11.61, 11.55, 0.00, 0.00, -2.74
2276.00, 11.80, 11.61, 11.35, 5.71, 0.00, -19.61
2286.00, 11.69, 11.63, 11.65, -10.58, 0.00, 29.91
2296.00, 11.78, 11.53, 11.63, 9.14, -9.03, -2.29
2306.00, 11.77, 11.67, 11.51, 0.00, 13.21, -11.99
2316.00, 11.79, 11.37, 11.57, 0.00, -28.80, 6.06
2326.00, 11.69, 11.85, 11.52, -9.49, 47.24, -4.84
2336.00, 11.76, 11.65, 11.58, 7.06, -19.09, 5.17
2347.00, 11.77, 11.58, 11.51, 0.00, -7.49, -6.19
2357.00, 11.75, 11.60, 11.57, -2.44, 0.00, 5.18
2367.00, 11.73, 11.62, 11.54, 0.00, 2.47, -2.42
2377.00, 11.83, 11.60, 11.54, 10.12, 0.00, 0.00
2388.00, 11.72, 11.62, 11.54, -11.19, 0.00, 0.00
2398.00, 11.75, 11.61, 11.54, 2.32, 0.00, 0.00
2408.00, 11.73, 11.62, 11.51, 0.00, 0.00, -2.83
2418.00, 11.79, 11.61, 11.57, 5.83, 0.00, 5.86
2429.00, 11.79, 11.59, 11.48, 0.00, -2.69, -8.90
2439.00, 11.77, 11.65, 11.59, 0.00, 6.03, 11.38
2449.00, 11.73, 11.60, 11.54, -3.60, -5.01, -5.01
2459.00, 11.77, 11.57, 11.51, 4.30, -2.70, -3.24
2470.00, 11.81, 11.68, 11.56, 4.18, 10.96, 4.67
2480.00, 11.68, 11.67, 11.53, -13.65, 0.00, -2.44
2490.00, 11.80, 11.57, 11.46, 11.93, -9.52, -6.86
2500.00, 11.77, 11.64, 11.61, -2.42, 7.22, 14.80
2511.00, 11.78, 11.55, 11.50, 0.00, -9.05, -11.51
2520.00, 11.80, 11.70, 11.57, 0.00, 15.15, 7.37
2530.00, 11.72, 11.61, 11.49, -7.35, -9.36, -7.98
2540.00, 11.76, 11.62, 11.54, 3.42, 0.00, 5.61
2551.00, 11.80, 11.62, 11.57, 4.53, 0.00, 2.57
2561.00, 11.74, 11.66, 11.53, -6.60, 3.73, -3.80
2571.00, 11.80, 11.44, 11.50, 5.90, -22.29, -2.73
2581.00, 11.76, 11.81, 11.57, -3.76, 36.63, 6.92
2591.00, 11.79, 11.59, 11.50, 2.89, -20.99, -7.55
2601.00, 11.79, 11.63, 11.58, 0.00, 3.64, 8.05
2611.00, 11.74, 11.59, 11.54, -5.30, -3.83, -3.80
2621.00, 11.79, 11.67, 11.48, 4.88, 7.89, -6.35
2631.00, 11.72, 11.44, 11.57, -6.78, -21.86, 9.17
2642.00, 11.80, 11.76, 11.59, 8.49, 31.50, 0.00
2652.00, 11.80, 11.66, 11.55, 0.00, -9.28, -4.25
2662.00, 11.73, 11.63, 11.55, -6.43, -3.46, 0.00
2672.00, 11.77, 11.59, 11.57, 3.48, -3.30, 2.03
2683.00, 11.82, 11.58, 11.55, 5.20, 0.00, 0.00
2693.00, 11.73, 11.65, 11.51, -9.43, 6.62, -4.11
2703.00, 11.79, 11.62, 11.60, 5.90, -2.59, 8.74
2712.00, 11.81, 11.59, 11.53, 2.79, -2.92, -6.53
2723.00, 11.68, 11.68, 11.53, -12.76, 8.35, 0.00
2733.00, 11.81, 11.58, 11.60, 12.43, -9.09, 6.93
2743.00, 11.80, 11.64, 11.36, 0.00, 5.43, -23.29
2753.00, 11.80, 11.62, 11.67, 0.00, -2.42, 30.47
2764.00, 11.73, 11.66, 11.63, -5.99, 4.02, -3.38
2774.00, 11.80, 11.61, 11.55, 6.26, -5.21, -7.60
2784.00, 11.75, 11.61, 11.56, -4.26, 0.00, 0.00
2794.00, 11.77, 11.63, 11.56, 0.00, 0.00, 0.00
2804.00, 11.78, 11.66, 11.52, 0.00, 3.12, -3.26
2815.00, 11.85, 11.61, 11.48, 6.55, -5.17, -4.72
2825.00, 11.73, 11.62, 11.58, -10.67, 0.00, 9.60
2835.00, 11.80, 11.67, 11.65, 6.26, 4.85, 7.05
2845.00, 11.77, 11.61, 11.55, -2.95, -5.62, -8.94
2856.00, 11.81, 11.61, 11.53, 3.97, 0.00, -2.28
2866.00, 11.75, 11.63, 11.57, -5.16, 0.00, 3.91
2876.00, 11.80, 11.68, 11.56, 4.39, 4.50, 0.00
2886.00, 11.77, 11.63, 11.56, -2.52, -4.80, 0.00
2897.00, 11.79, 11.64, 11.58, 0.00, 0.00, 2.06
2907.00, 11.75, 11.55, 11.57, -3.20, -7.94, 0.00
2917.00, 11.82, 11.73, 11.57, 7.02, 17.69, 0.00
2927.00, 11.77, 11.61, 11.53, -5.41, -10.90, -3.52
2938.00, 11.78, 11.57, 11.60, 0.00, -4.72, 7.11
2948.00, 11.78, 11.70, 11.56, 0.00, 13.32, -4.25
2958.00, 11.77, 11.63, 11.56, 0.00, -6.90, 0.00
2968.00, 11.61, 11.64, 11.57, -15.14, 0.00, 0.00
2979.00, 12.00, 11.63, 11.56, 39.59, 0.00, 0.00
2989.00, 11.71, 11.66, 11.50, -29.14, 2.34, -5.93
2999.00, 11.83, 11.60, 11.46, 11.98, -5.46, -4.61
3009.00, 11.78, 11.64, 11.69, -4.73, 4.06, 23.17
3020.00, 11.78, 11.67, 11.60, 0.00, 2.24, -8.91
3029.00, 11.84, 11.59, 11.53, 6.53, -7.48, -7.08
3039.00, 11.81, 11.66, 11.52, -3.18, 6.87, 0.00
3049.00, 11.71, 11.60, 11.64, -9.49, -6.10, 12.57
3059.00, 11.79, 11.66, 11.54, 7.49, 5.96, -10.31
3070.00, 11.82, 11.60, 11.59, 2.96, -5.93, 5.42
3080.00, 11.80, 11.65, 11.53, -2.01, 5.03, -6.17
3090.00, 11.73, 11.59, 11.61, -6.71, -6.36, 7.39
3100.00, 11.83, 11.49, 11.53, 9.65, -9.33, -7.61
3110.00, 11.79, 11.78, 11.59, -3.38, 29.17, 5.84
3120.00, 11.81, 11.62, 11.57, 0.00, -15.88, 0.00
3130.00, 11.82, 11.65, 11.54, 0.00, 2.70, -2.76
3140.00, 11.75, 11.57, 11.55, -6.53, -7.02, 0.00
3151.00, 11.85, 11.71, 11.62, 9.56, 13.68, 6.04
3161.00, 11.71, 11.60, 11.37, -13.09, -10.57, -24.24
3171.00, 11.89, 11.64, 11.76, 17.18, 3.62, 38.37
3181.00, 11.77, 11.63, 11.57, -11.91, 0.00, -18.99
3192.00, 11.65, 11.64, 11.52, -11.47, 0.00, -4.14
3202.00, 11.97, 11.57, 11.61, 31.69, -7.71, 8.11
3212.00, 11.76, 11.72, 11.57, -20.17, 15.29, -3.53
3222.00, 11.81, 11.53, 11.58, 5.19, -18.79, 0.00
3232.00, 11.80, 11.70, 11.56, 0.00, 16.76, -2.08
3243.00, 11.83, 11.67, 11.55, 3.27, -3.19, 0.00
3253.00, 11.76, 11.62, 11.58, -6.60, -4.76, 3.01
3263.00, 11.85, 11.64, 11.57, 8.20, 2.16, 0.00
3273.00, 11.77, 11.61, 11.61, -8.50, -2.92, 3.37
3284.00, 11.79, 11.55, 11.55, 2.76, -5.77, -5.16
3294.00, 11.86, 11.72, 11.55, 6.74, 17.04, 0.00
3304.00, 11.72, 11.56, 11.59, -13.92, -15.91, 3.75
3314.00, 11.80, 11.68, 11.56, 7.94, 12.18, -3.59
3325.00, 11.83, 11.64, 11.60, 2.27, -4.03, 4.54
3334.00, 11.80, 11.65, 11.55, -2.27, 0.00, -5.71
3344.00, 11.85, 11.64, 11.60, 4.71, 0.00, 5.57
3354.00, 11.76, 11.62, 11.56, -8.57, 0.00, -3.79
3365.00, 11.87, 11.64, 11.59, 9.89, 0.00, 2.52
3375.00, 11.73, 11.67, 11.54, -14.06, 2.70, -5.37
3385.00, 11.81, 11.59, 11.60, 8.39, -7.74, 6.03
3395.00, 11.83, 11.68, 11.56, 2.07, 8.72, -4.04
3406.00, 11.84, 11.59, 11.53, 0.00, -8.65, -2.90
3415.00, 11.73, 11.69, 11.66, -11.04, 9.65, 13.56
3425.00, 11.74, 11.61, 11.52, 0.00, -8.22, -13.48
3435.00, 11.90, 11.63, 11.62, 15.61, 2.74, 9.42
3445.00, 11.80, 11.68, 11.50, -9.43, 4.03, -12.09
3456.00, 11.83, 11.60, 11.65, 2.99, -7.28, 14.94
3466.00, 11.80, 11.65, 11.59, -2.94, 4.98, -5.72
3476.00, 11.84, 11.63, 11.59, 3.72, -2.08, 0.00
3486.00, 11.78, 11.65, 11.55, -6.16, 0.00, -4.24
3497.00, 11.79, 11.62, 11.61, 0.00, -2.86, 6.32
3507.00, 11.82, 11.57, 11.56, 3.33, -4.36, -4.56
3517.00, 11.76, 11.71, 11.55, -5.59, 13.43, 0.00
3527.00, 11.83, 11.56, 11.61, 6.85, -14.97, 5.42
3538.00, 11.81, 11.69, 11.54, -2.49, 13.08, -6.28
3548.00, 11.82, 11.68, 11.53, 0.00, 0.00, 0.00
3557.00, 11.86, 11.60, 11.66, 4.28, -7.95, 13.09
3567.00, 11.72, 11.64, 11.54, -14.05, 4.22, -12.16
3578.00, 11.76, 11.63, 11.60, 4.39, 0.00, 6.31
3588.00, 11.90, 11.67, 11.55, 14.26, 3.58, -4.79
3598.00, 11.83, 11.61, 11.61, -7.53, -5.48, 5.12
3608.00, 11.86, 11.64, 11.58, 3.02, 2.30, -2.42
3619.00, 11.76, 11.65, 11.58, -10.56, 0.00, 0.00
3629.00, 11.83, 11.62, 11.55, 7.79, -3.65, -3.22
3639.00, 11.84, 11.67, 11.60, 0.00, 5.05, 5.57
3649.00, 11.76, 11.62, 11.56, -7.84, -5.16, -4.05
3658.00, 11.81, 11.66, 11.52, 5.17, 4.15, -3.80
3669.00, 11.83, 11.61, 11.66, 0.00, -5.17, 13.37
3679.00, 11.65, 11.65, 11.59, -17.68, 4.16, -6.62
3689.00, 12.02, 11.62, 11.38, 36.57, -3.22, -20.35
3699.00, 11.79, 11.63, 11.78, -21.92, 0.00, 39.59
3710.00, 11.81, 11.65, 11.55, 2.42, 2.18, -22.66
3720.00, 11.86, 11.65, 11.61, 4.42, 0.00, 5.87
3730.00, 11.75, 11.64, 11.58, -10.11, 0.00, -2.93
3740.00, 11.83, 11.62, 11.55, 8.24, -2.44, -3.11
3751.00, 11.75, 11.62, 11.59, -7.87, 0.00, 3.42
3761.00, 11.90, 11.69, 11.61, 14.95, 6.27, 2.50
3771.00, 11.82, 11.61, 11.56, -7.92, -7.31, -4.95
3781.00, 11.68, 11.67, 11.58, -12.58, 5.64, 1.97
3792.00, 11.93, 11.61, 11.61, 24.98, -6.36, 2.98
3802.00, 11.82, 11.65, 11.59, -10.90, 4.53, 0.00
3812.00, 11.84, 11.37, 11.59, 1.97, -26.91, 0.00
3822.00, 11.83, 11.94, 11.58, 0.00, 58.58, 0.00
3833.00, 11.78, 11.66, 11.58, -4.37, -26.20, 0.00
3843.00, 11.87, 11.63, 11.55, 8.28, -2.88, -2.65
3853.00, 11.76, 11.63, 11.57, -10.17, 0.00, 0.00
3863.00, 11.86, 11.67, 11.63, 10.12, 3.99, 6.11
3874.00, 11.85, 11.61, 11.56, 0.00, -5.94, -7.22
3884.00, 11.73, 11.67, 11.62, -11.73, 5.50, 5.89
3894.00, 11.85, 11.61, 11.55, 12.09, -5.93, -6.75
3904.00, 11.64, 11.62, 11.63, -20.10, 0.00, 7.25
3914.00, 12.02, 11.68, 11.56, 37.44, 6.27, -6.76
3925.00, 11.81, 11.61, 11.63, -20.28, -7.74, 6.76
3935.00, 11.82, 11.65, 11.50, 0.00, 4.08, -12.10
3944.00, 11.84, 11.62, 11.67, 0.00, -2.40, 16.35
3954.00, 11.83, 11.66, 11.57, 0.00, 3.23, -9.32
3965.00, 11.77, 11.63, 11.63, -5.74, -2.85, 6.03
3975.00, 11.87, 11.67, 11.59, 8.99, 3.95, -4.07
3985.00, 11.87, 11.61, 11.56, 0.00, -6.53, -2.72
3995.00, 11.75, 11.64, 11.59, -11.46, 3.69, 2.52
4006.00, 11.84, 11.65, 11.63, 9.19, 0.00, 4.35
4016.00, 11.88, 11.62, 11.60, 3.78, -2.85, -3.78
4026.00, 11.74, 11.56, 11.51, -14.33, -6.70, -8.38
4036.00, 11.54, 11.70, 11.64, -19.41, 13.99, 12.99
4047.00, 12.18, 11.63, 11.62, 63.05, -6.57, -2.66
4057.00, 11.85, 11.66, 11.59, -31.61, 3.08, -2.64
4067.00, 11.81, 11.65, 11.57, -4.10, 0.00, -2.35
4077.00, 11.74, 11.61, 11.63, -6.71, -4.72, 6.35
4087.00, 11.86, 11.68, 11.55, 11.67, 7.77, -8.10
4097.00, 11.82, 11.61, 11.62, -3.90, -7.29, 6.76
4107.00, 11.83, 11.69, 11.57, 0.00, 7.36, -4.31
4117.00, 11.86, 11.60, 11.62, 3.03, -8.21, 4.66
4127.00, 11.77, 11.68, 11.59, -8.00, 7.76, -2.89
4138.00, 11.71, 11.62, 11.40, -5.98, -6.00, -18.28
4148.00, 11.98, 11.68, 11.78, 25.94, 5.94, 37.37
4158.00, 11.84, 11.64, 11.56, -13.90, -3.95, -22.22
4168.00, 11.84, 11.63, 11.62, 0.00, 0.00, 5.87
4179.00, 11.86, 11.69, 11.57, 2.11, 5.99, -4.31
4189.00, 11.82, 11.61, 11.61, -3.28, -8.22, 3.77
4199.00, 11.85, 11.67, 11.56, 2.53, 5.88, -4.78
4208.00, 11.75, 11.67, 11.64, -9.47, 0.00, 7.87
4219.00, 11.86, 11.67, 11.58, 11.16, 0.00, -6.55
4229.00, 11.84, 11.64, 11.57, -2.35, -2.75, 0.00
4239.00, 11.79, 11.66, 11.59, -4.73, 0.00, 2.08
4249.00, 11.89, 11.69, 11.60, 9.88, 2.75, 0.00
4260.00, 11.82, 11.64, 11.61, -7.07, -4.40, 0.00
4270.00, 11.85, 11.65, 11.59, 3.68, 0.00, -2.54
4280.00, 11.88, 11.68, 11.55, 2.36, 2.77, -3.23
4290.00, 11.74, 11.59, 11.61, -13.41, -8.87, 5.57
4301.00, 11.77, 11.72, 11.58, 2.59, 12.33, -3.16
4310.00, 12.01, 11.57, 11.63, 23.50, -14.61, 4.53
4320.00, 11.83, 11.70, 11.59, -17.57, 12.97, -3.53
4331.00, 11.82, 11.66, 11.57, 0.00, -3.98, -2.35
4340.00, 11.77, 11.69, 11.62, -4.43, 3.68, 5.44
4351.00, 11.88, 11.61, 11.56, 10.32, -8.23, -5.86
4361.00, 11.83, 11.66, 11.63, -4.84, 4.98, 6.32
4371.00, 11.83, 11.64, 11.59, 0.00, 0.00, -3.52
4381.00, 11.82, 11.64, 11.60, 0.00, 0.00, 0.00
4392.00, 11.94, 11.66, 11.60, 12.40, 0.00, 0.00
4401.00, 11.75, 11.69, 11.57, -18.40, 2.80, -2.68
4411.00, 11.84, 11.61, 11.62, 8.95, -7.76, 5.11
4421.00, 11.88, 11.66, 11.57, 4.01, 5.43, -5.22
4432.00, 11.85, 11.68, 11.62, -2.83, 2.25, 5.11
4442.00, 11.83, 11.62, 11.57, -2.52, -6.54, -4.76
4452.00, 11.88, 11.64, 11.55, 4.94, 1.92, -2.03
4462.00, 11.77, 11.66, 11.68, -10.49, 0.00, 12.80
4473.00, 11.82, 11.69, 11.52, 4.70, 3.15, -15.74
4483.00, 11.85, 11.60, 11.63, 2.28, -9.09, 10.75
4493.00, 11.84, 11.68, 11.66, 0.00, 8.59, 2.70
4503.00, 11.86, 11.64, 11.60, 2.58, -4.20, -6.09
4514.00, 11.83, 11.66, 11.57, -2.82, 0.00, -2.32
4523.00, 11.81, 11.65, 11.63, -2.64, 0.00, 5.55
4533.00, 11.83, 11.68, 11.57, 0.00, 2.79, -6.13
4543.00, 11.86, 11.64, 11.60, 3.51, -3.45, 2.94
4553.00, 11.80, 11.63, 11.56, -6.11, 0.00, -3.97
4564.00, 11.85, 11.69, 11.68, 4.97, 5.58, 11.58
4574.00, 11.85, 11.62, 11.53, 0.00, -7.32, -13.97
4584.00, 11.81, 11.67, 11.68, -3.18, 4.98, 14.14
4594.00, 11.84, 11.68, 11.52, 2.73, 0.00, -14.85
4605.00, 11.87, 11.62, 11.67, 3.06, -5.93, 14.11
4614.00, 11.84, 11.68, 11.63, -3.47, 5.43, -4.01
4624.00, 11.83, 11.65, 11.41, 0.00, -2.81, -21.31
4634.00, 11.75, 11.64, 11.78, -7.63, 0.00, 36.92
4645.00, 11.87, 11.70, 11.57, 11.22, 5.96, -20.46
4655.00, 11.81, 11.65, 11.63, -5.83, -4.90, 5.43
4665.00, 11.87, 11.63, 11.56, 6.49, 0.00, -7.05
4675.00, 11.88, 11.65, 11.60, 0.00, 0.00, 4.26
4686.00, 11.82, 11.65, 11.59, -5.07, 0.00, 0.00
4696.00, 11.79, 11.67, 11.61, -3.03, 0.00, 0.00
4706.00, 11.86, 11.69, 11.55, 6.69, 2.31, -5.46
4715.00, 11.87, 11.63, 11.69, 0.00, -6.10, 13.90
4725.00, 11.83, 11.68, 11.57, -4.38, 4.58, -12.10
4736.00, 11.85, 11.62, 11.63, 2.74, -5.48, 6.45
4746.00, 11.74, 11.66, 11.61, -10.84, 4.08, -2.22
4756.00, 11.87, 11.67, 11.61, 12.15, 0.00, 0.00
4766.00, 11.86, 11.65, 11.59, 0.00, 0.00, 0.00
4777.00, 11.84, 11.61, 11.39, -2.13, -4.41, -20.22
4787.00, 11.83, 11.65, 11.84, 0.00, 3.81, 45.34
4797.00, 11.86, 11.66, 11.57, 2.33, 0.00, -27.35
4807.00, 11.84, 11.67, 11.65, -2.08, 0.00, 8.20
4817.00, 11.89, 11.63, 11.61, 5.43, -4.22, -4.24
4827.00, 11.75, 11.68, 11.60, -13.91, 5.48, 0.00
4837.00, 11.86, 11.62, 11.59, 10.73, -6.39, 0.00
4847.00, 11.85, 11.68, 11.56, 0.00, 5.52, -2.87
4858.00, 11.88, 11.62, 11.69, 2.59, -5.52, 11.94
4868.00, 11.84, 11.68, 11.58, -4.02, 5.87, -10.82
4878.00, 11.85, 11.67, 11.64, 0.00, 0.00, 6.38
4888.00, 11.85, 11.66, 11.61, 0.00, 0.00, -3.39
4899.00, 11.81, 11.65, 11.53, -4.67, 0.00, -7.92
4909.00, 11.86, 11.66, 11.69, 5.07, 0.00, 15.79
4919.00, 11.85, 11.66, 11.58, 0.00, 0.00, -10.26
4929.00, 11.78, 11.63, 11.64, -7.13, -3.30, 6.04
4938.00, 11.85, 11.69, 11.58, 6.38, 6.39, -6.34
4949.00, 11.85, 11.65, 11.63, 0.00, -4.65, 5.00
4959.00, 11.89, 11.65, 11.60, 4.02, 0.00, -3.31
4969.00, 11.81, 11.68, 11.61, -7.66, 2.64, 0.00
4979.00, 11.83, 11.64, 11.57, 2.71, -3.27, -3.48
4990.00, 11.79, 11.66, 11.63, -4.64, 0.00, 5.57
5000.00, 11.88, 11.66, 11.61, 8.92, 0.00, -2.39