0,0,0,0,0,0,0
10.00, 0.00, 0.00, 0.00, 0.00, 0.00, 0.00
20.00, 1.37, 1.27, 1.27, 147.55, 113.08, 113.30
30.00, 2.26, 2.36, 2.37, 90.42, 115.72, 109.94
40.00, 3.30, 3.21, 3.32, 98.23, 81.88, 93.73
50.00, 4.04, 4.00, 4.16, 73.17, 77.02, 78.82
60.00, 4.89, 4.91, 4.93, 83.53, 90.34, 77.41
71.00, 5.51, 5.44, 5.56, 66.18, 55.51, 66.65
81.00, 6.15, 6.17, 6.17, 63.07, 72.31, 59.61
91.00, 6.67, 6.69, 6.74, 50.75, 51.60, 55.79
101.00, 7.11, 7.21, 7.18, 43.16, 49.81, 43.14
112.00, 7.57, 7.61, 7.71, 44.57, 39.55, 51.79
122.00, 8.04, 8.06, 8.06, 47.21, 44.13, 34.73
132.00, 8.40, 8.30, 8.37, 34.04, 23.62, 29.56
142.00, 8.75, 8.76, 8.86, 34.24, 45.15, 47.81
153.00, 9.09, 9.12, 9.04, 32.97, 34.51, 17.35
162.00, 9.24, 9.29, 9.29, 17.22, 19.07, 27.17
172.00, 9.60, 9.42, 9.37, 34.60, 11.89, 7.36
182.00, 9.66, 9.66, 9.51, 6.30, 24.03, 13.74
193.00, 9.87, 9.79, 9.79, 20.50, 13.01, 27.51
203.00, 10.07, 9.98, 9.88, 21.56, 19.35, 10.11
213.00, 10.08, 10.04, 9.92, 0.00, 6.27, 4.09
223.00, 10.17, 10.12, 10.05, 9.02, 8.13, 12.44
233.00, 10.37, 10.36, 10.17, 19.96, 23.46, 11.91
243.00, 10.42, 10.41, 10.27, 4.59, 4.97, 9.99
253.00, 10.57, 10.43, 10.37, 14.92, 2.16, 10.23
263.00, 10.56, 10.68, 10.54, 0.00, 25.29, 16.51
273.00, 10.57, 10.75, 10.61, 0.00, 6.57, 7.19
283.00, 10.82, 10.79, 10.68, 25.96, 4.47, 7.22
293.00, 10.88, 10.91, 10.83, 5.74, 11.59, 14.74
303.00, 10.81, 10.94, 10.83, -6.47, 3.33, 0.00
313.00, 10.99, 10.86, 10.82, 17.69, -7.64, 0.00
324.00, 10.86, 10.97, 10.81, -12.56, 11.03, 0.00
334.00, 10.96, 10.96, 10.89, 9.83, 0.00, 8.01
343.00, 10.98, 10.99, 10.91, 2.72, 3.18, 0.00
353.00, 11.04, 11.00, 10.88, 6.06, 0.00, -3.47
364.00, 11.09, 11.08, 11.09, 4.28, 8.12, 21.25
374.00, 11.08, 11.14, 11.04, 0.00, 5.70, -4.86
383.00, 11.09, 11.22, 11.15, 0.00, 8.01, 11.10
393.00, 11.26, 11.21, 11.15, 17.20, 0.00, 0.00
403.00, 11.21, 11.30, 11.18, -4.33, 8.95, 3.46
414.00, 11.30, 11.24, 11.26, 9.13, -6.20, 7.63
424.00, 11.22, 11.25, 11.10, -8.07, 0.00, -16.29
433.00, 11.32, 11.24, 11.23, 9.97, 0.00, 13.57
443.00, 11.30, 11.17, 11.23, 0.00, -6.96, 0.00
454.00, 11.32, 11.20, 11.19, 0.00, 2.15, -4.61
464.00, 11.38, 11.22, 11.20, 6.00, 1.99, 0.00
474.00, 11.31, 11.23, 11.26, -6.45, 0.00, 5.66
484.00, 11.34, 11.21, 11.24, 3.04, 0.00, 0.00
495.00, 11.43, 11.27, 11.35, 8.15, 5.52, 10.63
505.00, 11.44, 11.35, 11.36, 0.00, 8.04, 0.00
515.00, 11.38, 11.45, 11.37, -6.30, 10.02, 0.00
525.00, 11.46, 11.29, 11.35, 7.53, -15.93, -2.17
536.00, 11.40, 11.25, 11.31, -5.44, -3.35, -3.93
546.00, 11.43, 11.27, 11.18, 3.29, 2.25, -12.52
556.00, 11.48, 11.29, 11.27, 4.10, 0.00, 8.96
566.00, 11.39, 11.23, 11.25, -8.82, -5.67, -2.25
575.00, 11.40, 11.31, 11.24, 0.00, 7.76, 0.00
586.00, 11.48, 11.34, 11.24, 7.31, 2.72, 0.00
596.00, 11.50, 11.39, 11.30, 2.59, 5.57, 5.53
605.00, 11.52, 11.39, 11.38, 0.00, 0.00, 8.92
615.00, 11.41, 11.46, 11.37, -11.48, 6.87, 0.00
626.00, 11.63, 11.45, 11.41, 22.33, 0.00, 3.68
636.00, 11.47, 11.46, 11.43, -15.92, 0.00, 2.28
646.00, 11.50, 11.35, 11.37, 3.63, -10.69, -5.85
656.00, 11.56, 11.29, 11.35, 5.41, -5.77, -2.19
666.00, 11.49, 11.32, 11.33, -7.11, 3.11, 0.00
676.00, 11.53, 11.29, 11.35, 4.43, -3.65, 0.00
686.00, 11.52, 11.26, 11.40, 0.00, -2.87, 4.66
696.00, 11.52, 11.31, 11.39, 0.00, 4.78, 0.00
707.00, 11.58, 11.33, 11.36, 5.81, 2.60, -3.14
717.00, 11.55, 11.30, 11.41, -2.55, -3.29, 5.52
727.00, 11.62, 11.42, 11.39, 6.94, 11.72, -2.76
737.00, 11.55, 11.42, 11.57, -6.75, 0.00, 17.60
748.00, 11.66, 11.44, 11.44, 10.48, 0.00, -12.80
758.00, 11.46, 11.48, 11.36, -19.11, 3.79, -7.19
768.00, 11.57, 11.38, 11.39, 10.23, -9.12, 2.10
777.00, 11.43, 11.39, 11.31, -13.15, 0.00, -7.45
787.00, 11.46, 11.43, 11.32, 2.57, 3.73, 0.00
798.00, 11.45, 11.41, 11.26, 0.00, 0.00, -6.08
808.00, 11.53, 11.46, 11.35, 8.30, 4.58, 8.23
818.00, 11.50, 11.45, 11.33, -3.44, 0.00, 0.00
828.00, 11.41, 11.44, 11.42, -8.04, 0.00, 8.35
839.00, 11.61, 11.50, 11.40, 19.84, 6.33, 0.00
849.00, 11.54, 11.52, 11.46, -6.60, 2.08, 5.23
859.00, 11.53, 11.44, 11.45, 0.00, -8.18, 0.00
869.00, 11.57, 11.36, 11.40, 3.84, -7.92, -4.44
880.00, 11.48, 11.34, 11.39, -7.85, -2.11, 0.00
890.00, 11.39, 11.33, 11.39, -9.72, 0.00, 0.00
900.00, 11.51, 11.34, 11.36, 11.64, 0.00, -2.79
910.00, 11.50, 11.31, 11.41, 0.00, -3.02, 4.77
921.00, 11.50, 11.38, 11.47, 0.00, 7.10, 5.01
931.00, 11.51, 11.33, 11.46, 0.00, -5.34, 0.00
941.00, 11.52, 11.43, 11.26, 0.00, 10.07, -18.45
951.00, 11.55, 11.39, 11.76, 3.05, -4.17, 49.41
962.00, 11.59, 11.52, 11.41, 4.25, 12.27, -34.52
972.00, 11.53, 11.38, 11.51, -5.47, -13.10, 9.64
982.00, 11.56, 11.30, 11.38, 2.35, -7.80, -12.21
992.00, 11.49, 11.39, 11.48, -6.66, 8.30, 9.07
1002.00, 11.53, 11.26, 11.37, 3.60, -11.81, -9.90
1013.00, 11.59, 11.28, 11.43, 5.94, 0.00, 5.60
1023.00, 11.50, 11.32, 11.40, -8.44, 3.54, -2.97
1033.00, 11.56, 11.36, 11.42, 5.19, 4.28, 2.22
1043.00, 11.60, 11.33, 11.50, 4.40, -3.01, 7.45
1054.00, 11.50, 11.42, 11.41, -9.88, 8.81, -8.47
1064.00, 11.63, 11.48, 11.57, 12.07, 5.73, 14.99
1074.00, 11.56, 11.45, 11.54, -5.94, -2.97, -2.61
1084.00, 11.56, 11.27, 11.40, 0.00, -17.04, -13.23
1096.00, 11.52, 11.27, 11.50, -3.67, 0.00, 9.28
1106.00, 11.49, 11.35, 11.27, -3.30, 7.66, -22.21
1116.00, 11.54, 11.28, 11.51, 4.34, -6.86, 23.03
1126.00, 11.53, 11.31, 11.31, 0.00, 3.44, -18.80
1137.00, 11.49, 11.39, 11.49, -3.88, 7.69, 17.77
1147.00, 11.55, 11.33, 11.44, 5.86, -5.52, -5.30
1157.00, 11.57, 11.48, 11.42, 0.00, 14.30, 0.00
1167.00, 11.54, 11.45, 11.52, -3.25, -3.06, 9.23
1178.00, 11.61, 11.50, 11.46, 7.20, 5.41, -5.27
1188.00, 11.64, 11.51, 11.55, 2.67, 0.00, 8.47
1198.00, 11.51, 11.33, 11.43, -12.60, -17.84, -11.96
1208.00, 11.64, 11.24, 11.49, 12.71, -8.73, 5.84
1219.00, 11.59, 11.34, 11.45, -5.62, 9.22, -3.40
1229.00, 11.51, 11.26, 11.35, -7.34, -7.71, -9.69
1239.00, 11.60, 11.28, 11.54, 8.96, 2.14, 18.87
1249.00, 11.57, 11.32, 11.46, -2.91, 4.22, -7.56
1260.00, 11.63, 11.16, 11.46, 6.07, -15.61, 0.00
1270.00, 11.53, 11.57, 11.53, -10.05, 39.52, 6.72
1281.00, 11.72, 11.41, 11.53, 18.17, -15.85, 0.00
1291.00, 11.65, 11.49, 11.54, -6.93, 8.10, 0.00
1302.00, 11.45, 11.48, 11.48, -19.54, 0.00, -5.90
1312.00, 11.58, 11.23, 11.52, 12.92, -24.84, 3.68
1322.00, 11.47, 11.60, 11.43, -10.26, 36.12, -8.08
1332.00, 11.37, 11.41, 11.42, -9.96, -17.78, 0.00
1342.00, 11.48, 11.39, 11.45, 10.96, 0.00, 3.27
1353.00, 11.44, 11.40, 11.40, -4.07, 0.00, -5.44
1363.00, 11.48, 11.48, 11.48, 3.79, 6.88, 8.64
1373.00, 11.42, 11.41, 11.44, -6.05, -6.07, -3.93
1383.00, 11.54, 11.55, 11.50, 11.36, 13.25, 5.71
1394.00, 11.53, 11.52, 11.53, 0.00, -2.23, 2.93
1404.00, 11.49, 11.41, 11.50, -3.88, -10.82, -3.45
1414.00, 11.54, 11.40, 11.56, 4.11, 0.00, 6.30
1424.00, 11.51, 11.32, 11.51, -2.59, -8.18, -5.19
1435.00, 11.44, 11.32, 11.45, -6.71, 0.00, -5.37
1445.00, 11.50, 11.32, 11.43, 5.27, 0.00, -2.23
1455.00, 11.45, 11.36, 11.51, -4.94, 3.42, 7.87
1465.00, 11.43, 11.32, 11.46, 0.00, -4.30, -5.37
1476.00, 11.54, 11.36, 11.54, 10.91, 4.79, 8.30
1486.00, 11.52, 11.47, 11.54, 0.00, 9.93, 0.00
1496.00, 11.52, 11.28, 11.55, 0.00, -18.51, 0.00
1506.00, 11.58, 11.69, 11.58, 6.05, 40.63, 2.78
1517.00, 11.42, 11.43, 11.50, -15.36, -25.65, -6.92
1528.00, 11.53, 11.42, 11.43, 10.72, 0.00, -7.22
1538.00, 11.46, 11.44, 11.57, -6.84, 1.98, 13.39
1548.00, 11.49, 11.34, 11.53, 2.99, -9.82, -3.48
1559.00, 11.41, 11.39, 11.41, -7.61, 5.13, -11.93
1569.00, 11.46, 11.33, 11.56, 4.88, -6.37, 14.54
1579.00, 11.39, 11.44, 11.51, -6.74, 11.19, -4.50
1589.00, 11.49, 11.37, 11.56, 8.84, -6.87, 5.02
1599.00, 11.52, 11.50, 11.57, 3.01, 11.83, 0.00
1610.00, 11.45, 11.54, 11.55, -6.40, 4.32, -2.36
1620.00, 11.57, 11.46, 11.56, 11.27, -7.64, 0.00
1630.00, 11.51, 11.42, 11.56, -5.07, -4.34, 0.00
1640.00, 11.48, 11.32, 11.53, -3.56, -9.46, -3.25
1652.00, 11.44, 11.35, 11.30, -3.11, 3.03, -21.72
1662.00, 11.51, 11.27, 11.56, 6.28, -7.56, 25.42
1672.00, 11.51, 11.25, 11.36, 0.00, 0.00, -19.48
1682.00, 11.48, 11.44, 11.54, -2.85, 18.05, 18.01
1693.00, 11.55, 11.31, 11.45, 6.73, -12.73, -8.44
1703.00, 11.54, 11.50, 11.49, 0.00, 18.18, 3.15
1713.00, 11.57, 11.52, 11.48, 2.46, 2.88, 0.00
1723.00, 11.56, 11.50, 11.55, 0.00, -2.21, 7.10
1734.00, 11.58, 11.56, 11.51, 0.00, 5.35, -3.55
1744.00, 11.48, 11.40, 11.58, -9.34, -15.25, 6.30
1754.00, 11.51, 11.36, 11.50, 2.62, -3.42, -6.92
1764.00, 11.54, 11.32, 11.42, 3.47, -4.73, -8.05
1775.00, 11.40, 11.36, 11.48, -13.66, 3.92, 5.68
1785.00, 11.50, 11.35, 11.47, 9.28, 0.00, 0.00
1795.00, 11.49, 11.37, 11.44, 0.00, 0.00, -2.95
1805.00, 11.47, 11.40, 11.60, 0.00, 3.17, 16.39
1816.00, 11.57, 11.48, 11.49, 9.61, 7.37, -10.74
1826.00, 11.60, 11.47, 11.53, 2.64, 0.00, 3.76
1836.00, 11.56, 11.53, 11.58, -3.50, 6.29, 4.98
1846.00, 11.44, 11.56, 11.57, -12.45, 3.05, 0.00
1857.00, 11.46, 11.47, 11.46, 2.70, -9.35, -10.70
1867.00, 11.33, 11.50, 11.50, -12.65, 3.51, 3.69
1877.00, 11.40, 11.33, 11.48, 6.41, -16.68, 0.00
1887.00, 11.35, 11.59, 11.43, -4.73, 25.60, -4.96
1897.00, 11.40, 11.50, 11.44, 4.96, -8.56, 0.00
1908.00, 11.38, 11.47, 11.44, 0.00, -3.15, 0.00
1918.00, 11.36, 11.44, 11.42, -2.26, -2.36, -2.22
1928.00, 11.39, 11.58, 11.52, 2.96, 13.29, 9.62
1938.00, 11.52, 11.55, 11.38, 12.30, -2.44, -13.47
1949.00, 11.50, 11.55, 11.68, 0.00, 0.00, 29.40
1959.00, 11.51, 11.43, 11.49, 0.00, -12.00, -18.75
1969.00, 11.37, 11.42, 11.54, -13.39, 0.00, 4.55
1979.00, 11.48, 11.32, 11.48, 10.88, -9.65, -5.15
1991.00, 11.35, 11.46, 11.41, -12.88, 14.23, -7.17
2001.00, 11.42, 11.40, 11.50, 7.09, -5.64, 8.42
2011.00, 11.36, 11.38, 11.50, -5.91, -2.48, 0.00
2021.00, 11.50, 11.38, 11.50, 13.04, 0.00, 0.00
2032.00, 11.41, 11.53, 11.52, -8.26, 14.86, 2.59
2042.00, 11.50, 11.58, 11.46, 7.99, 4.54, -6.41
2052.00, 11.57, 11.30, 11.60, 7.18, -26.70, 13.93
2062.00, 11.39, 11.72, 11.53, -17.38, 40.62, -6.53
2073.00, 11.50, 11.51, 11.48, 11.07, -20.06, -5.26
2083.00, 11.28, 11.46, 11.49, -21.09, -4.57, 0.00
2093.00, 11.63, 11.20, 11.41, 34.05, -25.32, -7.61
2104.00, 11.36, 11.63, 11.48, -25.76, 41.54, 6.70
2115.00, 11.45, 11.45, 11.45, 8.12, -17.69, -2.67
2125.00, 11.49, 11.47, 11.46, 4.26, 2.55, 0.00
2135.00, 11.42, 11.42, 11.48, -6.94, -4.98, 0.00
2145.00, 11.52, 11.55, 11.47, 9.18, 12.24, 0.00
2156.00, 11.48, 11.52, 11.52, -3.28, -2.38, 4.91
2166.00, 11.56, 11.56, 11.57, 7.17, 3.75, 4.17
2176.00, 11.47, 11.51, 11.54, -8.17, -5.16, -2.61
2186.00, 11.41, 11.35, 11.47, -5.86, -15.49, -6.77
2196.00, 11.46, 11.42, 11.42, 4.23, 6.44, -4.41
2207.00, 11.43, 11.39, 11.40, -2.61, -2.15, -2.41
2217.00, 11.50, 11.44, 11.44, 6.45, 4.76, 3.81
2227.00, 11.41, 11.40, 11.41, -8.68, -4.72, -2.96
2237.00, 11.50, 11.49, 11.43, 8.42, 9.19, 2.33
2248.00, 11.45, 11.46, 11.43, -4.59, -3.29, 0.00
2258.00, 11.59, 11.57, 11.49, 14.29, 11.58, 5.25
2268.00, 11.54, 11.55, 11.43, -4.91, -2.15, -5.71
2278.00, 11.56, 11.61, 11.55, 0.00, 5.86, 12.07
2289.00, 11.55, 11.43, 11.55, 0.00, -17.68, 0.00
2299.00, 11.45, 11.40, 11.44, -9.79, -3.37, -11.12
2309.00, 11.55, 11.39, 11.44, 9.17, 0.00, 0.00
2319.00, 11.48, 11.41, 11.39, -7.12, 0.00, -5.46
2330.00, 11.54, 11.43, 11.41, 6.10, 1.96, 2.14
2340.00, 11.47, 11.40, 11.48, -7.21, -2.53, 7.03
2350.00, 11.56, 11.37, 11.39, 9.35, -3.09, -8.93
2360.00, 11.61, 11.53, 11.46, 4.40, 15.33, 7.04
2371.00, 11.59, 11.56, 11.47, 0.00, 2.61, 0.00
2381.00, 11.57, 11.54, 11.49, 0.00, 0.00, 2.18
2391.00, 11.49, 11.57, 11.45, -8.30, 2.94, -4.04
2401.00, 11.55, 11.55, 11.47, 5.78, -2.18, 2.25
2412.00, 11.50, 11.48, 11.35, -5.02, -6.34, -11.97
2423.00, 11.37, 11.52, 11.44, -11.87, 3.24, 8.77
2433.00, 11.45, 11.51, 11.35, 7.53, 0.00, -8.94
2443.00, 11.39, 11.48, 11.41, -6.32, -2.84, 5.98
2454.00, 11.51, 11.56, 11.36, 11.74, 7.12, -5.16
2464.00, 11.36, 11.53, 11.42, -14.64, -2.26, 6.21
2474.00, 11.47, 11.54, 11.40, 10.94, 0.00, -2.46
2484.00, 11.58, 11.59, 11.50, 10.42, 5.44, 9.27
2494.00, 11.45, 11.58, 11.48, -12.42, 0.00, 0.00
2505.00, 11.57, 11.52, 11.47, 12.61, -6.03, 0.00
2515.00, 11.50, 11.42, 11.34, -7.66, -9.58, -12.58
2525.00, 11.43, 11.45, 11.50, -6.75, 3.48, 16.10
2535.00, 11.47, 11.39, 11.44, 4.55, -6.04, -5.89
2546.00, 11.45, 11.45, 11.36, -2.31, 5.63, -8.56
2556.00, 11.50, 11.39, 11.46, 4.83, -5.18, 9.95
2566.00, 11.42, 11.49, 11.42, -7.61, 9.61, -3.90
2576.00, 11.53, 11.48, 11.49, 10.17, 0.00, 7.00
2587.00, 11.56, 11.54, 11.45, 3.48, 5.85, -3.93
2597.00, 11.61, 11.43, 11.53, 4.40, -9.80, 8.02
2607.00, 11.52, 11.73, 11.42, -8.13, 28.86, -10.68
2617.00, 11.56, 11.42, 11.41, 3.75, -29.33, 0.00
2628.00, 11.55, 11.55, 11.46, 0.00, 12.51, 4.57
2638.00, 11.54, 11.44, 11.40, 0.00, -10.97, -6.04
2649.00, 11.47, 11.43, 11.32, -6.77, 0.00, -7.84
2658.00, 11.60, 11.45, 11.43, 12.53, 2.50, 10.75
2670.00, 11.52, 11.46, 11.36, -7.87, 0.00, -6.42
2680.00, 11.49, 11.50, 11.45, -2.42, 3.87, 7.95
2690.00, 11.62, 11.48, 11.37, 12.28, -2.64, -7.63
2700.00, 11.58, 11.59, 11.50, -3.37, 11.52, 13.08
2711.00, 11.58, 11.59, 11.48, 0.00, 0.00, -2.57
2721.00, 11.55, 11.52, 11.46, -3.24, -6.45, -1.99
2731.00, 11.38, 11.36, 11.51, -15.75, -15.55, 5.41
2741.00, 11.68, 11.38, 11.41, 28.59, 0.00, -9.74
2751.00, 11.61, 11.38, 11.36, -7.25, 0.00, -5.49
2762.00, 11.49, 11.32, 11.33, -11.12, -6.52, -2.61
2772.00, 11.53, 11.46, 11.43, 3.37, 14.33, 9.63
2782.00, 11.58, 11.43, 11.41, 5.06, -3.38, -2.10
2792.00, 11.62, 11.45, 11.43, 3.98, 0.00, 2.42
2803.00, 11.52, 11.51, 11.37, -9.46, 6.13, -5.71
2813.00, 11.61, 11.60, 11.54, 8.48, 8.75, 16.65
2824.00, 11.64, 11.55, 11.53, 2.60, -4.17, 0.00
2834.00, 11.59, 11.47, 11.43, -4.45, -8.60, -9.36
2845.00, 11.58, 11.40, 11.55, 0.00, -6.67, 11.95
2855.00, 11.53, 11.39, 11.38, -5.47, 0.00, -16.66
2865.00, 11.59, 11.36, 11.43, 6.31, -2.49, 4.92
2875.00, 11.64, 11.42, 11.34, 4.34, 5.55, -9.25
2886.00, 11.61, 11.35, 11.48, -2.66, -6.40, 14.32
2896.00, 11.63, 11.45, 11.40, 0.00, 9.94, -8.25
2906.00, 11.58, 11.42, 11.45, -5.07, -3.03, 4.47
2916.00, 11.67, 11.53, 11.41, 8.46, 10.61, -3.69
2927.00, 11.67, 11.56, 11.45, 0.00, 2.61, 4.24
2937.00, 11.68, 11.52, 11.52, 0.00, -4.14, 6.05
2947.00, 11.63, 11.50, 11.44, -5.48, 0.00, -7.83
2957.00, 11.48, 11.47, 11.20, -14.24, -3.15, -22.68
2968.00, 11.52, 11.47, 11.60, 3.81, 0.00, 38.68
2978.00, 11.57, 11.49, 11.43, 4.17, 2.11, -17.30
2988.00, 11.54, 11.41, 11.36, -2.18, -7.81, -6.42
2998.00, 11.46, 11.48, 11.43, -8.51, 7.12, 7.33
3009.00, 11.54, 11.54, 11.38, 8.46, 5.61, -5.16
3019.00, 11.58, 11.48, 11.49, 3.06, -6.34, 10.46
3029.00, 11.57, 11.57, 11.43, 0.00, 9.36, -5.66
3039.00, 11.59, 11.59, 11.53, 2.01, 2.20, 9.75
3049.00, 11.59, 11.43, 11.45, 0.00, -16.34, -8.47
3060.00, 11.54, 11.48, 11.51, -4.36, 5.24, 6.56
3070.00, 11.48, 11.39, 11.49, -5.90, -8.64, -2.15
3081.00, 11.54, 11.40, 11.44, 5.42, 0.00, -4.95
3090.00, 11.55, 11.34, 11.37, 0.00, -6.03, -7.01
3101.00, 11.48, 11.41, 11.54, -7.56, 7.05, 16.69
3112.00, 11.54, 11.45, 11.46, 5.75, 3.17, -7.12
3122.00, 11.57, 11.46, 11.47, 2.89, 0.00, 0.00
3131.00, 11.57, 11.53, 11.54, 0.00, 6.90, 7.09
3142.00, 11.67, 11.51, 11.50, 9.14, 0.00, -4.71
3152.00, 11.55, 11.55, 11.51, -11.43, 4.11, 0.00
3163.00, 11.63, 11.53, 11.40, 7.50, -2.17, -10.62
3173.00, 11.58, 11.36, 11.49, -4.24, -15.98, 7.98
3184.00, 11.59, 11.46, 11.48, 0.00, 9.57, 0.00
3194.00, 11.62, 11.36, 11.42, 2.52, -9.97, -5.85
3204.00, 11.54, 11.43, 11.39, -7.63, 6.86, -3.09
3214.00, 11.60, 11.39, 11.47, 5.87, -3.85, 7.90
3225.00, 11.61, 11.36, 11.44, 0.00, -3.49, -3.21
3235.00, 11.63, 11.54, 11.49, 2.22, 17.98, 5.28
3245.00, 11.64, 11.56, 11.48, 0.00, 0.00, 0.00
3255.00, 11.63, 11.37, 11.50, 0.00, -18.12, 0.00
3266.00, 11.63, 11.71, 11.48, 0.00, 33.39, 0.00
3276.00, 11.52, 11.39, 11.55, -11.68, -32.03, 7.41
3286.00, 11.56, 11.35, 11.51, 4.61, -3.04, -4.07
3296.00, 11.57, 11.33, 11.41, 0.00, -2.55, -9.56
3306.00, 11.59, 11.34, 11.45, 2.19, 0.00, 3.80
3317.00, 11.52, 11.30, 11.40, -7.24, -3.45, -4.75
3327.00, 11.60, 11.47, 11.48, 8.07, 16.44, 7.41
3337.00, 11.58, 11.48, 11.45, 0.00, 0.00, -3.06
3347.00, 11.55, 11.45, 11.53, -2.80, -3.19, 7.95
3358.00, 11.63, 11.56, 11.49, 7.16, 11.37, -3.97
3368.00, 11.63, 11.46, 11.53, 0.00, -9.44, 3.80
3378.00, 11.67, 11.55, 11.55, 3.97, 8.64, 2.43
3388.00, 11.61, 11.43, 11.49, -5.77, -11.54, -6.22
3399.00, 11.50, 11.30, 11.49, -10.83, -12.93, 0.00
3409.00, 11.58, 11.38, 11.49, 7.84, 7.10, 0.00
3419.00, 11.72, 11.24, 11.46, 13.75, -12.99, -2.68
3430.00, 11.60, 11.43, 11.34, -11.00, 19.06, -11.49
3441.00, 11.65, 11.38, 11.61, 4.25, -4.74, 26.49
3451.00, 11.64, 11.39, 11.42, 0.00, 0.00, -19.02
3461.00, 11.72, 11.47, 11.50, 8.06, 7.90, 7.99
3471.00, 11.73, 11.54, 11.41, 0.00, 6.91, -8.90
3482.00, 11.70, 11.48, 11.56, -2.21, -6.34, 14.54
3492.00, 11.61, 11.46, 11.55, -8.68, 0.00, 0.00
3502.00, 11.53, 11.44, 11.49, -7.65, -2.64, -6.15
3513.00, 11.56, 11.39, 11.51, 2.44, -4.89, 2.35
3524.00, 11.48, 11.46, 11.43, -8.09, 6.87, -8.05
3534.00, 11.54, 11.39, 11.48, 6.29, -6.90, 5.25
3544.00, 11.50, 11.47, 11.45, -3.45, 8.26, -3.06
3554.00, 11.47, 11.44, 11.51, -3.59, -3.05, 5.85
3565.00, 11.53, 11.51, 11.37, 5.77, 7.14, -13.59
3575.00, 11.61, 11.55, 11.56, 8.16, 4.00, 18.41
3585.00, 11.59, 11.57, 11.54, 0.00, 0.00, -2.61
3595.00, 11.48, 11.45, 11.45, -10.84, -12.00, -8.07
3606.00, 11.52, 11.42, 11.55, 3.24, -2.68, 9.33
3616.00, 11.53, 11.40, 11.54, 0.00, -2.42, 0.00
3626.00, 11.46, 11.40, 11.49, -7.13, 0.00, -4.89
3636.00, 11.48, 11.36, 11.52, 0.00, -3.43, 3.78
3646.00, 11.56, 11.35, 11.46, 8.46, 0.00, -6.58
3657.00, 11.48, 11.42, 11.39, -8.31, 7.06, -6.47
3667.00, 11.56, 11.46, 11.60, 7.88, 3.59, 20.27
3677.00, 11.62, 11.49, 11.56, 5.59, 3.42, -3.50
3687.00, 11.61, 11.50, 11.58, 0.00, 0.00, 0.00
3698.00, 11.61, 11.49, 11.53, 0.00, 0.00, -5.16
3708.00, 11.63, 11.54, 11.43, 0.00, 5.12, -9.87
3718.00, 11.48, 11.45, 11.55, -14.24, -8.74, 11.81
3728.00, 11.55, 11.40, 11.53, 6.36, -4.53, -1.96
3739.00, 11.55, 11.30, 11.51, 0.00, -9.71, 0.00
3749.00, 11.49, 11.49, 11.48, -6.34, 18.69, -3.28
3759.00, 11.54, 11.39, 11.52, 5.42, -9.72, 3.68
3769.00, 11.56, 11.46, 11.46, 0.00, 7.11, -5.81
3780.00, 11.59, 11.47, 11.52, 3.51, 0.00, 5.68
3790.00, 11.54, 11.53, 11.48, -5.47, 5.67, -3.57
3800.00, 11.35, 11.61, 11.52, -17.90, 7.91, 3.20
3810.00, 11.90, 11.55, 11.58, 53.35, -5.48, 5.91
3821.00, 11.55, 11.43, 11.54, -33.92, -12.12, -3.28
3831.00, 11.53, 11.23, 11.55, -1.96, -19.25, 0.00
3842.00, 11.56, 11.53, 11.44, 3.31, 29.07, -10.84
3852.00, 11.54, 11.36, 11.43, -2.41, -16.57, 0.00
3863.00, 11.52, 11.33, 11.47, 0.00, -2.58, 3.76
3873.00, 11.57, 11.49, 11.41, 4.54, 16.07, -5.64
3883.00, 11.61, 11.47, 11.53, 3.52, 0.00, 11.44
3893.00, 11.59, 11.46, 11.47, 0.00, 0.00, -5.72
3903.00, 11.57, 11.58, 11.54, -2.44, 12.03, 7.16
3914.00, 11.64, 11.55, 11.54, 7.15, -2.33, 0.00
3924.00, 11.61, 11.53, 11.56, -3.13, -2.52, 0.00
3934.00, 11.44, 11.47, 11.52, -16.40, -5.40, -3.70
3944.00, 11.57, 11.31, 11.58, 11.96, -15.99, 5.42
3955.00, 11.53, 11.45, 11.51, -3.26, 13.85, -6.63
3965.00, 11.52, 11.43, 11.52, 0.00, -2.01, 0.00
3975.00, 11.60, 11.39, 11.47, 7.70, -3.45, -5.03
3985.00, 11.49, 11.49, 11.53, -10.22, 9.16, 5.85
3996.00, 11.55, 11.41, 11.50, 5.92, -7.80, -2.15
4007.00, 11.64, 11.57, 11.44, 8.70, 15.96, -5.89
4017.00, 11.62, 11.59, 11.54, -2.05, 0.00, 9.76
4027.00, 11.64, 11.59, 11.53, 2.11, 0.00, 0.00
4038.00, 11.49, 11.49, 11.51, -15.19, -10.68, 0.00
4048.00, 11.50, 11.53, 11.50, 0.00, 4.34, 0.00
4058.00, 11.45, 11.46, 11.48, -4.50, -6.69, -2.85
4068.00, 11.50, 11.48, 11.51, 4.83, 0.00, 3.53
4079.00, 11.45, 11.42, 11.43, -5.38, -5.21, -7.42
4089.00, 11.49, 11.51, 11.50, 4.68, 8.78, 6.27
4099.00, 11.39, 11.48, 11.46, -9.95, -3.08, -4.05
4109.00, 11.34, 11.52, 11.51, -4.68, 4.11, 4.82
4120.00, 11.77, 11.57, 11.50, 41.91, 4.42, 0.00
4130.00, 11.47, 11.61, 11.48, -28.75, 3.83, 0.00
4140.00, 11.56, 11.49, 11.56, 8.19, -11.20, 7.60
4150.00, 11.50, 11.45, 11.54, -5.47, -4.46, 0.00
4161.00, 11.39, 11.43, 11.52, -10.18, 0.00, 0.00
4171.00, 11.49, 11.45, 11.58, 9.16, 2.48, 5.86
4181.00, 11.41, 11.34, 11.36, -7.82, -11.25, -21.37
4191.00, 11.45, 11.45, 11.59, 4.24, 10.61, 21.32
4201.00, 11.47, 11.46, 11.59, 0.00, 0.00, 0.00
4212.00, 11.46, 11.49, 11.57, 0.00, 3.77, -2.35
4222.00, 11.52, 11.49, 11.54, 5.44, 0.00, -2.68
4232.00, 11.58, 11.58, 11.59, 6.50, 8.50, 5.42
4242.00, 11.57, 11.59, 11.49, 0.00, 0.00, -10.24
4253.00, 11.50, 11.52, 11.52, -6.78, -7.24, 3.03
4263.00, 11.53, 11.52, 11.51, 2.58, 0.00, 0.00
4273.00, 11.49, 11.47, 11.49, -4.00, -4.47, -1.97
4283.00, 11.51, 11.47, 11.54, 2.18, 0.00, 4.44
4294.00, 11.45, 11.43, 11.46, -5.37, -4.35, -7.91
4304.00, 11.51, 11.50, 11.36, 5.69, 7.13, -9.86
4314.00, 11.54, 11.52, 11.56, 3.03, 2.16, 19.80
4324.00, 11.45, 11.52, 11.52, -8.98, 0.00, -3.76
4335.00, 11.61, 11.58, 11.47, 15.38, 6.74, -4.28
4345.00, 11.59, 11.65, 11.45, 0.00, 6.16, -2.00
4355.00, 11.60, 11.62, 11.54, 0.00, -3.13, 8.46
4365.00, 11.45, 11.48, 11.43, -14.25, -12.96, -10.23
4377.00, 11.51, 11.45, 11.61, 4.96, -2.87, 16.55
4387.00, 11.49, 11.45, 11.43, 0.00, 0.00, -17.81
4397.00, 11.54, 11.40, 11.46, 4.88, -4.75, 3.48
4407.00, 11.44, 11.47, 11.39, -9.65, 6.52, -7.33
4418.00, 11.58, 11.45, 11.40, 13.36, 0.00, 0.00
4428.00, 11.46, 11.51, 11.55, -11.48, 5.41, 14.91
4438.00, 11.57, 11.56, 11.45, 10.22, 5.22, -8.88
4448.00, 11.60, 11.57, 11.49, 3.43, 0.00, 3.57
4458.00, 11.65, 11.54, 11.48, 4.81, -3.50, 0.00
4469.00, 11.61, 11.63, 11.55, -3.99, 8.54, 6.73
4479.00, 11.47, 11.50, 11.45, -13.81, -12.10, -9.38
4489.00, 11.54, 11.34, 11.56, 6.79, -15.67, 10.65
4499.00, 11.52, 11.49, 11.45, 0.00, 14.80, -11.12
4510.00, 11.56, 11.46, 11.46, 3.39, -3.41, 0.00
4520.00, 11.62, 11.44, 11.44, 6.05, 0.00, 0.00
4530.00, 11.50, 11.52, 11.49, -12.03, 7.34, 5.56
4540.00, 11.61, 11.47, 11.38, 10.72, -4.40, -10.80
4552.00, 11.60, 11.57, 11.45, 0.00, 9.36, 6.68
4562.00, 11.69, 11.61, 11.37, 8.35, 4.29, -8.00
4572.00, 11.65, 11.62, 11.56, -3.52, 0.00, 18.50
4582.00, 11.55, 11.53, 11.47, -10.12, -8.43, -8.02
4593.00, 11.43, 11.54, 11.42, -11.09, 0.00, -5.46
4603.00, 11.53, 11.48, 11.50, 9.84, -6.77, 7.68
4613.00, 11.53, 11.48, 11.42, 0.00, 0.00, -7.36
4623.00, 11.45, 11.49, 11.45, -8.03, 0.00, 2.80
4634.00, 11.45, 11.46, 11.42, 0.00, -2.94, -3.40
4644.00, 11.52, 11.60, 11.38, 7.34, 14.15, -3.53
4654.00, 11.52, 11.57, 11.42, 0.00, -3.42, 3.65
4664.00, 11.50, 11.61, 11.41, -2.58, 4.42, 0.00
4675.00, 11.64, 11.57, 11.47, 14.47, -4.20, 6.17
4685.00, 11.53, 11.54, 11.38, -10.59, -2.73, -8.87
4695.00, 11.44, 11.49, 11.53, -8.67, -5.32, 14.47
4705.00, 11.48, 11.48, 11.51, 3.45, 0.00, -2.16
4716.00, 11.53, 11.40, 11.40, 4.82, -8.49, -10.19
4726.00, 11.44, 11.43, 11.54, -8.75, 3.63, 12.77
4736.00, 11.49, 11.39, 11.50, 5.13, -3.74, -3.02
4746.00, 11.54, 11.48, 11.38, 4.43, 8.28, -11.88
4756.00, 11.56, 11.40, 11.57, 2.02, -7.36, 18.00
4768.00, 11.49, 11.57, 11.51, -6.60, 16.39, -5.20
4778.00, 11.61, 11.57, 11.49, 11.30, 0.00, -2.57
4788.00, 11.61, 11.59, 11.43, 0.00, 2.08, -5.09
4798.00, 11.63, 11.55, 11.54, 0.00, -4.37, 10.74
4809.00, 11.59, 11.47, 11.46, -3.47, -7.65, -7.56
4819.00, 11.45, 11.48, 11.47, -13.31, 0.00, 0.00
4829.00, 11.58, 11.42, 11.53, 13.09, -5.41, 6.20
4839.00, 11.56, 11.45, 11.40, -1.92, 2.73, -12.62
4850.00, 11.57, 11.49, 11.47, 0.00, 3.41, 6.26
4860.00, 11.49, 11.49, 11.40, -7.22, 0.00, -7.18
4870.00, 11.64, 11.57, 11.45, 14.30, 8.03, 5.33
4880.00, 11.63, 11.61, 11.36, 0.00, 3.67, -8.94
4891.00, 11.68, 11.60, 11.47, 4.87, 0.00, 10.81
4901.00, 11.64, 11.61, 11.43, -3.92, 0.00, -4.35
4911.00, 11.51, 11.54, 11.46, -12.16, -6.44, 3.70
4921.00, 11.58, 11.45, 11.37, 7.18, -8.44, -8.86
4932.00, 11.60, 11.39, 11.51, 0.00, -6.60, 13.55
4942.00, 11.59, 11.42, 11.31, 0.00, 3.10, -19.95
4952.00, 11.53, 11.47, 11.37, -6.45, 5.30, 6.40
4962.00, 11.62, 11.51, 11.33, 8.53, 3.43, -4.24
4973.00, 11.61, 11.48, 11.31, 0.00, -2.85, -2.16
4983.00, 11.67, 11.57, 11.47, 6.18, 8.48, 16.01
4993.00, 11.66, 11.59, 11.36, 0.00, 0.00, -11.16
5004.00, 11.70, 11.65, 11.53, 3.95, 6.56, 17.08