0,0,0,0,0,0,0
7.00, 0.00, 0.00, 0.00, 0.00, 0.00, 0.00
18.00, 1.01, 1.08, 0.00, 91.52, 105.92, 0.00
28.00, 2.23, 2.07, 2.13, 132.15, 107.06, 219.37
38.00, 3.06, 2.98, 3.25, 79.94, 90.47, 109.18
48.00, 3.89, 3.81, 4.00, 81.67, 79.85, 73.02
58.00, 4.76, 4.49, 4.86, 83.87, 63.63, 84.74
68.00, 5.31, 5.42, 5.49, 59.44, 102.84, 68.31
78.00, 6.07, 6.01, 6.08, 74.24, 59.17, 57.80
89.00, 6.65, 6.54, 6.62, 57.11, 50.61, 51.46
99.00, 7.09, 7.06, 7.10, 43.64, 50.66, 47.34
110.00, 7.64, 7.50, 7.52, 52.49, 43.06, 40.77
120.00, 7.97, 7.95, 7.99, 32.49, 44.26, 46.15
130.00, 8.23, 8.34, 8.34, 24.88, 37.05, 33.75
140.00, 8.67, 8.59, 8.62, 43.78, 24.60, 28.17
151.00, 8.85, 8.89, 8.98, 17.99, 28.80, 34.27
160.00, 9.16, 9.12, 9.14, 34.56, 25.91, 18.21
170.00, 9.39, 9.36, 9.43, 21.75, 22.62, 27.36
180.00, 9.61, 9.50, 9.61, 21.56, 14.06, 17.82
191.00, 9.83, 9.80, 9.78, 21.88, 30.09, 16.77
201.00, 9.92, 9.86, 9.84, 9.81, 5.49, 5.95
210.00, 10.10, 9.97, 10.03, 17.63, 11.67, 19.45
220.00, 10.17, 9.99, 10.27, 6.68, 0.00, 23.29
230.00, 10.45, 10.16, 10.26, 27.96, 17.33, 0.00
241.00, 10.44, 10.08, 10.41, 0.00, -8.72, 16.24
251.00, 10.58, 10.56, 10.46, 14.49, 47.52, 4.31
261.00, 10.56, 10.50, 10.52, -2.38, -5.77, 6.11
271.00, 10.66, 10.58, 10.71, 9.89, 7.84, 18.67
282.00, 10.72, 10.76, 10.69, 5.65, 17.49, -2.05
292.00, 10.73, 10.79, 10.82, 0.00, 2.99, 12.21
302.00, 10.91, 10.93, 10.82, 18.24, 13.21, 0.00
312.00, 10.88, 10.96, 10.87, -3.17, 3.25, 5.12
323.00, 11.00, 11.06, 10.89, 11.44, 9.27, 2.37
332.00, 11.08, 11.04, 10.97, 8.21, 0.00, 7.89
342.00, 11.05, 10.99, 10.96, -2.98, -5.08, 0.00
352.00, 11.15, 11.00, 11.02, 9.55, 0.00, 6.03
363.00, 11.14, 11.04, 11.01, 0.00, 4.30, 0.00
372.00, 11.23, 11.15, 11.14, 10.09, 10.81, 13.99
382.00, 11.08, 11.08, 11.11, -14.64, -6.77, -3.13
392.00, 11.21, 11.27, 11.16, 12.64, 19.44, 5.13
402.00, 11.21, 11.28, 11.21, 0.00, 0.00, 4.30
412.00, 11.26, 11.30, 11.21, 4.92, 2.49, 0.00
422.00, 11.14, 11.32, 11.26, -11.58, 0.00, 4.58
432.00, 11.47, 11.35, 11.27, 32.59, 3.13, 0.00
442.00, 11.35, 11.29, 11.23, -11.34, -5.49, -3.70
453.00, 11.28, 11.28, 11.24, -6.93, 0.00, 0.00
462.00, 11.32, 11.09, 11.22, 4.26, -19.70, -2.36
472.00, 11.43, 11.45, 11.32, 10.75, 36.53, 10.90
482.00, 11.39, 11.33, 11.12, -2.99, -10.68, -19.59
493.00, 11.29, 11.32, 11.47, -10.23, 0.00, 34.91
503.00, 11.42, 11.38, 11.36, 13.65, 5.52, -11.27
512.00, 11.35, 11.36, 11.33, -7.01, 0.00, -3.17
522.00, 11.35, 11.41, 11.33, 0.00, 5.06, 0.00
533.00, 11.44, 11.43, 11.39, 8.70, 0.00, 5.85
543.00, 11.39, 11.52, 11.33, -5.94, 9.21, -5.84
552.00, 11.44, 11.41, 11.41, 5.49, -10.70, 7.91
562.00, 11.37, 11.39, 11.34, -6.43, -2.14, -6.78
572.00, 11.52, 11.32, 11.42, 14.00, -6.89, 7.28
583.00, 11.51, 11.29, 11.35, 0.00, -2.87, -6.67
592.00, 11.33, 11.44, 11.43, -17.96, 15.34, 7.45
602.00, 11.37, 11.41, 11.42, 3.69, -2.58, 0.00
612.00, 11.37, 11.40, 11.40, 0.00, 0.00, -2.01
623.00, 11.42, 11.45, 11.40, 4.51, 4.46, 0.00
633.00, 11.41, 11.49, 11.40, 0.00, 3.74, 0.00
643.00, 11.47, 11.52, 11.35, 5.62, 2.98, -4.85
653.00, 11.38, 11.51, 11.37, -9.36, 0.00, 2.28
664.00, 11.41, 11.50, 11.37, 2.68, 0.00, 0.00
673.00, 11.42, 11.46, 11.37, 0.00, -3.88, 0.00
683.00, 11.40, 11.37, 11.40, -2.20, -10.18, 2.76
693.00, 11.50, 11.44, 11.35, 9.34, 7.31, -4.60
704.00, 11.38, 11.40, 11.39, -11.54, -4.14, 3.66
714.00, 11.46, 11.46, 11.41, 7.68, 6.33, 2.27
723.00, 11.49, 11.42, 11.46, 3.62, -4.65, 5.31
733.00, 11.38, 11.48, 11.41, -11.20, 6.26, -4.80
743.00, 11.51, 11.43, 11.31, 13.12, -4.59, -9.85
754.00, 11.48, 11.62, 11.62, -2.75, 18.56, 31.79
764.00, 11.48, 11.48, 11.37, 0.00, -13.71, -24.74
774.00, 11.42, 11.51, 11.42, -5.27, 2.81, 4.56
784.00, 11.55, 11.40, 11.36, 12.82, -10.67, -5.49
795.00, 11.53, 11.41, 11.43, -2.20, 0.00, 7.09
804.00, 11.46, 11.48, 11.40, -6.88, 7.06, -2.81
814.00, 11.55, 11.43, 11.38, 9.16, -5.00, -2.77
824.00, 11.48, 11.46, 11.45, -6.73, 3.00, 7.57
835.00, 11.44, 11.49, 11.44, -4.32, 2.62, 0.00
845.00, 11.46, 11.55, 11.40, 2.11, 6.09, -4.35
854.00, 11.32, 11.54, 11.48, -14.22, 0.00, 7.95
864.00, 11.68, 11.53, 11.44, 36.91, 0.00, -3.32
875.00, 11.58, 11.54, 11.43, -9.33, 0.00, 0.00
884.00, 11.46, 11.59, 11.31, -11.98, 4.80, -11.45
894.00, 11.56, 11.44, 11.41, 9.96, -14.61, 9.07
904.00, 11.55, 11.42, 11.47, 0.00, 0.00, 6.34
914.00, 11.52, 11.49, 11.42, -2.76, 6.44, -4.66
924.00, 11.54, 11.42, 11.44, 0.00, -6.86, 0.00
934.00, 11.53, 11.55, 11.24, 0.00, 12.84, -20.43
944.00, 11.41, 11.53, 11.63, -11.41, 0.00, 38.57
954.00, 11.54, 11.52, 11.43, 13.31, 0.00, -19.89
965.00, 11.52, 11.55, 11.46, -2.85, 3.82, 2.57
974.00, 11.55, 11.57, 11.50, 3.66, 0.00, 4.48
984.00, 11.60, 11.57, 11.42, 5.39, 0.00, -8.04
994.00, 11.48, 11.56, 11.40, -12.61, 0.00, -2.45
1005.00, 11.58, 11.43, 11.40, 10.24, -13.14, 0.00
1015.00, 11.56, 11.44, 11.41, 0.00, 0.00, 0.00
1024.00, 11.60, 11.47, 11.45, 3.63, 3.47, 3.42
1034.00, 11.51, 11.47, 11.47, -8.98, 0.00, 2.15
1045.00, 11.51, 11.52, 11.45, 0.00, 5.50, 0.00
1055.00, 11.54, 11.35, 11.44, 2.96, -17.63, 0.00
1065.00, 11.50, 11.69, 11.50, -3.75, 34.64, 6.03
1074.00, 11.53, 11.53, 11.47, 3.19, -15.76, -3.24
1084.00, 11.61, 11.59, 11.45, 7.39, 6.04, 0.00
1095.00, 11.53, 11.59, 11.44, -7.90, 0.00, 0.00
1105.00, 11.50, 11.50, 11.38, -2.91, -8.70, -5.88
1115.00, 11.58, 11.48, 11.44, 8.06, -2.36, 5.77
1125.00, 11.62, 11.48, 11.47, 3.55, 0.00, 3.40
1136.00, 11.56, 11.31, 11.36, -5.51, -17.22, -11.80
1146.00, 11.48, 11.62, 11.53, -8.13, 31.12, 16.99
1156.00, 11.44, 11.49, 11.42, -3.83, -13.32, -10.50
1166.00, 11.43, 11.55, 11.50, 0.00, 6.09, 7.33
1176.00, 11.51, 11.55, 11.37, 8.17, 0.00, -13.34
1186.00, 11.60, 11.58, 11.51, 8.52, 3.39, 14.27
1196.00, 11.49, 11.62, 11.40, -10.95, 3.74, -11.21
1206.00, 11.49, 11.56, 11.40, 0.00, -6.30, 0.00
1217.00, 11.52, 11.54, 11.35, 3.03, -2.03, -5.26
1227.00, 11.54, 11.48, 11.37, 0.00, -5.53, 2.27
1236.00, 11.53, 11.47, 11.44, 0.00, 0.00, 7.10
1246.00, 11.58, 11.47, 11.42, 4.48, 0.00, -2.35
1256.00, 11.52, 11.46, 11.38, -5.18, 0.00, -4.20
1267.00, 11.47, 11.51, 11.48, -4.78, 5.47, 10.23
1277.00, 11.48, 11.53, 11.46, 0.00, 0.00, 0.00
1286.00, 11.58, 11.54, 11.49, 9.65, 0.00, 3.05
1296.00, 11.48, 11.57, 11.49, -9.82, 3.11, 0.00
1307.00, 11.57, 11.57, 11.40, 9.35, 0.00, -8.56
1317.00, 11.65, 11.55, 11.41, 8.01, 0.00, 0.00
1326.00, 11.48, 11.46, 11.43, -17.49, -9.41, 0.00
1336.00, 11.68, 11.43, 11.38, 20.60, -2.94, -4.67
1347.00, 11.62, 11.43, 11.43, -5.57, 0.00, 4.25
1357.00, 11.61, 11.48, 11.43, 0.00, 4.96, 0.00
1366.00, 11.54, 11.48, 11.40, -6.25, 0.00, -2.75
1376.00, 11.52, 11.50, 11.44, -2.35, 0.00, 3.92
1387.00, 11.50, 11.56, 11.44, -2.33, 6.12, 0.00
1397.00, 11.54, 11.55, 11.46, 4.70, 0.00, 0.00
1406.00, 11.53, 11.60, 11.47, 0.00, 4.77, 0.00
1416.00, 11.59, 11.50, 11.36, 5.77, -9.71, -10.97
1426.00, 11.57, 11.65, 11.43, -2.51, 15.18, 6.42
1437.00, 11.65, 11.48, 11.39, 8.34, -16.97, -3.38
1447.00, 11.59, 11.48, 11.37, -5.82, 0.00, -2.29
1457.00, 11.66, 11.49, 11.45, 6.93, 0.00, 7.53
1467.00, 11.57, 11.46, 11.44, -8.86, -3.26, 0.00
1478.00, 11.53, 11.49, 11.43, -3.90, 3.71, 0.00
1487.00, 11.54, 11.49, 11.47, 0.00, 0.00, 3.55
1497.00, 11.59, 11.55, 11.46, 4.75, 6.58, 0.00
1507.00, 11.56, 11.53, 11.42, -2.61, -2.38, -3.36
1518.00, 11.59, 11.59, 11.50, 2.56, 5.88, 8.00
1528.00, 11.61, 11.51, 11.41, 2.45, -7.64, -9.83
1538.00, 11.59, 11.55, 11.39, -2.61, 3.11, 0.00
1548.00, 11.63, 11.55, 11.40, 4.67, 0.00, 0.00
1559.00, 11.67, 11.38, 11.38, 3.58, -16.48, 0.00
1569.00, 11.61, 11.57, 11.42, -6.09, 19.13, 4.17
1579.00, 11.57, 11.50, 11.48, -4.43, -6.70, 5.44
1589.00, 11.62, 11.45, 11.45, 5.92, -4.73, -3.28
1599.00, 11.53, 11.53, 11.45, -9.67, 7.72, 0.00
1609.00, 11.54, 11.52, 11.46, 0.00, 0.00, 0.00
1619.00, 11.66, 11.59, 11.45, 11.12, 7.13, 0.00
1629.00, 11.61, 11.58, 11.42, -4.31, 0.00, -2.41
1639.00, 11.63, 11.55, 11.38, 0.00, -2.92, -4.60
1650.00, 11.63, 11.32, 11.45, 0.00, -22.10, 7.72
1660.00, 11.61, 11.72, 11.39, -2.64, 39.28, -6.09
1670.00, 11.71, 11.39, 11.24, 10.63, -32.55, -15.35
1680.00, 11.64, 11.45, 11.68, -7.10, 5.78, 43.69
1690.00, 11.54, 11.51, 11.44, -9.82, 6.45, -24.10
1700.00, 11.47, 11.43, 11.42, -6.79, -7.83, 0.00
1710.00, 11.55, 11.53, 11.51, 8.18, 9.92, 8.85
1720.00, 11.53, 11.53, 11.45, -2.20, 0.00, -5.27
1731.00, 11.60, 11.61, 11.47, 6.66, 7.29, 0.00
1741.00, 11.58, 11.58, 11.34, 0.00, -3.11, -13.81
1751.00, 11.60, 11.59, 11.44, 2.14, 0.00, 10.03
1761.00, 11.58, 11.39, 11.43, -2.14, -19.22, 0.00
1772.00, 11.62, 11.48, 11.33, 3.42, 8.49, -9.25
1782.00, 11.60, 11.43, 11.46, 0.00, -4.82, 12.66
1792.00, 11.60, 11.48, 11.29, 0.00, 4.58, -15.49
1802.00, 11.54, 11.45, 11.61, -5.23, -3.52, 31.19
1813.00, 11.59, 11.48, 11.48, 4.49, 2.74, -11.98
1823.00, 11.53, 11.48, 11.49, -5.92, 0.00, 0.00
1833.00, 11.57, 11.57, 11.52, 3.40, 8.47, 2.39
1843.00, 11.63, 11.55, 11.48, 5.72, 0.00, -3.43
1853.00, 11.54, 11.53, 11.42, -8.79, -2.09, -5.89
1864.00, 11.72, 11.47, 11.38, 19.01, -5.96, -4.29
1874.00, 11.61, 11.42, 11.42, -10.86, -4.80, 4.44
1884.00, 11.71, 11.41, 11.38, 10.19, 0.00, -4.61
1894.00, 11.69, 11.39, 11.45, -2.26, -2.44, 6.75
1905.00, 11.63, 11.43, 11.43, -6.03, 4.42, 0.00
1915.00, 11.55, 11.50, 11.43, -7.54, 6.31, 0.00
1925.00, 11.59, 11.47, 11.43, 4.24, -2.63, 0.00
1935.00, 11.48, 11.53, 11.49, -11.61, 5.52, 5.69
1946.00, 11.63, 11.59, 11.45, 14.85, 6.38, -3.38
1956.00, 11.56, 11.59, 11.48, -6.09, 0.00, 2.24
1966.00, 11.62, 11.54, 11.40, 5.95, -4.70, -7.63
1976.00, 11.61, 11.44, 11.38, 0.00, -9.75, -2.32
1987.00, 11.63, 11.44, 11.45, 0.00, 0.00, 6.92
1997.00, 11.69, 11.43, 11.42, 6.10, 0.00, -2.88
2006.00, 11.62, 11.45, 11.44, -6.61, 2.04, 0.00
2016.00, 11.58, 11.44, 11.42, -4.18, 0.00, 0.00
2027.00, 11.60, 11.42, 11.52, 2.43, -2.02, 9.26
2037.00, 11.56, 11.52, 11.47, -4.54, 9.54, -4.91
2047.00, 11.59, 11.51, 11.52, 2.68, 0.00, 5.24
2057.00, 11.58, 11.58, 11.46, 0.00, 6.33, -6.41
2067.00, 11.63, 11.58, 11.43, 4.76, 0.00, -2.01
2078.00, 11.61, 11.53, 11.29, -2.55, -4.15, -14.73
2088.00, 11.61, 11.47, 11.59, 0.00, -6.03, 29.52
2098.00, 11.71, 11.47, 11.43, 9.48, 0.00, -16.64
2108.00, 11.64, 11.46, 11.44, -6.95, 0.00, 0.00
2119.00, 11.66, 11.39, 11.30, 2.20, -7.54, -14.13
2129.00, 11.54, 11.40, 11.62, -11.68, 0.00, 32.42
2139.00, 11.62, 11.58, 11.29, 8.66, 17.77, -32.27
2148.00, 11.52, 11.43, 11.58, -9.80, -14.37, 28.63
2159.00, 11.63, 11.60, 11.57, 9.86, 16.51, 0.00
2169.00, 11.57, 11.55, 11.45, -5.03, -5.16, -11.44
2179.00, 11.69, 11.59, 11.46, 11.94, 4.70, 0.00
2189.00, 11.64, 11.48, 11.43, -5.62, -11.61, -2.27
2200.00, 11.71, 11.47, 11.42, 7.75, 0.00, 0.00
2210.00, 11.63, 11.38, 11.45, -7.97, -9.32, 3.21
2220.00, 11.66, 11.33, 11.48, 2.36, -4.52, 3.24
2229.00, 11.68, 11.55, 11.53, 2.72, 22.08, 4.47
2240.00, 11.50, 11.43, 11.51, -18.83, -11.73, -2.01
2250.00, 11.57, 11.42, 11.48, 7.82, 0.00, -3.16
2260.00, 11.48, 11.50, 11.49, -9.14, 8.12, 0.00
2270.00, 11.55, 11.54, 11.50, 6.39, 3.22, 0.00
2280.00, 11.51, 11.60, 11.48, -4.30, 6.14, -2.57
2291.00, 11.54, 11.54, 11.44, 2.98, -6.17, -3.54
2301.00, 11.66, 11.45, 11.43, 12.63, -8.57, 0.00
2310.00, 11.55, 11.40, 11.42, -10.68, -4.86, 0.00
2320.00, 11.56, 11.39, 11.46, 0.00, 0.00, 4.14
2331.00, 11.70, 11.40, 11.46, 14.01, 0.00, 0.00
2341.00, 11.55, 11.39, 11.43, -14.54, 0.00, -2.67
2351.00, 11.53, 11.42, 11.48, -2.25, 3.64, 5.14
2361.00, 11.52, 11.49, 11.54, 0.00, 5.96, 5.82
2372.00, 11.56, 11.47, 11.52, 3.91, 0.00, -2.16
2382.00, 11.56, 11.53, 11.50, 0.00, 6.47, 0.00
2392.00, 11.59, 11.55, 11.47, 2.66, 0.00, -3.09
2402.00, 11.56, 11.52, 11.49, -3.34, -3.46, 0.00
2413.00, 11.63, 11.37, 11.41, 6.72, -14.02, -7.61
2423.00, 11.69, 11.38, 11.39, 6.34, 0.00, -2.21
2433.00, 11.68, 11.42, 11.52, 0.00, 3.31, 13.08
2443.00, 11.69, 11.35, 11.47, 0.00, -6.40, -4.95
2454.00, 11.59, 11.42, 11.38, -9.50, 6.67, -8.39
2464.00, 11.52, 11.46, 11.47, -7.02, 3.58, 9.39
2474.00, 11.55, 11.54, 11.54, 3.27, 8.13, 6.79
2484.00, 11.47, 11.55, 11.52, -8.66, 0.00, -2.16
2495.00, 11.56, 11.52, 11.49, 8.93, -2.53, -3.44
2505.00, 11.59, 11.60, 11.47, 2.73, 7.65, -2.13
2515.00, 11.57, 11.24, 11.44, -2.00, -34.46, -2.73
2525.00, 11.68, 11.66, 11.45, 11.03, 41.70, 0.00
2535.00, 11.63, 11.34, 11.46, -4.80, -30.90, 0.00
2546.00, 11.64, 11.47, 11.47, 0.00, 13.18, 0.00
2556.00, 11.62, 11.41, 11.45, -2.07, -5.33, 0.00
2566.00, 11.57, 11.36, 11.54, -4.89, -5.45, 8.89
2576.00, 11.52, 11.48, 11.50, -5.29, 12.44, -4.43
2587.00, 11.62, 11.58, 11.57, 9.67, 9.87, 6.92
2597.00, 11.51, 11.53, 11.49, -10.17, -4.71, -7.42
2606.00, 11.50, 11.59, 11.48, 0.00, 6.02, 0.00
2616.00, 11.61, 11.54, 11.47, 10.46, -4.94, 0.00
2627.00, 11.66, 11.49, 11.45, 5.66, -5.29, -2.88
2637.00, 11.61, 11.45, 11.45, -5.16, -3.94, 0.00
2647.00, 11.71, 11.44, 11.47, 9.77, 0.00, 2.31
2656.00, 11.62, 11.42, 11.48, -9.36, 0.00, 0.00
2667.00, 11.60, 11.45, 11.48, 0.00, 2.49, 0.00
2677.00, 11.57, 11.41, 11.51, -3.33, -4.18, 2.80
2686.00, 11.53, 11.51, 11.50, -3.54, 9.68, 0.00
2696.00, 11.58, 11.48, 11.51, 5.03, -2.30, 0.00
2706.00, 11.59, 11.55, 11.53, 0.00, 6.26, 0.00
2717.00, 11.60, 11.58, 11.48, 0.00, 3.46, -4.30
2727.00, 11.70, 11.62, 11.46, 10.32, 3.40, -2.77
2736.00, 11.57, 11.50, 11.42, -13.63, -11.52, -3.29
2746.00, 11.65, 11.50, 11.50, 8.11, 0.00, 7.33
2757.00, 11.63, 11.38, 11.48, 0.00, -12.77, 0.00
2767.00, 11.65, 11.43, 11.47, 0.00, 5.19, 0.00
2777.00, 11.66, 11.41, 11.57, 0.00, 0.00, 9.80
2787.00, 11.47, 11.44, 11.54, -18.68, 3.18, -2.61
2798.00, 11.56, 11.47, 11.54, 9.34, 2.30, 0.00
2808.00, 11.50, 11.50, 11.54, -6.38, 3.89, 0.00
2817.00, 11.54, 11.58, 11.48, 4.22, 7.81, -6.06
2827.00, 11.52, 11.63, 11.45, -2.11, 5.23, -2.44
2838.00, 11.51, 11.40, 11.47, 0.00, -23.71, 0.00
2848.00, 11.54, 11.65, 11.45, 2.61, 25.75, 0.00
2858.00, 11.60, 11.43, 11.48, 6.20, -21.96, 3.24
2867.00, 11.53, 11.43, 11.43, -7.44, 0.00, -4.67
2877.00, 11.58, 11.43, 11.57, 5.01, 0.00, 14.15
2888.00, 11.52, 11.42, 11.51, -5.38, 0.00, -6.70
2898.00, 11.51, 11.48, 11.53, 0.00, 5.83, 2.50
2907.00, 11.50, 11.48, 11.37, 0.00, 0.00, -15.89
2917.00, 11.51, 11.54, 11.71, 0.00, 5.72, 34.32
2928.00, 11.62, 11.59, 11.48, 10.79, 5.12, -23.46
2938.00, 11.54, 11.54, 11.52, -7.64, -4.93, 3.78
2948.00, 11.67, 11.52, 11.47, 12.77, -2.69, -4.27
2957.00, 11.58, 11.50, 11.46, -9.08, 0.00, 0.00
2968.00, 11.66, 11.40, 11.46, 7.95, -10.17, 0.00
2978.00, 11.69, 11.48, 11.44, 3.64, 7.93, 0.00
2988.00, 11.65, 11.38, 11.50, -4.40, -9.49, 5.71
2998.00, 11.63, 11.46, 11.52, -2.25, 7.54, 2.15
3009.00, 11.51, 11.48, 11.50, -11.59, 2.39, 0.00
3019.00, 11.49, 11.54, 11.53, 0.00, 5.26, 2.50
3028.00, 11.55, 11.59, 11.51, 5.86, 5.52, 0.00
3038.00, 11.53, 11.63, 11.49, -2.13, 4.30, -2.08
3048.00, 11.65, 11.56, 11.47, 12.60, -7.00, 0.00
3059.00, 11.56, 11.53, 11.47, -9.46, -3.67, 0.00
3069.00, 11.62, 11.48, 11.42, 6.87, -4.85, -5.10
3078.00, 11.66, 11.46, 11.55, 3.74, -2.31, 13.19
3088.00, 11.60, 11.52, 11.50, -6.38, 6.29, -5.02
3099.00, 11.69, 11.44, 11.47, 9.66, -7.80, -3.61
3109.00, 11.55, 11.45, 11.54, -14.22, 0.00, 7.42
3119.00, 11.54, 11.50, 11.49, 0.00, 4.86, -5.33
3129.00, 11.57, 11.55, 11.56, 2.74, 4.62, 6.57
3140.00, 11.53, 11.54, 11.49, -4.05, 0.00, -6.67
3150.00, 11.62, 11.62, 11.49, 8.26, 7.81, 0.00
3160.00, 11.61, 11.59, 11.48, 0.00, -2.52, 0.00
3170.00, 11.67, 11.49, 11.44, 5.73, -10.40, -3.64
3181.00, 11.60, 11.47, 11.45, -6.38, 0.00, 0.00
3191.00, 11.68, 11.47, 11.50, 7.57, 0.00, 5.09
3200.00, 11.71, 11.46, 11.47, 3.23, 0.00, -2.08
3210.00, 11.61, 11.44, 11.49, -10.52, 0.00, 0.00
3221.00, 11.56, 11.46, 11.50, -3.96, 0.00, 0.00
3231.00, 11.54, 11.52, 11.52, -2.46, 6.46, 0.00
3241.00, 11.57, 11.54, 11.49, 3.32, 2.09, -2.78
3250.00, 11.56, 11.55, 11.52, 0.00, 0.00, 3.03
3260.00, 11.58, 11.58, 11.44, 2.31, 2.31, -7.86
3271.00, 11.70, 11.61, 11.45, 11.61, 3.22, 0.00
3280.00, 11.62, 11.60, 11.46, -7.50, 0.00, 0.00
3290.00, 11.64, 11.37, 11.46, 0.00, -22.52, 0.00
3300.00, 11.64, 11.49, 11.43, 0.00, 10.81, -2.23
3311.00, 11.66, 11.47, 11.43, 0.00, -2.13, 0.00
3321.00, 11.60, 11.46, 11.58, -5.13, 0.00, 14.02
3331.00, 11.53, 11.38, 11.58, -7.05, -7.28, 0.00
3341.00, 11.53, 11.57, 11.55, 0.00, 19.09, -2.62
3352.00, 11.48, 11.54, 11.50, -4.30, -3.34, -4.42
3362.00, 11.47, 11.64, 11.48, 0.00, 9.69, -2.08
3372.00, 11.53, 11.59, 11.42, 5.81, -5.16, -6.01
3381.00, 11.55, 11.59, 11.47, 0.00, 0.00, 5.20
3392.00, 11.55, 11.50, 11.49, 0.00, -9.50, 0.00
3402.00, 11.61, 11.47, 11.45, 5.25, -2.62, -3.45
3411.00, 11.64, 11.42, 11.45, 3.82, -5.28, 0.00
3421.00, 11.57, 11.43, 11.49, -7.01, 0.00, 4.13
3431.00, 11.59, 11.46, 11.51, 0.00, 2.91, 2.64
3442.00, 11.52, 11.34, 11.34, -7.04, -11.84, -16.96
3452.00, 11.49, 11.58, 11.68, -2.97, 24.26, 33.18
3462.00, 11.60, 11.55, 11.57, 10.36, -3.42, -10.24
3472.00, 11.53, 11.58, 11.50, -6.63, 3.63, -7.05
3483.00, 11.65, 11.55, 11.43, 12.26, -2.99, -6.71
3493.00, 11.57, 11.54, 11.46, -8.59, 0.00, 3.35
3503.00, 11.68, 11.40, 11.45, 11.55, -13.06, 0.00
3513.00, 11.67, 11.43, 11.48, 0.00, 2.43, 2.29
3524.00, 11.79, 11.41, 11.44, 11.62, 0.00, -3.54
3534.00, 11.64, 11.43, 11.48, -13.85, 0.00, 3.41
3544.00, 11.61, 11.38, 11.41, -3.05, -4.60, -6.75
3554.00, 11.58, 11.49, 11.59, -2.71, 11.20, 18.49
3565.00, 11.58, 11.40, 11.50, 0.00, -9.09, -9.14
3575.00, 11.53, 11.76, 11.50, -5.73, 35.65, 0.00
3585.00, 11.55, 11.60, 11.46, 0.00, -15.75, -3.47
3594.00, 11.67, 11.59, 11.50, 12.48, 0.00, 3.61
3605.00, 11.60, 11.33, 11.47, -7.48, -25.85, -3.24
3615.00, 11.68, 11.62, 11.45, 8.23, 29.22, 0.00
3625.00, 11.67, 11.46, 11.46, 0.00, -15.39, 0.00
3635.00, 11.69, 11.46, 11.45, 0.00, 0.00, 0.00
3645.00, 11.58, 11.39, 11.52, -10.85, -6.48, 6.71
3656.00, 11.63, 11.43, 11.49, 5.46, 4.19, -2.94
3666.00, 11.60, 11.48, 11.53, -3.36, 4.89, 4.25
3676.00, 11.57, 11.55, 11.50, -3.05, 6.57, -3.72
3686.00, 11.59, 11.59, 11.49, 0.00, 4.25, 0.00
3697.00, 11.61, 11.57, 11.46, 0.00, -2.21, -2.89
3706.00, 11.63, 11.59, 11.43, 2.42, 0.00, -2.94
3716.00, 11.71, 11.50, 11.47, 8.38, -9.50, 4.15
3726.00, 11.65, 11.40, 11.46, -6.57, -9.58, 0.00
3737.00, 11.70, 11.51, 11.39, 4.79, 10.92, -7.20
3747.00, 11.74, 11.41, 11.57, 4.34, -10.27, 18.32
3757.00, 11.57, 11.40, 11.50, -15.56, 0.00, -6.79
3767.00, 11.63, 11.44, 11.50, 5.46, 3.59, 0.00
3778.00, 11.43, 11.49, 11.52, -18.63, 4.87, 0.00
3788.00, 11.86, 11.53, 11.50, 43.21, 4.64, 0.00
3798.00, 11.62, 11.60, 11.44, -22.61, 6.65, -5.74
3808.00, 11.63, 11.63, 11.43, 0.00, 2.56, 0.00
3819.00, 11.69, 11.59, 11.37, 6.34, -4.20, -6.13
3829.00, 11.76, 11.34, 11.53, 7.54, -24.63, 16.28
3839.00, 11.70, 11.63, 11.48, -6.45, 28.44, -5.43
3849.00, 11.60, 11.29, 11.45, -9.96, -32.74, -2.24
3859.00, 11.69, 11.58, 11.55, 9.04, 28.88, 9.61
3869.00, 11.69, 11.41, 11.51, 0.00, -17.20, -4.41
3879.00, 11.55, 11.40, 11.57, -14.80, 0.00, 5.92
3889.00, 11.55, 11.49, 11.58, 0.00, 8.52, 0.00
3899.00, 11.57, 11.58, 11.45, 0.00, 9.18, -12.78
3910.00, 11.61, 11.55, 11.45, 3.74, -3.14, 0.00
3920.00, 11.55, 11.61, 11.40, -5.46, 5.86, -4.60
3929.00, 11.71, 11.59, 11.46, 16.25, 0.00, 5.15
3939.00, 11.58, 11.46, 11.56, -13.21, -13.72, 10.79
3950.00, 11.65, 11.40, 11.43, 7.22, -5.08, -13.45
3960.00, 11.71, 11.42, 11.41, 5.87, 0.00, 0.00
3970.00, 11.56, 11.36, 11.57, -14.60, -6.03, 15.77
3980.00, 11.64, 11.39, 11.58, 8.05, 3.07, 0.00
3991.00, 11.59, 11.46, 11.47, -4.68, 6.87, -10.22
4001.00, 11.59, 11.47, 11.65, 0.00, 0.00, 17.57
4011.00, 11.60, 11.57, 11.56, 0.00, 9.61, -8.07
4021.00, 11.64, 11.44, 11.43, 3.90, -11.98, -12.98
4032.00, 11.69, 11.62, 11.49, 4.92, 17.63, 5.69
4042.00, 11.68, 11.46, 11.49, 0.00, -15.54, 0.00
4052.00, 11.80, 11.44, 11.45, 12.17, -2.45, -3.37
4062.00, 11.69, 11.45, 11.47, -10.69, 0.00, 0.00
4072.00, 11.70, 11.41, 11.43, 0.00, -3.39, -3.84
4083.00, 11.73, 11.32, 11.45, 2.43, -8.78, 0.00
4093.00, 11.62, 11.43, 11.62, -10.31, 10.44, 17.51
4103.00, 11.64, 11.56, 11.51, 0.00, 13.04, -11.10
4112.00, 11.58, 11.58, 11.55, -6.61, 2.33, 4.01
4123.00, 11.67, 11.55, 11.52, 8.81, -2.99, -2.45
4133.00, 11.63, 11.57, 11.48, -3.66, 0.00, -3.92
4143.00, 11.67, 11.55, 11.49, 4.02, -2.38, 0.00
4153.00, 11.71, 11.50, 11.48, 3.96, -4.75, 0.00
4164.00, 11.79, 11.47, 11.47, 7.68, -3.00, 0.00
4174.00, 11.68, 11.43, 11.43, -9.94, -3.84, -3.41
4184.00, 11.70, 11.42, 11.53, 0.00, 0.00, 8.88
4194.00, 11.69, 11.17, 11.54, 0.00, -24.42, 0.00
4205.00, 11.63, 11.69, 11.53, -6.06, 53.11, 0.00
4215.00, 11.58, 11.54, 11.54, -4.94, -14.52, 0.00
4225.00, 11.69, 11.51, 11.50, 10.10, -2.90, -3.81
4235.00, 11.69, 11.57, 11.58, 0.00, 5.98, 7.82
4245.00, 11.65, 11.60, 11.46, -3.72, 2.84, -11.80
4255.00, 11.72, 11.34, 11.47, 6.82, -25.45, 0.00
4265.00, 11.69, 11.63, 11.43, -2.72, 28.81, -4.02
4275.00, 11.61, 11.43, 11.53, -7.55, -19.08, 10.05
4285.00, 11.91, 11.48, 11.51, 28.85, 5.50, 0.00
4296.00, 11.65, 11.40, 11.50, -25.98, -8.72, 0.00
4306.00, 11.64, 11.39, 11.52, 0.00, 0.00, 0.00
4316.00, 11.67, 11.48, 11.47, 2.18, 8.27, -5.22
4326.00, 11.63, 11.54, 11.60, -3.90, 6.36, 12.89
4337.00, 11.65, 11.52, 11.54, 2.66, 0.00, -5.47
4347.00, 11.75, 11.58, 11.43, 8.90, 5.21, -10.51
4357.00, 11.67, 11.58, 11.50, -7.92, 0.00, 6.58
4367.00, 11.75, 11.53, 11.44, 7.97, -4.33, -6.11
4378.00, 11.76, 11.48, 11.43, 0.00, -5.39, 0.00
4388.00, 11.70, 11.30, 11.55, -6.32, -16.97, 11.37
4398.00, 11.71, 11.59, 11.46, 0.00, 28.94, -8.46
4408.00, 11.67, 11.42, 11.64, -4.00, -15.95, 16.82
4419.00, 11.56, 11.43, 11.55, -10.85, 0.00, -9.11
4429.00, 11.60, 11.52, 11.62, 4.51, 9.11, 7.24
4439.00, 11.57, 11.55, 11.56, -2.83, 2.90, -5.44
4449.00, 11.59, 11.55, 11.47, 0.00, 0.00, -9.10
4460.00, 11.53, 11.59, 11.52, -5.57, 3.71, 4.98
4470.00, 11.69, 11.58, 11.48, 15.53, 0.00, -3.86
4480.00, 11.65, 11.49, 11.51, -3.10, -8.83, 2.16
4490.00, 11.62, 11.47, 11.51, -3.69, 0.00, 0.00
4501.00, 11.64, 11.45, 11.51, 2.74, 0.00, 0.00
4511.00, 11.62, 11.40, 11.58, 0.00, -5.38, 6.90
4520.00, 11.58, 11.42, 11.55, -4.13, 2.00, -2.84
4530.00, 11.52, 11.38, 11.59, -6.41, -3.65, 3.86
4540.00, 11.59, 11.60, 11.61, 6.93, 21.92, 2.41
4551.00, 11.57, 11.53, 11.61, 0.00, -7.07, 0.00
4561.00, 11.58, 11.56, 11.56, 0.00, 2.92, -4.84
4570.00, 11.72, 11.49, 11.49, 14.08, -7.13, -7.59
4580.00, 11.60, 11.53, 11.55, -11.66, 4.55, 6.01
4591.00, 11.74, 11.43, 11.52, 14.02, -10.33, -2.90
4601.00, 11.75, 11.41, 11.48, 0.00, 0.00, -4.07
4611.00, 11.73, 11.43, 11.53, 0.00, 0.00, 5.23
4621.00, 11.68, 11.36, 11.51, -5.28, -6.42, -2.16
4632.00, 11.65, 11.44, 11.54, -3.05, 7.52, 3.15
4642.00, 11.60, 11.49, 11.55, -4.75, 5.24, 0.00
4652.00, 11.59, 11.54, 11.58, 0.00, 4.77, 2.49
4662.00, 11.62, 11.62, 11.57, 3.01, 7.48, 0.00
4673.00, 11.63, 11.59, 11.43, 0.00, -2.60, -14.01
4683.00, 11.70, 11.52, 11.59, 7.03, -7.38, 15.64
4693.00, 11.64, 11.40, 11.49, -5.98, -11.79, -10.59
4703.00, 11.71, 11.53, 11.56, 6.65, 13.10, 7.37
4714.00, 11.74, 11.47, 11.49, 2.79, -6.06, -7.08
4723.00, 11.46, 11.41, 11.48, -27.38, -5.31, 0.00
4733.00, 11.87, 11.40, 11.66, 40.67, 0.00, 18.62
4743.00, 11.71, 11.46, 11.51, -15.62, 5.46, -14.79
4753.00, 11.56, 11.44, 11.62, -14.92, 0.00, 10.29
4764.00, 11.66, 11.59, 11.51, 10.35, 14.27, -10.78
4774.00, 11.64, 11.52, 11.62, 0.00, -6.25, 11.18
4784.00, 11.64, 11.37, 11.35, 0.00, -14.81, -25.80
4794.00, 11.73, 11.77, 11.62, 8.27, 39.62, 26.71
4805.00, 11.61, 11.47, 11.41, -11.68, -29.29, -20.62
4815.00, 11.80, 11.49, 11.72, 18.78, 0.00, 30.89
4825.00, 11.65, 11.45, 11.52, -14.80, -3.61, -20.22
4835.00, 11.70, 11.44, 11.58, 4.98, 0.00, 6.30
4846.00, 11.63, 11.38, 11.56, -7.01, -6.01, -2.18
4856.00, 11.62, 11.45, 11.58, 0.00, 6.98, 2.01
4866.00, 11.62, 11.37, 11.59, 0.00, -7.13, 0.00
4876.00, 11.64, 11.73, 11.58, 2.17, 35.27, 0.00
4887.00, 11.65, 11.60, 11.47, 0.00, -13.29, -10.72
4897.00, 11.73, 11.55, 11.54, 7.40, -4.58, 6.65
4907.00, 11.67, 11.58, 11.50, -5.36, 2.85, -3.46
4917.00, 11.59, 11.53, 11.52, -7.72, -4.72, 2.07
4928.00, 11.78, 11.47, 11.54, 18.40, -6.03, 0.00
4938.00, 11.60, 11.45, 11.56, -18.28, 0.00, 2.40
4948.00, 11.64, 11.43, 11.57, 3.27, -2.24, 0.00
4958.00, 11.63, 11.49, 11.59, 0.00, 6.39, 0.00
4968.00, 11.58, 11.43, 11.65, -4.85, -6.10, 6.11
4979.00, 11.51, 11.57, 11.60, -7.54, 13.31, -4.72
4989.00, 11.56, 11.56, 11.50, 5.51, 0.00, -10.51
4999.00, 11.49, 11.58, 11.52, -7.28, 2.41, 0.00