0,0,0,0,0,0,0
11.00, 0.00, 0.00, 0.00, 0.00, 0.00, 0.00
21.00, 1.29, 1.32, 1.31, 131.41, 137.49, 120.81
31.00, 2.37, 2.27, 2.48, 107.88, 90.87, 120.80
41.00, 3.35, 3.36, 3.40, 94.04, 110.21, 86.53
51.00, 4.21, 4.13, 4.25, 81.47, 70.89, 81.47
61.00, 4.93, 4.86, 4.96, 79.10, 79.70, 76.18
72.00, 5.58, 5.51, 5.64, 62.73, 62.74, 64.87
81.00, 6.28, 6.10, 6.42, 70.09, 59.99, 77.70
92.00, 6.79, 6.70, 6.89, 49.58, 57.30, 45.83
102.00, 7.19, 7.22, 7.26, 43.99, 57.16, 39.07
112.00, 7.72, 7.62, 7.81, 51.27, 38.67, 55.64
122.00, 8.06, 8.04, 8.11, 32.36, 40.52, 29.11
132.00, 8.42, 8.42, 8.43, 36.54, 37.46, 30.82
143.00, 8.79, 8.75, 8.69, 35.53, 32.04, 25.50
152.00, 8.95, 9.00, 8.94, 16.53, 25.97, 26.76
162.00, 9.22, 9.31, 9.12, 27.64, 31.81, 17.98
172.00, 9.51, 9.44, 9.38, 27.05, 12.49, 24.34
182.00, 9.75, 9.64, 9.47, 24.26, 19.69, 9.04
192.00, 9.89, 9.78, 9.73, 15.64, 15.01, 28.61
202.00, 10.01, 9.86, 9.86, 11.11, 7.77, 13.23
212.00, 10.21, 9.95, 9.94, 19.30, 8.90, 7.41
222.00, 10.27, 10.07, 10.17, 6.20, 11.80, 23.17
233.00, 10.42, 10.21, 10.27, 15.70, 15.51, 10.41
243.00, 10.47, 10.38, 10.35, 5.63, 16.30, 7.58
253.00, 10.59, 10.35, 10.45, 11.36, -3.54, 10.26
263.00, 10.68, 10.71, 10.50, 9.14, 35.93, 4.89
274.00, 10.77, 10.70, 10.55, 8.95, 0.00, 4.73
284.00, 10.69, 10.83, 10.60, -7.84, 12.72, 5.08
294.00, 10.89, 10.87, 10.61, 19.28, 3.89, 0.00
304.00, 10.81, 10.96, 10.80, -7.84, 8.85, 18.63
315.00, 11.16, 10.90, 10.79, 35.61, -6.24, 0.00
324.00, 10.96, 10.82, 10.82, -20.37, -7.96, 2.42
334.00, 11.12, 11.01, 10.84, 15.78, 17.95, 2.12
344.00, 11.15, 10.74, 11.04, 2.82, -25.87, 19.96
355.00, 11.21, 11.22, 11.01, 5.49, 47.68, -2.98
364.00, 11.17, 11.05, 10.94, -3.64, -17.45, -7.51
374.00, 11.23, 11.09, 11.15, 6.11, 3.73, 22.04
384.00, 11.25, 11.16, 11.02, 0.00, 7.55, -12.93
394.00, 11.29, 11.17, 11.09, 3.96, 0.00, 6.64
404.00, 11.23, 11.23, 11.07, -5.78, 6.74, -2.36
414.00, 11.25, 11.29, 11.09, 0.00, 5.91, 0.00
424.00, 11.27, 11.31, 11.10, 0.00, 2.01, 0.00
434.00, 11.37, 11.32, 11.14, 10.15, 0.00, 3.80
445.00, 11.36, 11.27, 11.24, 0.00, -5.30, 9.93
455.00, 11.25, 11.28, 11.19, -10.95, 0.00, -4.79
465.00, 11.32, 11.12, 11.22, 7.72, -15.61, 3.26
475.00, 11.42, 11.46, 11.21, 9.45, 33.24, 0.00
486.00, 11.31, 11.24, 11.32, -10.84, -20.36, 9.74
496.00, 11.44, 11.43, 11.14, 13.38, 19.41, -17.85
505.00, 11.43, 11.42, 11.27, 0.00, 0.00, 12.75
515.00, 11.46, 11.44, 11.19, 3.69, 0.00, -7.58
526.00, 11.37, 11.46, 11.18, -9.37, 0.00, 0.00
535.00, 11.41, 11.45, 11.19, 4.66, 0.00, 0.00
545.00, 11.41, 11.41, 11.26, 0.00, -3.39, 6.87
555.00, 11.42, 11.36, 11.27, 0.00, -5.87, 0.00
565.00, 11.49, 11.39, 11.25, 6.59, 3.24, 0.00
575.00, 11.41, 11.36, 11.26, -8.08, -3.41, 0.00
585.00, 11.51, 11.41, 11.42, 10.17, 5.72, 15.81
595.00, 11.47, 11.36, 11.28, -3.82, -5.12, -12.91
605.00, 11.45, 11.42, 11.22, -2.14, 6.25, -6.35
616.00, 11.45, 11.43, 11.37, 0.00, 0.00, 15.77
625.00, 11.48, 11.45, 11.25, 2.85, 2.08, -12.19
635.00, 11.25, 11.51, 11.28, -22.03, 5.37, 2.86
645.00, 11.67, 11.39, 11.32, 43.09, -12.17, 3.57
656.00, 11.50, 11.49, 11.27, -16.59, 9.81, -4.66
666.00, 11.43, 11.38, 11.36, -7.05, -11.06, 8.97
675.00, 11.47, 11.30, 11.34, 3.87, -8.41, 0.00
685.00, 11.57, 11.42, 11.37, 9.42, 11.73, 3.14
696.00, 11.47, 11.36, 11.33, -9.71, -5.60, -4.34
706.00, 11.53, 11.40, 11.44, 6.45, 4.27, 11.67
715.00, 11.52, 11.38, 11.29, 0.00, 0.00, -15.91
725.00, 11.54, 11.43, 11.45, 0.00, 5.09, 16.79
735.00, 11.43, 11.44, 11.33, -10.30, 0.00, -11.86
746.00, 11.50, 11.47, 11.37, 6.78, 3.84, 4.61
755.00, 11.52, 11.47, 11.29, 0.00, 0.00, -8.59
765.00, 11.50, 11.36, 11.35, 0.00, -10.64, 5.52
775.00, 11.58, 11.36, 11.39, 8.28, 0.00, 4.24
786.00, 11.51, 11.39, 11.29, -6.69, 3.26, -9.50
796.00, 11.54, 11.40, 11.44, 2.83, 0.00, 14.41
806.00, 11.58, 11.46, 11.31, 4.26, 5.99, -12.41
816.00, 11.60, 11.41, 11.31, 0.00, -4.28, 0.00
827.00, 11.61, 11.49, 11.31, 0.00, 7.02, 0.00
837.00, 11.52, 11.46, 11.15, -9.82, -2.28, -16.68
846.00, 11.55, 11.48, 11.44, 3.55, 0.00, 30.36
856.00, 11.58, 11.52, 11.33, 2.69, 4.20, -10.81
867.00, 11.60, 11.43, 11.27, 2.09, -8.80, -6.01
877.00, 11.60, 11.32, 11.37, 0.00, -10.84, 9.64
886.00, 11.62, 11.38, 11.25, 2.40, 5.23, -11.38
896.00, 11.43, 11.07, 11.43, -19.09, -30.29, 17.59
906.00, 11.78, 11.56, 11.42, 33.81, 47.27, 0.00
917.00, 11.63, 11.36, 11.38, -15.30, -20.08, -3.72
926.00, 11.69, 11.38, 11.40, 5.16, 2.71, 0.00
936.00, 11.65, 11.39, 11.34, -3.83, 0.00, -5.52
946.00, 11.50, 11.45, 11.36, -14.26, 5.22, 2.22
957.00, 11.59, 11.42, 11.38, 8.50, -2.60, 0.00
967.00, 11.55, 11.41, 11.31, -3.44, 0.00, -7.45
977.00, 11.64, 11.53, 11.27, 7.62, 11.80, -3.68
987.00, 11.50, 11.46, 11.37, -13.11, -6.84, 9.72
998.00, 11.62, 11.39, 11.35, 11.62, -7.19, 0.00
1008.00, 11.65, 11.38, 11.38, 3.22, 0.00, 3.30
1017.00, 11.56, 11.40, 11.34, -8.79, 0.00, -4.20
1027.00, 11.59, 11.42, 11.40, 2.78, 2.18, 5.39
1038.00, 11.60, 11.37, 11.42, 0.00, -5.95, 2.28
1048.00, 11.61, 11.45, 11.43, 0.00, 8.59, 0.00
1057.00, 11.58, 11.45, 11.34, -3.34, 0.00, -8.34
1067.00, 11.67, 11.49, 11.30, 9.53, 3.71, -4.11
1077.00, 11.52, 11.50, 11.43, -14.50, 0.00, 12.99
1088.00, 11.52, 11.49, 11.37, 0.00, 0.00, -6.51
1098.00, 11.53, 11.45, 11.39, 0.00, -3.36, 2.38
1107.00, 11.52, 11.43, 11.39, 0.00, -2.83, 0.00
1117.00, 11.52, 11.37, 11.42, 0.00, -5.08, 3.02
1128.00, 11.55, 11.42, 11.44, 3.00, 4.85, 0.00
1138.00, 11.49, 11.41, 11.44, -5.31, 0.00, 0.00
1147.00, 11.76, 11.47, 11.29, 26.77, 6.73, -15.18
1157.00, 11.50, 11.42, 11.43, -25.05, -4.84, 13.75
1168.00, 11.48, 11.46, 11.38, -2.71, 4.03, -4.86
1178.00, 11.57, 11.41, 11.37, 9.62, -5.34, 0.00
1188.00, 11.52, 11.47, 11.39, -5.90, 5.62, 0.00
1197.00, 11.54, 11.50, 11.37, 2.82, 4.02, 0.00
1208.00, 11.57, 11.39, 11.37, 2.84, -11.30, 0.00
1218.00, 11.53, 11.32, 11.41, -4.00, -7.24, 3.99
1227.00, 11.54, 11.36, 11.47, 0.00, 3.66, 5.97
1237.00, 11.58, 11.34, 11.47, 4.61, 0.00, 0.00
1247.00, 11.63, 11.34, 11.52, 4.64, 0.00, 5.83
1258.00, 11.61, 11.39, 11.48, -2.55, 5.58, -4.12
1268.00, 11.54, 11.27, 11.45, -6.37, -12.31, -3.35
1277.00, 11.60, 11.49, 11.46, 6.02, 21.91, 0.00
1287.00, 11.51, 11.43, 11.43, -9.16, -5.76, -3.30
1298.00, 11.48, 11.45, 11.45, -3.16, 0.00, 0.00
1308.00, 11.54, 11.39, 11.46, 6.01, -5.47, 0.00
1318.00, 11.45, 11.42, 11.42, -8.81, 2.58, -3.90
1328.00, 11.60, 11.36, 11.46, 14.79, -5.98, 3.70
1339.00, 11.61, 11.41, 11.45, 0.00, 5.04, 0.00
1349.00, 11.59, 11.43, 11.43, -2.07, 2.92, -2.19
1358.00, 11.57, 11.43, 11.21, 0.00, 0.00, -22.17
1368.00, 11.59, 11.47, 11.26, 0.00, 4.61, 5.38
1379.00, 11.64, 11.51, 11.59, 5.08, 3.31, 32.00
1389.00, 11.60, 11.45, 11.38, -4.27, -5.37, -20.56
1399.00, 11.57, 11.52, 11.38, -3.42, 5.80, 0.00
1409.00, 11.68, 11.49, 11.29, 11.67, -2.99, -8.44
1419.00, 11.63, 11.37, 11.45, -4.83, -11.16, 15.27
1430.00, 11.57, 11.36, 11.39, -5.97, 0.00, -5.88
1440.00, 11.62, 11.28, 11.45, 4.54, -8.47, 5.04
1450.00, 11.66, 11.38, 11.47, 4.35, 10.17, 2.48
1460.00, 11.75, 11.38, 11.28, 8.87, 0.00, -18.43
1471.00, 11.62, 11.38, 11.62, -13.34, 0.00, 33.20
1481.00, 11.72, 11.38, 11.41, 10.18, 0.00, -20.91
1491.00, 11.55, 11.41, 11.37, -16.33, 3.03, -3.18
1500.00, 11.62, 11.41, 11.43, 6.79, 0.00, 5.52
1511.00, 11.53, 11.47, 11.42, -9.12, 5.64, 0.00
1521.00, 11.52, 11.53, 11.44, 0.00, 6.27, 2.20
1531.00, 11.47, 11.45, 11.21, -5.65, -7.90, -22.85
1541.00, 11.50, 11.52, 11.68, 2.89, 6.62, 47.20
1552.00, 11.60, 11.42, 11.45, 10.10, -10.07, -23.25
1562.00, 11.45, 11.38, 11.45, -14.55, -3.66, 0.00
1572.00, 11.72, 11.45, 11.48, 25.67, 6.68, 2.46
1582.00, 11.56, 11.46, 11.47, -15.15, 0.00, 0.00
1593.00, 11.66, 11.48, 11.45, 9.15, 0.00, 0.00
1603.00, 11.55, 11.53, 11.42, -10.53, 5.17, -2.64
1613.00, 11.51, 11.48, 11.42, -4.59, -4.61, 0.00
1622.00, 11.51, 11.54, 11.44, 0.00, 5.83, 0.00
1632.00, 11.50, 11.51, 11.32, 0.00, -3.28, -11.56
1643.00, 11.48, 11.50, 11.50, -2.73, 0.00, 17.90
1653.00, 11.51, 11.45, 11.46, 3.17, -5.31, -4.85
1662.00, 11.59, 11.45, 11.47, 8.30, 0.00, 0.00
1672.00, 11.55, 11.39, 11.46, -3.90, -5.91, 0.00
1683.00, 11.54, 11.47, 11.53, 0.00, 8.26, 7.29
1692.00, 11.54, 11.47, 11.45, 0.00, 0.00, -8.33
1702.00, 11.59, 11.46, 11.38, 5.98, 0.00, -6.88
1712.00, 11.49, 11.38, 11.46, -9.67, -7.64, 7.29
1723.00, 11.43, 11.54, 11.42, -6.11, 16.22, -2.96
1733.00, 11.60, 11.47, 11.44, 16.51, -7.94, 0.00
1743.00, 11.42, 11.47, 11.39, -17.00, 0.00, -5.03
1753.00, 11.44, 11.45, 11.43, 0.00, -2.01, 4.27
1764.00, 11.63, 11.41, 11.47, 19.26, -3.33, 3.22
1774.00, 11.60, 11.41, 11.47, -3.22, 0.00, 0.00
1784.00, 11.55, 11.32, 11.50, -4.93, -8.65, 2.32
1793.00, 11.55, 11.52, 11.50, 0.00, 20.20, 0.00
1803.00, 11.58, 11.42, 11.46, 2.69, -9.87, -3.84
1814.00, 11.52, 11.42, 11.46, -5.85, 0.00, 0.00
1823.00, 11.52, 11.40, 11.52, 0.00, 0.00, 5.94
1833.00, 11.53, 11.46, 11.52, 0.00, 6.04, 0.00
1843.00, 11.39, 11.51, 11.54, -12.93, 4.90, 0.00
1854.00, 11.48, 11.48, 11.48, 8.93, -3.42, -5.61
1864.00, 11.57, 11.44, 11.52, 8.50, -3.69, 3.95
1873.00, 11.51, 11.41, 11.47, -5.77, -2.74, -5.23
1883.00, 11.31, 11.43, 11.47, -19.56, 0.00, 0.00
1894.00, 11.70, 11.49, 11.43, 39.73, 6.14, -3.76
1904.00, 11.63, 11.48, 11.51, -7.85, 0.00, 8.13
1914.00, 11.55, 11.50, 11.38, -7.45, 2.06, -13.01
1923.00, 11.58, 11.57, 11.38, 3.23, 7.15, 0.00
1934.00, 11.49, 11.52, 11.41, -9.12, -5.44, 3.18
1944.00, 11.73, 11.50, 11.37, 24.52, 0.00, -4.08
1954.00, 11.52, 11.55, 11.44, -20.90, 4.12, 6.71
1964.00, 11.51, 11.45, 11.42, 0.00, -9.90, 0.00
1973.00, 11.70, 11.41, 11.34, 19.99, -3.20, -8.67
1984.00, 11.56, 11.40, 11.53, -14.46, 0.00, 19.32
1994.00, 11.55, 11.39, 11.45, 0.00, 0.00, -8.11
2004.00, 11.68, 11.42, 11.48, 13.07, 2.71, 2.68
2014.00, 11.70, 11.48, 11.43, 0.00, 5.95, -5.03
2025.00, 11.65, 11.43, 11.41, -5.54, -4.89, 0.00
2035.00, 11.61, 11.47, 11.39, -4.33, 4.15, -2.72
2044.00, 11.52, 11.47, 11.46, -8.77, 0.00, 6.87
2054.00, 11.51, 11.50, 11.44, 0.00, 2.79, 0.00
2065.00, 11.53, 11.49, 11.41, 0.00, 0.00, -3.19
2075.00, 11.54, 11.52, 11.43, 0.00, 2.78, 2.74
2084.00, 11.53, 11.52, 11.47, 0.00, 0.00, 3.46
2094.00, 11.55, 11.51, 11.43, 2.36, 0.00, -3.86
2105.00, 11.46, 11.49, 11.49, -9.00, -2.41, 6.02
2115.00, 11.63, 11.47, 11.47, 17.47, 0.00, -2.11
2125.00, 11.55, 11.48, 11.47, -7.87, 0.00, 0.00
2134.00, 11.59, 11.51, 11.41, 3.17, 3.31, -5.49
2144.00, 11.58, 11.51, 11.35, 0.00, 0.00, -6.44
2155.00, 11.58, 11.53, 11.44, 0.00, 0.00, 9.52
2164.00, 11.51, 11.55, 11.41, -6.58, 2.55, -2.74
2174.00, 11.49, 11.53, 11.40, 0.00, -2.14, 0.00
2184.00, 11.54, 11.55, 11.37, 4.12, 0.00, -3.26
2195.00, 11.51, 11.53, 11.39, -2.42, 0.00, 0.00
2205.00, 11.57, 11.51, 11.48, 5.60, -2.12, 9.54
2214.00, 11.50, 11.47, 11.42, -7.02, -3.64, -5.76
2224.00, 11.51, 11.47, 11.50, 0.00, 0.00, 7.88
2235.00, 11.59, 11.56, 11.46, 7.83, 8.10, -3.96
2245.00, 11.57, 11.48, 11.41, -2.68, -8.01, -5.21
2255.00, 11.48, 11.50, 11.39, -8.51, 2.53, 0.00
2264.00, 11.50, 11.51, 11.35, 2.07, 0.00, -4.08
2275.00, 11.49, 11.52, 11.48, 0.00, 0.00, 13.19
2285.00, 11.47, 11.50, 11.45, -2.78, 0.00, -2.97
2294.00, 11.52, 11.51, 11.45, 5.13, 0.00, 0.00
2304.00, 11.52, 11.49, 11.45, 0.00, -2.17, 0.00
2314.00, 11.55, 11.38, 11.50, 3.62, -10.31, 4.96
2325.00, 11.53, 11.45, 11.49, -2.59, 7.00, 0.00
2335.00, 11.62, 11.46, 11.46, 9.16, 0.00, -2.25
2345.00, 11.58, 11.48, 11.51, -3.80, 2.13, 4.52
2355.00, 11.65, 11.41, 11.48, 7.00, -7.17, -3.20
2366.00, 11.53, 11.45, 11.46, -12.05, 3.88, 0.00
2376.00, 11.52, 11.47, 11.46, 0.00, 1.91, 0.00
2386.00, 11.44, 11.53, 11.46, -7.81, 6.11, 0.00
2396.00, 11.56, 11.46, 11.50, 11.54, -6.59, 4.12
2407.00, 11.47, 11.52, 11.48, -8.76, 6.18, -2.08
2417.00, 11.53, 11.46, 11.47, 5.34, -6.58, 0.00
2427.00, 11.57, 11.47, 11.43, 4.18, 0.00, -3.91
2437.00, 11.58, 11.41, 11.46, 0.00, -5.89, 2.71
2448.00, 11.54, 11.56, 11.37, -4.58, 14.11, -8.50
2458.00, 11.64, 11.58, 11.25, 9.88, 2.10, -11.60
2468.00, 11.58, 11.51, 11.53, -5.92, -6.98, 27.20
2478.00, 11.69, 11.53, 11.29, 10.93, 2.27, -22.09
2489.00, 11.53, 11.60, 11.50, -15.69, 6.40, 19.92
2499.00, 11.62, 11.51, 11.38, 8.13, -8.56, -11.10
2509.00, 11.51, 11.52, 11.37, -10.27, 0.00, 0.00
2519.00, 11.61, 11.44, 11.42, 9.35, -7.14, 4.45
2530.00, 11.64, 11.45, 11.38, 3.48, 0.00, -3.75
2540.00, 11.61, 11.47, 11.46, -3.34, 2.56, 7.46
2550.00, 11.71, 11.43, 11.43, 10.24, -3.95, -2.75
2560.00, 11.66, 11.46, 11.44, -5.54, 2.44, 0.00
2569.00, 11.74, 11.29, 11.28, 7.92, -16.12, -16.07
2580.00, 11.60, 11.56, 11.50, -13.03, 26.39, 22.40
2590.00, 11.69, 11.55, 11.42, 8.51, 0.00, -8.50
2600.00, 11.54, 11.48, 11.41, -15.17, -6.85, 0.00
2610.00, 11.54, 11.55, 11.40, 0.00, 6.33, 0.00
2621.00, 11.56, 11.48, 11.40, 2.01, -6.34, 0.00
2631.00, 11.59, 11.54, 11.42, 3.07, 4.98, 2.35
2641.00, 11.51, 11.54, 11.41, -8.12, 0.00, 0.00
2651.00, 11.61, 11.49, 11.49, 10.29, -5.06, 7.87
2662.00, 11.56, 11.52, 11.45, -5.03, 3.78, -4.17
2672.00, 11.71, 11.51, 11.42, 14.98, 0.00, -2.83
2682.00, 11.58, 11.50, 11.41, -12.36, 0.00, 0.00
2691.00, 11.72, 11.35, 11.41, 13.38, -14.75, 0.00
2702.00, 11.57, 11.73, 11.38, -14.12, 37.88, -3.19
2712.00, 11.62, 11.49, 11.42, 4.54, -24.28, 4.61
2722.00, 11.49, 11.48, 11.34, -12.91, 0.00, -8.01
2732.00, 11.58, 11.52, 11.45, 9.38, 3.64, 10.05
2742.00, 11.55, 11.51, 11.43, -3.45, 0.00, 0.00
2753.00, 11.61, 11.48, 11.46, 6.04, -2.79, 3.22
2763.00, 11.63, 11.26, 11.46, 2.44, -21.85, 0.00
2772.00, 11.62, 11.62, 11.47, 0.00, 36.84, 0.00
2782.00, 11.73, 11.55, 11.44, 10.73, -6.94, -3.68
2793.00, 11.59, 11.46, 11.43, -13.26, -9.91, 0.00
2803.00, 11.61, 11.35, 11.37, 0.00, -9.65, -5.15
2813.00, 11.60, 11.53, 11.46, 0.00, 16.62, 8.82
2823.00, 11.55, 11.47, 11.46, -4.34, -5.23, 0.00
2834.00, 11.41, 11.50, 11.44, -14.16, 2.45, 0.00
2844.00, 11.74, 11.51, 11.41, 32.79, 0.00, -2.89
2854.00, 11.55, 11.44, 11.44, -18.85, -6.71, 3.41
2864.00, 11.57, 11.49, 11.47, 0.00, 4.41, 2.35
2875.00, 11.70, 11.46, 11.47, 13.60, -2.59, 0.00
2885.00, 11.62, 11.46, 11.50, -8.47, 0.00, 3.72
2894.00, 11.63, 11.49, 11.44, 0.00, 2.75, -6.46
2904.00, 11.71, 11.41, 11.41, 7.92, -7.55, -2.28
2915.00, 11.65, 11.44, 11.45, -6.57, 3.01, 3.67
2925.00, 11.55, 11.45, 11.46, -9.73, 0.00, 0.00
2934.00, 11.57, 11.51, 11.47, 0.00, 6.90, 0.00
2944.00, 11.56, 11.50, 11.51, 0.00, 0.00, 4.04
2954.00, 11.58, 11.41, 11.49, 0.00, -8.71, -2.66
2965.00, 11.55, 11.47, 11.49, -2.74, 5.75, 0.00
2974.00, 11.60, 11.47, 11.47, 4.79, 0.00, -2.32
2984.00, 11.59, 11.47, 11.19, 0.00, 0.00, -28.03
2994.00, 11.68, 11.52, 11.63, 8.68, 4.61, 41.89
3005.00, 11.69, 11.49, 11.36, 0.00, -2.93, -25.99
3015.00, 11.68, 11.52, 11.43, 0.00, 2.54, 6.38
3025.00, 11.64, 11.51, 11.41, -3.72, 0.00, -2.46
3035.00, 11.65, 11.55, 11.36, 0.00, 4.52, -4.04
3046.00, 11.60, 11.43, 11.44, -4.75, -11.94, 7.34
3056.00, 11.59, 11.57, 11.28, 0.00, 13.95, -16.20
3066.00, 11.69, 11.39, 11.57, 10.22, -17.89, 28.60
3076.00, 11.68, 11.41, 11.50, 0.00, 2.21, -6.65
3087.00, 11.67, 11.44, 11.46, 0.00, 3.31, -3.38
3096.00, 11.77, 11.39, 11.44, 10.04, -5.01, -2.12
3106.00, 11.79, 11.43, 11.41, 0.00, 4.11, -3.20
3116.00, 11.69, 11.34, 11.41, -10.58, -8.90, 0.00
3126.00, 11.72, 11.49, 11.41, 3.80, 13.93, 0.00
3137.00, 11.75, 11.43, 11.42, 2.12, -5.34, 0.00
3147.00, 11.61, 11.47, 11.47, -13.37, 3.69, 4.60
3157.00, 11.58, 11.51, 11.47, -2.88, 3.60, 0.00
3166.00, 11.59, 11.33, 11.46, 0.00, -17.43, 0.00
3177.00, 11.53, 11.67, 11.47, -5.87, 34.06, 0.00
3187.00, 11.56, 11.52, 11.49, 2.62, -14.09, 0.00
3197.00, 11.58, 11.48, 11.50, 0.00, -4.05, 0.00
3207.00, 11.65, 11.47, 11.41, 6.89, 0.00, -8.68
3218.00, 11.63, 11.50, 11.51, 0.00, 2.39, 9.72
3228.00, 11.67, 11.50, 11.49, 3.48, 0.00, -1.97
3238.00, 11.72, 11.50, 11.43, 5.43, 0.00, -6.09
3248.00, 11.64, 11.48, 11.50, -8.36, 0.00, 7.13
3259.00, 11.57, 11.46, 11.48, -6.38, -2.60, -2.08
3269.00, 11.55, 11.46, 11.47, -2.17, 0.00, 0.00
3278.00, 11.59, 11.48, 11.50, 3.64, 2.78, 3.25
3288.00, 11.55, 11.45, 11.46, -3.58, -3.23, -3.83
3299.00, 11.64, 11.44, 11.51, 8.78, 0.00, 5.30
3309.00, 11.59, 11.44, 11.53, -5.16, 0.00, 0.00
3318.00, 11.63, 11.46, 11.47, 4.20, 2.52, -5.69
3328.00, 11.72, 11.43, 11.59, 8.85, -2.94, 12.41
3338.00, 11.58, 11.41, 11.46, -13.98, 0.00, -13.62
3349.00, 11.62, 11.44, 11.44, 4.20, 2.40, 0.00
3359.00, 11.49, 11.46, 11.50, -12.99, 2.14, 5.84
3369.00, 11.56, 11.45, 11.51, 6.93, 0.00, 0.00
3379.00, 11.56, 11.47, 11.48, 0.00, 2.71, -2.84
3390.00, 11.55, 11.50, 11.53, 0.00, 2.52, 4.64
3400.00, 11.56, 11.47, 11.53, 0.00, -3.24, 0.00
3409.00, 11.56, 11.44, 11.55, 0.00, -2.18, 0.00
3419.00, 11.61, 11.50, 11.59, 4.81, 5.41, 3.51
3430.00, 11.61, 11.32, 11.51, 0.00, -17.65, -7.99
3440.00, 11.72, 11.50, 11.52, 11.19, 17.44, 0.00
3450.00, 11.62, 11.34, 11.55, -10.10, -15.44, 3.17
3460.00, 11.68, 11.36, 11.50, 5.88, 0.00, -5.77
3470.00, 11.57, 11.42, 11.59, -11.15, 5.68, 9.19
3480.00, 11.60, 11.43, 11.54, 2.84, 0.00, -4.71
3490.00, 11.54, 11.43, 11.54, -5.40, 0.00, 0.00
3500.00, 11.56, 11.51, 11.58, 0.00, 7.65, 3.53
3510.00, 11.53, 11.40, 11.55, -2.96, -10.41, -2.44
3521.00, 11.65, 11.51, 11.55, 12.26, 10.51, 0.00
3531.00, 11.57, 11.49, 11.44, -8.15, -2.02, -10.36
3541.00, 11.70, 11.51, 11.45, 12.05, 1.93, 0.00
3551.00, 11.66, 11.45, 11.44, -4.05, -5.59, 0.00
3562.00, 11.65, 11.47, 11.30, 0.00, 0.00, -13.67
3571.00, 11.72, 11.47, 11.62, 6.99, 0.00, 31.46
3581.00, 11.57, 11.48, 11.46, -15.47, 0.00, -15.50
3591.00, 11.64, 11.54, 11.53, 7.27, 5.36, 6.38
3602.00, 11.58, 11.44, 11.52, -5.62, -9.63, 0.00
3612.00, 11.62, 11.44, 11.48, 3.76, 0.00, -3.29
3622.00, 11.65, 11.39, 11.57, 2.60, -4.60, 8.26
3632.00, 11.65, 11.46, 11.50, 0.00, 6.52, -6.47
3643.00, 11.71, 11.37, 11.55, 6.73, -9.18, 4.90
3653.00, 11.76, 11.41, 11.50, 4.85, 4.08, -5.00
3663.00, 11.75, 11.37, 11.46, 0.00, -3.62, -4.17
3672.00, 11.67, 11.20, 11.47, -7.88, -17.04, 0.00
3683.00, 11.63, 11.56, 11.50, -3.77, 35.62, 3.45
3693.00, 11.59, 11.40, 11.53, -4.33, -15.68, 2.36
3703.00, 11.54, 11.44, 11.53, -5.27, 4.21, 0.00
3713.00, 11.55, 11.50, 11.54, 0.00, 5.13, 0.00
3723.00, 11.60, 11.45, 11.51, 5.54, -4.16, -2.39
3734.00, 11.55, 11.43, 11.59, -4.71, -2.51, 7.62
3744.00, 11.55, 11.63, 11.55, 0.00, 20.75, -3.34
3754.00, 11.67, 11.50, 11.51, 11.87, -12.85, -4.56
3763.00, 11.67, 11.42, 11.51, 0.00, -8.49, 0.00
3774.00, 11.62, 11.58, 11.48, -4.70, 16.09, -2.30
3784.00, 11.63, 11.47, 11.49, 0.00, -11.32, 0.00
3794.00, 11.57, 11.49, 11.50, -5.43, 2.24, 0.00
3804.00, 11.55, 11.47, 11.49, 0.00, 0.00, 0.00
3815.00, 11.49, 11.52, 11.56, -6.34, 4.86, 6.29
3825.00, 11.56, 11.46, 11.53, 7.17, -5.71, -2.60
3835.00, 11.50, 11.45, 11.55, -6.66, 0.00, 0.00
3845.00, 11.58, 11.56, 11.58, 8.28, 11.37, 3.36
3856.00, 11.62, 11.47, 11.57, 3.51, -9.75, 0.00
3866.00, 11.59, 11.50, 11.51, -2.53, 3.72, -5.49
3876.00, 11.57, 11.48, 11.45, -2.50, -2.21, -5.86
3885.00, 11.65, 11.41, 11.58, 8.20, -7.37, 12.36
3896.00, 11.53, 11.41, 11.51, -11.57, 0.00, -6.41
3906.00, 11.51, 11.47, 11.53, 0.00, 5.62, 0.00
3916.00, 11.52, 11.48, 11.58, 0.00, 0.00, 4.28
3926.00, 11.48, 11.48, 11.47, -3.57, 0.00, -10.28
3936.00, 11.50, 11.51, 11.64, 1.94, 3.68, 16.56
3947.00, 11.57, 11.50, 11.56, 6.71, 0.00, -8.01
3957.00, 11.50, 11.51, 11.57, -7.10, 0.00, 0.00
3967.00, 11.43, 11.52, 11.53, -6.58, 0.00, -3.70
3977.00, 11.79, 11.43, 11.52, 35.73, -9.35, 0.00
3988.00, 11.59, 11.45, 11.31, -20.73, 2.56, -20.22
3998.00, 11.66, 11.44, 11.76, 7.33, 0.00, 44.75
4008.00, 11.59, 11.32, 11.53, -6.71, -11.72, -22.48
4018.00, 11.59, 11.52, 11.54, 0.00, 20.56, 0.00
4029.00, 11.52, 11.48, 11.57, -7.01, -4.48, 3.46
4039.00, 11.55, 11.47, 11.62, 2.95, 0.00, 4.74
4049.00, 11.51, 11.45, 11.59, -3.62, -2.12, -3.32
4059.00, 11.56, 11.57, 11.57, 5.26, 11.57, 0.00
4070.00, 11.55, 11.42, 11.57, 0.00, -14.37, 0.00
4080.00, 11.62, 11.60, 11.49, 7.29, 18.12, -8.48
4090.00, 11.64, 11.48, 11.44, 1.96, -11.86, -4.70
4100.00, 11.58, 11.47, 11.43, -5.47, 0.00, 0.00
4110.00, 11.61, 11.48, 11.54, 3.12, 0.00, 11.30
4120.00, 11.63, 11.49, 11.46, 0.00, 0.00, -7.34
4130.00, 11.50, 11.52, 11.57, -12.50, 2.39, 10.05
4140.00, 11.60, 11.51, 11.57, 9.43, 0.00, 0.00
4150.00, 11.48, 11.54, 11.52, -11.14, 2.12, -5.79
4161.00, 11.66, 11.46, 11.60, 17.63, -7.58, 8.55
4171.00, 11.55, 11.49, 11.52, -10.81, 2.90, -8.48
4181.00, 11.66, 11.47, 11.57, 10.79, 0.00, 5.82
4190.00, 11.64, 11.48, 11.54, 0.00, 0.00, -3.80
4201.00, 11.72, 11.43, 11.47, 7.92, -5.06, -6.23
4211.00, 11.64, 11.44, 11.46, -7.98, 0.00, 0.00
4221.00, 11.66, 11.37, 11.51, 0.00, -6.71, 5.08
4231.00, 11.61, 11.51, 11.49, -4.45, 14.00, -2.40
4242.00, 11.49, 11.47, 11.58, -12.03, -3.88, 8.94
4252.00, 11.48, 11.49, 11.56, 0.00, 0.00, 0.00
4262.00, 11.59, 11.54, 11.52, 10.91, 5.31, -3.40
4272.00, 11.51, 11.51, 11.61, -8.34, -3.55, 8.57
4283.00, 11.55, 11.54, 11.58, 3.54, 2.93, -2.72
4293.00, 11.57, 11.55, 11.57, 2.74, 0.00, 0.00
4303.00, 11.59, 11.56, 11.42, 0.00, 0.00, -14.65
4313.00, 11.61, 11.58, 11.54, 0.00, 2.19, 11.92
4324.00, 11.62, 11.41, 11.54, 0.00, -16.19, 0.00
4334.00, 11.55, 11.62, 11.48, -6.91, 20.89, -5.34
4344.00, 11.43, 11.34, 11.57, -11.97, -27.61, 8.27
4354.00, 11.57, 11.73, 11.52, 13.31, 38.30, -4.01
4365.00, 11.43, 11.52, 11.59, -12.72, -19.81, 6.30
4375.00, 11.52, 11.56, 11.32, 8.37, 3.23, -26.75
4385.00, 11.44, 11.51, 11.81, -7.84, -5.03, 49.57
4395.00, 11.47, 11.61, 11.49, 2.91, 9.89, -31.50
4405.00, 11.60, 11.55, 11.63, 12.53, -6.08, 13.53
4416.00, 11.51, 11.52, 11.47, -8.47, -2.29, -16.01
4425.00, 11.66, 11.48, 11.54, 14.99, -4.01, 6.54
4435.00, 11.63, 11.51, 11.47, -3.56, 2.45, -6.68
4445.00, 11.50, 11.49, 11.53, -12.04, 0.00, 6.27
4456.00, 11.47, 11.46, 11.57, -3.01, -2.92, 3.94
4466.00, 11.48, 11.52, 11.55, 0.00, 5.31, 0.00
4475.00, 11.51, 11.52, 11.55, 3.31, 0.00, 0.00
4485.00, 11.52, 11.52, 11.56, 0.00, 0.00, 0.00
4496.00, 11.56, 11.56, 11.49, 3.60, 4.06, -6.36
4506.00, 11.57, 11.53, 11.68, 0.00, -2.34, 18.93
4516.00, 11.57, 11.49, 11.52, 0.00, -4.36, -16.17
4525.00, 11.63, 11.47, 11.46, 6.00, -2.09, -5.86
4536.00, 11.61, 11.46, 11.30, -2.43, 0.00, -15.97
4546.00, 11.70, 11.44, 11.77, 9.13, 0.00, 47.32
4556.00, 11.60, 11.45, 11.53, -10.01, 0.00, -23.06
4566.00, 11.53, 11.47, 11.55, -6.99, 2.01, 2.19
4576.00, 11.54, 11.49, 11.56, 0.00, 2.66, 0.00
4587.00, 11.52, 11.47, 11.57, -2.10, 0.00, 0.00
4596.00, 11.57, 11.55, 11.55, 5.20, 7.98, 0.00
4606.00, 11.55, 11.55, 11.58, -2.17, 0.00, 2.69
4616.00, 11.59, 11.54, 11.52, 4.16, 0.00, -6.12
4627.00, 11.61, 11.55, 11.44, 0.00, 0.00, -7.86
4636.00, 11.76, 11.47, 11.44, 15.31, -7.99, 0.00
4646.00, 11.59, 11.57, 11.47, -16.17, 10.53, 2.30
4656.00, 11.69, 11.48, 11.50, 9.49, -9.61, 2.91
4667.00, 11.58, 11.53, 11.48, -11.15, 5.55, 0.00
4677.00, 11.55, 11.57, 11.46, -2.30, 3.49, 0.00
4687.00, 11.66, 11.53, 11.52, 10.78, -3.80, 5.31
4696.00, 11.55, 11.55, 11.57, -11.27, 0.00, 4.87
4707.00, 11.65, 11.53, 11.55, 10.46, 0.00, 0.00
4717.00, 11.60, 11.37, 11.54, -5.16, -16.53, 0.00
4727.00, 11.67, 11.50, 11.53, 6.25, 12.61, 0.00
4737.00, 11.74, 11.56, 11.48, 7.47, 6.18, -4.49
4747.00, 11.68, 11.41, 11.47, -6.28, -14.70, 0.00
4758.00, 11.71, 11.43, 11.44, 3.39, 2.04, -3.64
4768.00, 11.73, 11.45, 11.50, 2.16, 0.00, 6.17
4778.00, 11.57, 11.36, 11.45, -16.21, -9.28, -4.27
4787.00, 11.62, 11.59, 11.62, 5.12, 23.12, 16.44
4798.00, 11.53, 11.45, 11.46, -8.96, -13.56, -15.93
4808.00, 11.59, 11.53, 11.62, 5.86, 7.58, 15.56
4818.00, 11.61, 11.53, 11.58, 2.21, 0.00, -3.68
4828.00, 11.64, 11.58, 11.57, 2.66, 5.57, 0.00
4839.00, 11.60, 11.47, 11.54, -3.19, -11.09, -2.81
4849.00, 11.60, 11.67, 11.45, 0.00, 19.93, -9.35
4859.00, 11.62, 11.54, 11.46, 2.44, -12.07, 0.00
4869.00, 11.73, 11.49, 11.45, 10.49, -4.62, 0.00
4880.00, 11.59, 11.55, 11.51, -12.73, 5.08, 5.69
4890.00, 11.54, 11.53, 11.50, -5.36, 0.00, 0.00
4900.00, 11.58, 11.58, 11.54, 4.26, 4.72, 3.45
4910.00, 11.53, 11.54, 11.53, -5.40, -3.28, 0.00
4921.00, 11.54, 11.61, 11.50, 0.00, 6.87, -3.01
4931.00, 11.54, 11.57, 11.55, 0.00, -4.51, 5.64
4941.00, 11.55, 11.58, 11.58, 0.00, 0.00, 3.07
4951.00, 11.54, 11.49, 11.51, 0.00, -8.66, -6.94
4962.00, 11.63, 11.49, 11.45, 8.47, 0.00, -5.89
4972.00, 11.63, 11.49, 11.47, 0.00, 0.00, 2.19
4982.00, 11.61, 11.50, 11.51, -2.28, 0.00, 3.73
4991.00, 11.67, 11.44, 11.53, 6.60, -5.38, 0.00
5001.00, 11.52, 11.47, 11.57, -15.65, 2.92, 3.95