0,0,0,0,0,0,0
4.00, 0.00, 0.00, 0.00, 0.00, 0.00, 0.00
15.00, 0.00, 0.00, 0.00, 0.00, 0.00, 0.00
25.00, 1.86, 1.83, 1.95, 198.66, 192.40, 218.72
35.00, 2.98, 2.69, 2.95, 110.82, 85.13, 92.22
45.00, 3.80, 3.61, 3.82, 78.09, 87.95, 87.04
55.00, 4.74, 4.42, 4.68, 93.25, 80.33, 82.74
66.00, 5.39, 5.12, 5.37, 68.94, 72.13, 72.17
76.00, 6.01, 5.72, 5.92, 58.92, 58.42, 53.83
86.00, 6.50, 6.36, 6.53, 49.47, 64.55, 60.00
96.00, 7.08, 6.88, 7.00, 56.35, 50.30, 45.43
107.00, 7.45, 7.39, 7.50, 36.38, 49.80, 48.65
117.00, 7.77, 7.83, 7.93, 31.03, 42.68, 41.43
127.00, 8.17, 8.23, 8.29, 39.00, 39.84, 36.85
137.00, 8.50, 8.58, 8.63, 32.78, 33.71, 32.98
148.00, 8.75, 8.86, 8.97, 23.34, 27.44, 31.95
157.00, 9.04, 9.18, 9.16, 32.34, 33.65, 20.66
167.00, 9.37, 9.34, 9.43, 32.17, 15.57, 26.21
177.00, 9.53, 9.54, 9.45, 15.28, 19.68, 2.18
188.00, 9.79, 9.62, 9.89, 24.97, 8.41, 43.02
197.00, 9.91, 9.59, 9.89, 13.29, -4.08, 0.00
208.00, 10.17, 9.92, 9.99, 25.16, 32.22, 8.79
217.00, 10.26, 9.83, 10.10, 8.86, -8.70, 11.57
227.00, 10.46, 9.99, 10.25, 20.01, 15.10, 14.13
238.00, 10.47, 10.10, 10.33, 0.00, 12.28, 8.55
248.00, 10.50, 10.19, 10.44, 2.55, 8.08, 10.80
258.00, 10.58, 10.29, 10.52, 7.77, 10.21, 8.34
268.00, 10.64, 10.44, 10.64, 6.38, 15.13, 11.88
279.00, 10.73, 10.56, 10.69, 8.16, 11.26, 4.57
289.00, 10.75, 10.68, 10.84, 2.08, 12.19, 14.74
299.00, 10.88, 10.79, 10.80, 12.76, 9.95, -4.34
309.00, 10.75, 10.92, 10.97, -12.68, 12.56, 16.69
320.00, 11.04, 10.91, 10.95, 28.93, 0.00, -2.20
329.00, 10.86, 11.01, 10.87, -19.40, 10.90, -7.98
339.00, 10.98, 10.98, 10.96, 12.42, -3.63, 8.96
349.00, 11.01, 11.00, 11.01, 3.13, 0.00, 5.34
360.00, 10.87, 11.05, 10.99, -13.12, 5.41, -2.16
369.00, 11.03, 11.10, 11.06, 16.43, 5.09, 6.85
379.00, 11.06, 11.17, 11.14, 2.57, 6.95, 7.61
389.00, 10.97, 11.09, 11.17, -8.82, -7.80, 3.50
399.00, 11.01, 11.29, 11.18, 3.45, 19.41, 0.00
410.00, 11.10, 11.24, 11.24, 9.23, -5.75, 6.13
419.00, 11.09, 11.29, 11.27, 0.00, 5.40, 3.77
429.00, 11.27, 11.20, 11.28, 18.16, -8.52, 0.00
439.00, 11.14, 11.12, 11.28, -12.25, -8.10, 0.00
450.00, 11.20, 11.24, 11.25, 5.93, 11.86, -2.56
459.00, 11.27, 11.12, 11.29, 7.75, -11.61, 3.96
469.00, 11.23, 11.14, 11.29, -4.28, 1.97, 0.00
479.00, 11.23, 11.13, 11.29, 0.00, 0.00, 0.00
490.00, 11.20, 11.24, 11.38, -3.31, 10.84, 8.55
500.00, 11.17, 11.22, 11.28, -2.93, -2.56, -9.55
509.00, 11.21, 11.27, 11.48, 4.69, 5.71, 20.23
519.00, 11.32, 11.35, 11.45, 9.95, 7.13, -2.78
530.00, 11.30, 11.34, 11.43, 0.00, 0.00, -2.42
539.00, 11.33, 11.34, 11.37, 3.25, 0.00, -6.47
549.00, 11.30, 11.28, 11.26, -3.86, -6.26, -11.25
559.00, 11.41, 11.27, 11.43, 11.35, 0.00, 17.06
569.00, 11.36, 11.28, 11.35, -4.73, 0.00, -7.86
579.00, 11.34, 11.22, 11.25, -2.25, -6.33, -10.20
589.00, 11.37, 11.22, 11.40, 3.11, 0.00, 14.86
599.00, 11.34, 11.25, 11.32, -3.14, 2.47, -7.57
609.00, 11.32, 11.23, 11.47, -2.61, -2.00, 15.10
620.00, 11.41, 11.45, 11.44, 9.43, 22.40, -2.80
630.00, 11.34, 11.35, 11.35, -7.33, -10.43, -9.40
640.00, 11.44, 11.44, 11.58, 9.90, 9.49, 22.95
650.00, 11.36, 11.34, 11.43, -7.78, -10.38, -14.49
661.00, 11.30, 11.33, 11.36, -5.51, 0.00, -6.47
671.00, 11.42, 11.17, 11.34, 11.76, -16.06, -2.22
680.00, 11.42, 11.52, 11.29, 0.00, 35.00, -5.15
690.00, 11.36, 11.32, 11.35, -6.43, -20.05, 5.56
701.00, 11.44, 11.40, 11.29, 8.05, 7.31, -5.21
711.00, 11.34, 11.35, 11.40, -10.34, -5.33, 11.25
720.00, 11.39, 11.39, 11.36, 4.94, 4.47, -4.25
730.00, 11.45, 11.46, 11.40, 5.73, 7.16, 3.91
740.00, 11.45, 11.44, 11.49, 0.00, -2.59, 9.26
750.00, 11.43, 11.44, 11.43, -2.12, 0.00, -6.36
760.00, 11.51, 11.36, 11.47, 8.80, -8.06, 3.41
770.00, 11.42, 11.33, 11.40, -9.00, -3.15, -6.85
780.00, 11.57, 11.32, 11.31, 15.10, 0.00, -8.77
791.00, 11.47, 11.27, 11.41, -10.16, -4.26, 10.29
801.00, 11.54, 11.25, 11.32, 7.16, 0.00, -8.62
811.00, 11.43, 11.30, 11.33, -11.12, 4.74, 0.00
821.00, 11.48, 11.32, 11.50, 5.12, 0.00, 16.07
832.00, 11.40, 11.35, 11.42, -8.17, 3.70, -6.80
842.00, 11.37, 11.45, 11.42, -2.76, 9.84, 0.00
851.00, 11.46, 11.39, 11.49, 9.31, -5.78, 6.68
861.00, 11.38, 11.48, 11.52, -8.26, 8.52, 3.57
872.00, 11.51, 11.46, 11.46, 12.68, 0.00, -6.06
882.00, 11.36, 11.50, 11.41, -15.53, 3.90, -5.27
891.00, 11.37, 11.47, 11.33, 0.00, -3.09, -7.97
901.00, 11.09, 11.50, 11.42, -28.75, 2.39, 8.38
911.00, 11.66, 11.39, 11.35, 56.04, -10.16, -6.36
922.00, 11.37, 11.45, 11.36, -29.03, 5.89, 0.00
931.00, 11.28, 11.48, 11.45, -8.86, 3.07, 8.50
941.00, 11.36, 11.49, 11.35, 8.03, 0.00, -10.35
951.00, 11.32, 11.51, 11.52, -3.41, 1.93, 16.43
962.00, 11.31, 11.52, 11.43, 0.00, 0.00, -9.76
971.00, 11.31, 11.49, 11.55, 0.00, -2.41, 12.84
981.00, 11.44, 11.53, 11.46, 14.04, 3.76, -9.60
991.00, 11.42, 11.45, 11.39, -2.60, -8.02, -6.81
1002.00, 11.35, 11.38, 11.41, -6.47, -6.80, 2.51
1012.00, 11.42, 11.40, 11.36, 7.05, 0.00, -5.74
1021.00, 11.30, 11.43, 11.40, -12.40, 3.38, 4.00
1031.00, 11.37, 11.41, 11.41, 7.83, 0.00, 0.00
1042.00, 11.38, 11.41, 11.43, 0.00, 0.00, 2.74
1052.00, 11.28, 11.46, 11.44, -10.75, 5.42, 0.00
1061.00, 11.34, 11.48, 11.47, 6.01, 2.13, 3.69
1071.00, 11.40, 11.45, 11.45, 5.87, -2.90, -2.44
1081.00, 11.41, 11.51, 11.51, 0.00, 5.29, 5.74
1092.00, 11.47, 11.50, 11.50, 6.73, 0.00, 0.00
1101.00, 11.32, 11.47, 11.40, -15.53, -3.10, -9.84
1111.00, 11.49, 11.39, 11.41, 16.99, -7.93, 0.00
1121.00, 11.45, 11.34, 11.41, -4.17, -4.44, 0.00
1132.00, 11.40, 11.36, 11.43, -4.63, 0.00, 0.00
1142.00, 11.49, 11.34, 11.40, 8.74, 0.00, -3.41
1152.00, 11.20, 11.40, 11.42, -28.17, 5.97, 2.78
1162.00, 11.59, 11.38, 11.42, 36.91, 0.00, 0.00
1173.00, 11.40, 11.43, 11.53, -18.71, 4.20, 10.61
1183.00, 11.52, 11.47, 11.47, 12.65, 4.03, -5.79
1193.00, 11.43, 11.50, 11.50, -9.61, 3.34, 2.45
1203.00, 11.49, 11.39, 11.33, 6.15, -11.25, -16.27
1214.00, 11.45, 11.37, 11.34, -4.06, 0.00, 0.00
1224.00, 11.51, 11.47, 11.36, 6.56, 10.02, 0.00
1233.00, 11.50, 11.44, 11.19, 0.00, -3.41, -17.02
1243.00, 11.46, 11.44, 11.34, -3.84, 0.00, 15.63
1253.00, 11.50, 11.47, 11.34, 3.08, 2.55, 0.00
1264.00, 11.48, 11.50, 11.31, 0.00, 2.70, -3.79
1274.00, 11.38, 11.49, 11.38, -10.10, 0.00, 7.29
1283.00, 11.56, 11.48, 11.42, 17.55, 0.00, 4.09
1293.00, 11.49, 11.48, 11.46, -6.70, 0.00, 4.14
1304.00, 11.52, 11.52, 11.48, 2.81, 3.48, 0.00
1313.00, 11.54, 11.40, 11.43, 0.00, -11.60, -4.60
1323.00, 11.52, 11.36, 11.39, -2.11, -4.70, -4.54
1333.00, 11.55, 11.35, 11.40, 3.67, 0.00, 0.00
1344.00, 11.60, 11.32, 11.32, 4.68, -3.05, -8.45
1354.00, 11.59, 11.34, 11.38, 0.00, 2.70, 6.26
1363.00, 11.53, 11.26, 11.43, -6.13, -8.38, 4.75
1373.00, 11.47, 11.35, 11.38, -5.12, 9.10, -4.66
1384.00, 11.47, 11.40, 11.48, 0.00, 4.97, 10.53
1394.00, 11.48, 11.44, 11.44, 0.00, 3.66, -3.99
1403.00, 11.51, 11.46, 11.50, 2.80, 0.00, 5.71
1413.00, 11.59, 11.49, 11.50, 8.50, 3.24, 0.00
1423.00, 11.42, 11.51, 11.48, -17.10, 2.40, -2.37
1434.00, 11.50, 11.50, 11.38, 8.10, 0.00, -9.49
1444.00, 11.50, 11.54, 11.33, 0.00, 3.77, -5.28
1454.00, 11.49, 11.41, 11.39, 0.00, -12.64, 6.40
1464.00, 11.39, 11.46, 11.32, -9.31, 4.55, -7.20
1475.00, 11.47, 11.47, 11.41, 7.97, 0.00, 8.76
1485.00, 11.47, 11.50, 11.36, 0.00, 2.02, -4.15
1495.00, 11.37, 11.48, 11.45, -9.54, -1.98, 7.91
1505.00, 11.45, 11.50, 11.46, 7.48, 2.82, 0.00
1516.00, 11.36, 11.58, 11.44, -8.42, 6.97, -2.01
1526.00, 11.48, 11.50, 11.49, 12.00, -8.00, 4.93
1536.00, 11.50, 11.53, 11.44, 0.00, 3.03, -4.50
1546.00, 11.49, 11.35, 11.43, 0.00, -17.40, 0.00
1557.00, 11.43, 11.41, 11.39, -5.84, 6.43, -3.85
1567.00, 11.48, 11.31, 11.38, 4.76, -10.70, 0.00
1577.00, 11.44, 11.44, 11.44, -4.04, 12.68, 5.28
1587.00, 11.46, 11.42, 11.40, 2.26, 0.00, -3.74
1598.00, 11.46, 11.46, 11.45, 0.00, 3.81, 5.23
1608.00, 11.39, 11.44, 11.47, -7.02, 0.00, 0.00
1617.00, 11.40, 11.44, 11.52, 0.00, 0.00, 5.00
1627.00, 11.52, 11.50, 11.53, 11.08, 6.16, 0.00
1637.00, 11.53, 11.51, 11.47, 0.00, 0.00, -5.23
1648.00, 11.50, 11.45, 11.30, -2.81, -6.01, -17.80
1658.00, 11.51, 11.40, 11.40, 0.00, -4.56, 9.94
1667.00, 11.53, 11.39, 11.45, 0.00, 0.00, 5.75
1677.00, 11.58, 11.33, 11.42, 4.91, -5.31, -3.15
1688.00, 11.52, 11.34, 11.40, -6.02, 0.00, -2.31
1698.00, 11.37, 11.33, 11.39, -14.15, 0.00, 0.00
1708.00, 11.60, 11.41, 11.47, 22.46, 8.14, 7.55
1718.00, 11.54, 11.42, 11.51, -5.67, 0.00, 3.87
1729.00, 11.51, 11.20, 11.50, -3.33, -22.48, 0.00
1739.00, 11.54, 11.70, 11.53, 3.33, 49.17, 2.50
1749.00, 11.61, 11.38, 11.42, 6.89, -32.31, -10.89
1759.00, 11.54, 11.37, 11.29, -6.67, 0.00, -12.25
1770.00, 11.52, 11.38, 11.36, -2.33, 0.00, 6.52
1780.00, 11.57, 11.37, 11.37, 5.47, 0.00, 0.00
1789.00, 11.59, 11.12, 11.38, 0.00, -24.77, 0.00
1799.00, 11.52, 11.63, 11.36, -7.54, 51.63, -2.84
1810.00, 11.54, 11.41, 11.36, 2.01, -21.04, 0.00
1820.00, 11.51, 11.43, 11.41, -2.35, 2.24, 4.62
1830.00, 11.53, 11.49, 11.48, 0.00, 5.59, 6.64
1840.00, 11.57, 11.50, 11.53, 4.18, 0.00, 4.82
1850.00, 11.63, 11.44, 11.42, 5.75, -5.89, -10.86
1861.00, 11.55, 11.37, 11.57, -7.96, -6.96, 15.73
1871.00, 11.54, 11.32, 11.46, 0.00, -5.35, -11.33
1881.00, 11.73, 11.33, 11.41, 18.35, 0.00, -4.96
1891.00, 11.62, 11.27, 11.37, -10.38, -6.01, -3.75
1902.00, 11.61, 11.24, 11.41, 0.00, -3.57, 4.64
1912.00, 11.63, 11.32, 11.46, 1.96, 8.19, 4.34
1922.00, 11.55, 11.26, 11.42, -7.11, -5.66, -3.67
1932.00, 11.55, 11.20, 11.52, 0.00, -6.21, 9.18
1943.00, 11.58, 11.46, 11.52, 2.90, 25.54, 0.00
1953.00, 11.59, 11.51, 11.54, 0.00, 4.60, 2.20
1963.00, 11.61, 11.46, 11.53, 2.02, -4.33, 0.00
1973.00, 11.60, 11.49, 11.45, 0.00, 2.57, -8.64
1984.00, 11.60, 11.43, 11.31, 0.00, -5.46, -12.89
1994.00, 11.54, 11.41, 11.41, -5.50, -2.45, 9.41
2004.00, 11.49, 11.41, 11.39, -5.74, 0.00, 0.00
2013.00, 11.52, 11.44, 11.45, 3.02, 3.40, 5.73
2024.00, 11.51, 11.43, 11.43, 0.00, 0.00, 0.00
2034.00, 11.52, 11.36, 11.43, 0.00, -7.36, 0.00
2043.00, 11.46, 11.53, 11.45, -5.83, 17.09, 0.00
2053.00, 11.46, 11.47, 11.47, 0.00, -5.85, 0.00
2063.00, 11.46, 11.53, 11.48, 0.00, 5.49, 0.00
2074.00, 11.57, 11.53, 11.53, 11.18, 0.00, 5.92
2083.00, 11.51, 11.45, 11.47, -5.67, -7.88, -5.98
2093.00, 11.47, 11.36, 11.44, -3.61, -9.06, -3.03
2103.00, 11.61, 11.34, 11.42, 13.83, 0.00, 0.00
2114.00, 11.53, 11.38, 11.45, -8.59, 3.72, 2.76
2123.00, 11.51, 11.28, 11.47, 0.00, -10.26, 0.00
2133.00, 11.47, 11.36, 11.48, -3.25, 8.18, 0.00
2143.00, 11.41, 11.41, 11.53, -6.01, 5.08, 5.03
2154.00, 11.48, 11.40, 11.52, 7.14, 0.00, 0.00
2164.00, 11.49, 11.38, 11.56, 0.00, 0.00, 4.24
2173.00, 11.54, 11.48, 11.55, 5.16, 9.98, 0.00
2183.00, 11.56, 11.47, 11.55, 0.00, 0.00, 0.00
2194.00, 11.51, 11.41, 11.44, -5.12, -5.64, -10.23
2204.00, 11.62, 11.36, 11.46, 11.65, -5.87, 0.00
2214.00, 11.59, 11.36, 11.50, -3.28, 0.00, 4.66
2224.00, 11.47, 11.28, 11.49, -11.30, -8.58, 0.00
2234.00, 11.62, 11.32, 11.45, 15.19, 4.85, -3.97
2245.00, 11.50, 11.30, 11.52, -12.82, -2.20, 7.09
2255.00, 11.50, 11.32, 11.49, 0.00, 0.00, -3.17
2264.00, 11.51, 11.35, 11.54, 0.00, 3.73, 5.85
2274.00, 11.57, 11.20, 11.53, 6.61, -14.46, 0.00
2285.00, 11.61, 11.72, 11.67, 3.42, 51.25, 14.51
2295.00, 11.52, 11.38, 11.46, -8.93, -33.40, -20.47
2305.00, 11.62, 11.32, 11.49, 9.92, -5.65, 3.07
2315.00, 11.51, 11.36, 11.45, -10.62, 3.64, -4.63
2325.00, 11.52, 11.36, 11.41, 0.00, 0.00, -3.65
2335.00, 11.39, 11.36, 11.24, -13.02, 0.00, -17.15
2345.00, 11.81, 11.37, 11.56, 42.43, 0.00, 32.53
2355.00, 11.55, 11.36, 11.44, -25.33, 0.00, -12.11
2366.00, 11.55, 11.43, 11.29, 0.00, 7.00, -14.19
2376.00, 11.59, 11.42, 11.66, 3.30, 0.00, 37.15
2386.00, 11.52, 11.47, 11.50, -6.98, 4.27, -16.09
2396.00, 11.56, 11.49, 11.57, 4.59, 2.07, 7.37
2405.00, 11.66, 11.44, 11.56, 9.72, -4.85, 0.00
2416.00, 11.58, 11.32, 11.50, -8.40, -12.31, -6.70
2426.00, 11.57, 11.28, 11.44, 0.00, -3.07, -5.61
2436.00, 11.49, 11.23, 11.48, -8.51, -5.24, 3.98
2446.00, 11.78, 11.29, 11.44, 28.74, 6.23, -3.82
2457.00, 11.67, 11.30, 11.49, -11.33, 0.00, 5.10
2467.00, 11.58, 11.25, 11.50, -8.18, -4.86, 0.00
2477.00, 11.47, 11.25, 11.46, -10.86, 0.00, -3.94
2487.00, 11.63, 11.39, 11.63, 16.11, 13.74, 17.09
2498.00, 11.52, 11.51, 11.53, -10.37, 12.11, -9.43
2508.00, 11.66, 11.23, 11.62, 13.44, -27.46, 8.09
2518.00, 11.49, 11.64, 11.52, -15.64, 38.83, -8.97
2528.00, 11.58, 11.55, 11.55, 8.69, -8.23, 3.00
2539.00, 11.47, 11.45, 11.46, -10.57, -10.06, -8.75
2549.00, 11.41, 11.39, 11.49, -6.23, -5.92, 2.25
2559.00, 11.47, 11.15, 11.29, 6.09, -23.37, -19.53
2569.00, 11.51, 11.75, 11.73, 4.04, 59.44, 43.63
2580.00, 11.41, 11.42, 11.47, -10.03, -31.57, -25.61
2590.00, 11.47, 11.50, 11.55, 6.17, 7.89, 7.41
2599.00, 11.43, 11.46, 11.51, -4.46, -4.15, -3.96
2609.00, 11.44, 11.50, 11.58, 0.00, 4.35, 7.35
2620.00, 11.52, 11.52, 11.61, 8.07, 0.00, 2.94
2630.00, 11.53, 11.48, 11.54, 0.00, -4.71, -6.79
2639.00, 11.48, 11.37, 11.49, -5.59, -10.66, -5.14
2649.00, 11.49, 11.37, 11.49, 0.00, 0.00, 0.00
2659.00, 11.54, 11.32, 11.42, 4.67, -5.27, -6.29
2670.00, 11.47, 11.33, 11.51, -6.41, 0.00, 9.06
2680.00, 11.42, 11.36, 11.58, -5.58, 2.18, 6.26
2690.00, 11.46, 11.40, 11.56, 4.55, 4.11, 0.00
2700.00, 11.46, 11.41, 11.58, 0.00, 0.00, 0.00
2711.00, 11.45, 11.46, 11.57, 0.00, 5.12, 0.00
2721.00, 11.51, 11.43, 11.63, 5.43, -2.61, 6.32
2731.00, 11.52, 11.52, 11.54, 0.00, 8.44, -8.90
2741.00, 11.50, 11.52, 11.46, -2.76, 0.00, -7.30
2752.00, 11.54, 11.37, 11.48, 3.89, -14.87, 0.00
2762.00, 11.48, 11.39, 11.51, -5.20, 2.48, 3.61
2772.00, 11.26, 11.39, 11.50, -21.91, 0.00, 0.00
2782.00, 11.69, 11.35, 11.50, 43.15, -3.34, 0.00
2793.00, 11.51, 11.42, 11.45, -17.51, 6.87, -4.59
2803.00, 11.44, 11.40, 11.55, -7.15, -2.48, 10.20
2813.00, 11.47, 11.40, 11.55, 3.14, 0.00, 0.00
2823.00, 11.51, 11.54, 11.59, 3.50, 13.11, 4.30
2834.00, 11.51, 11.51, 11.54, 0.00, -2.87, -4.91
2844.00, 11.52, 11.40, 11.51, 0.00, -11.46, -2.99
2853.00, 11.47, 11.34, 11.37, -4.77, -5.39, -13.99
2863.00, 11.57, 11.37, 11.62, 9.61, 2.61, 25.65
2873.00, 11.49, 11.36, 11.44, -7.87, 0.00, -18.59
2884.00, 11.51, 11.36, 11.45, 2.55, 0.00, 0.00
2894.00, 11.58, 11.37, 11.40, 6.68, 0.00, -4.15
2904.00, 11.42, 11.46, 11.52, -14.83, 8.61, 10.92
2914.00, 11.52, 11.44, 11.49, 8.63, -1.96, -2.33
2925.00, 11.56, 11.49, 11.48, 4.43, 5.68, 0.00
2935.00, 11.46, 11.43, 11.62, -9.59, -6.13, 13.62
2945.00, 11.62, 11.61, 11.49, 15.57, 18.01, -12.53
2955.00, 11.44, 11.47, 11.59, -17.04, -14.19, 9.82
2966.00, 11.62, 11.36, 11.52, 17.54, -9.87, -6.69
2976.00, 11.49, 11.37, 11.40, -13.05, 0.00, -11.74
2986.00, 11.51, 11.36, 11.55, 0.00, 0.00, 14.98
2996.00, 11.54, 11.38, 11.45, 2.57, 1.97, -9.97
3007.00, 11.55, 11.37, 11.52, 0.00, 0.00, 6.71
3017.00, 11.40, 11.39, 11.51, -14.85, 2.43, 0.00
3027.00, 11.59, 11.41, 11.50, 18.52, 2.19, 0.00
3036.00, 11.50, 11.48, 11.55, -9.03, 6.16, 4.48
3047.00, 11.50, 11.51, 11.58, 0.00, 3.47, 3.46
3057.00, 11.54, 11.57, 11.60, 4.11, 5.32, 0.00
3067.00, 11.51, 11.55, 11.53, -2.78, 0.00, -6.71
3076.00, 11.47, 11.51, 11.47, -3.50, -4.69, -5.58
3086.00, 11.45, 11.45, 11.45, -2.88, -5.19, -2.88
3097.00, 11.41, 11.33, 11.47, -3.95, -12.45, 2.47
3107.00, 11.48, 11.62, 11.50, 7.22, 28.72, 2.71
3117.00, 11.46, 11.53, 11.48, -2.36, -8.44, 0.00
3126.00, 11.41, 11.49, 11.47, -4.12, -4.11, 0.00
3137.00, 11.40, 11.49, 11.51, 0.00, 0.00, 4.24
3147.00, 11.36, 11.52, 11.53, -3.60, 3.12, 0.00
3157.00, 11.51, 11.56, 11.52, 13.97, 3.75, 0.00
3167.00, 11.29, 11.53, 11.60, -21.11, -2.48, 8.10
3178.00, 11.66, 11.50, 11.50, 35.24, -3.70, -9.55
3188.00, 11.45, 11.55, 11.48, -21.57, 5.94, -2.47
3198.00, 11.45, 11.33, 11.47, 0.00, -21.10, 0.00
3208.00, 11.46, 11.49, 11.48, 0.00, 16.04, 0.00
3219.00, 11.39, 11.46, 11.43, -6.36, -3.37, -5.17
3229.00, 11.45, 11.45, 11.50, 6.37, 0.00, 7.68
3238.00, 11.44, 11.50, 11.51, 0.00, 5.41, 0.00
3248.00, 11.46, 11.49, 11.52, 2.52, 0.00, 0.00
3258.00, 11.52, 11.47, 11.60, 5.77, -2.18, 7.57
3269.00, 11.52, 11.50, 11.54, 0.00, 2.90, -5.71
3279.00, 11.50, 11.65, 11.53, 0.00, 15.36, 0.00
3288.00, 11.55, 11.52, 11.44, 4.94, -13.29, -8.79
3298.00, 11.52, 11.42, 11.40, -3.04, -9.67, -3.70
3309.00, 11.48, 11.42, 11.47, -3.62, 0.00, 7.00
3319.00, 11.58, 11.43, 11.51, 9.61, 0.00, 3.59
3329.00, 11.55, 11.39, 11.32, -3.05, -4.59, -17.74
3339.00, 11.51, 11.25, 11.62, -4.06, -13.15, 28.18
3350.00, 11.48, 11.58, 11.50, -2.45, 33.16, -12.10
3360.00, 11.56, 11.53, 11.54, 7.41, -4.92, 3.89
3370.00, 11.52, 11.51, 11.56, -3.95, -2.46, 2.86
3380.00, 11.54, 11.54, 11.55, 0.00, 3.12, 0.00
3391.00, 11.56, 11.46, 11.48, 2.34, -8.18, -7.27
3401.00, 11.51, 11.40, 11.47, -5.45, -5.76, 0.00
3411.00, 11.53, 11.41, 11.45, 2.82, 0.00, -2.30
3420.00, 11.50, 11.46, 11.41, -3.91, 4.59, -3.20
3431.00, 11.51, 11.47, 11.39, 0.00, 0.00, -2.27
3441.00, 11.51, 11.47, 11.45, 0.00, 0.00, 5.73
3450.00, 11.53, 11.48, 11.46, 2.35, 0.00, 0.00
3460.00, 11.55, 11.50, 11.38, 0.00, 2.61, -8.29
3470.00, 11.53, 11.49, 11.53, -2.24, 0.00, 14.67
3481.00, 11.54, 11.63, 11.53, 0.00, 13.53, 0.00
3491.00, 11.53, 11.56, 11.56, 0.00, -6.54, 3.50
3500.00, 11.57, 11.51, 11.55, 4.54, -5.03, 0.00
3510.00, 11.58, 11.40, 11.47, 0.00, -11.74, -7.46
3521.00, 11.63, 11.40, 11.45, 5.12, 0.00, -2.76
3531.00, 11.61, 11.42, 11.40, -2.06, 2.70, -4.62
3541.00, 11.52, 11.34, 11.44, -9.09, -8.40, 3.94
3551.00, 11.55, 11.40, 11.50, 3.34, 6.42, 5.27
3562.00, 11.55, 11.29, 11.48, 0.00, -11.61, 0.00
3572.00, 11.51, 11.44, 11.51, -4.41, 15.00, 2.80
3582.00, 11.60, 11.57, 11.49, 8.74, 13.04, -2.51
3592.00, 11.55, 11.52, 11.59, -5.16, -5.16, 10.09
3602.00, 11.60, 11.59, 11.52, 5.14, 6.93, -6.69
3612.00, 11.52, 11.52, 11.46, -7.83, -6.53, -6.06
3622.00, 11.48, 11.56, 11.54, -4.33, 3.67, 7.73
3632.00, 11.48, 11.55, 11.39, 0.00, 0.00, -13.74
3642.00, 11.46, 11.53, 11.48, 0.00, -2.09, 7.98
3653.00, 11.40, 11.52, 11.43, -6.49, 0.00, -4.37
3662.00, 11.46, 11.50, 11.43, 6.24, 0.00, 0.00
3672.00, 11.43, 11.55, 11.40, -2.75, 4.37, -3.09
3682.00, 11.45, 11.48, 11.48, 0.00, -6.49, 8.10
3693.00, 11.45, 11.58, 11.49, 0.00, 10.13, 0.00
3702.00, 11.50, 11.56, 11.45, 5.41, -2.19, -3.82
3712.00, 11.52, 11.24, 11.62, 2.27, -30.92, 16.13
3722.00, 11.58, 11.88, 11.48, 5.17, 63.90, -12.82
3733.00, 11.46, 11.44, 11.49, -11.15, -43.94, 0.00
3743.00, 11.61, 11.46, 11.43, 14.92, 0.00, -6.45
3753.00, 11.50, 11.39, 11.45, -10.77, -6.47, 2.41
3763.00, 11.47, 11.40, 11.47, -2.48, 0.00, 0.00
3774.00, 11.46, 11.46, 11.45, 0.00, 6.35, 0.00
3784.00, 11.52, 11.35, 11.49, 6.78, -11.09, 4.50
3793.00, 11.47, 11.55, 11.53, -5.04, 19.35, 3.28
3803.00, 11.59, 11.49, 11.57, 11.43, -5.90, 4.03
3813.00, 11.56, 11.32, 11.51, -2.88, -16.24, -5.30
3824.00, 11.62, 11.78, 11.57, 5.56, 45.28, 5.57
3834.00, 11.57, 11.52, 11.45, -4.31, -25.34, -12.33
3844.00, 11.59, 11.50, 11.40, 0.00, -2.46, -4.44
3854.00, 11.57, 11.36, 11.46, 0.00, -12.92, 5.56
3865.00, 11.56, 11.47, 11.47, 0.00, 11.09, 0.00
3874.00, 11.56, 11.40, 11.45, 0.00, -7.77, 0.00
3884.00, 11.56, 11.43, 11.46, 0.00, 3.85, 0.00
3894.00, 11.59, 11.43, 11.47, 3.05, 0.00, 0.00
3905.00, 11.49, 11.46, 11.49, -9.43, 2.29, 0.00
3915.00, 11.62, 11.56, 11.53, 12.05, 9.94, 3.76
3925.00, 11.56, 11.54, 11.60, -5.92, -2.13, 6.75
3935.00, 11.68, 11.48, 11.50, 12.25, -5.68, -9.11
3946.00, 11.56, 11.34, 11.47, -12.02, -13.87, -2.92
3956.00, 11.63, 11.35, 11.43, 6.01, 0.00, -4.47
3966.00, 11.63, 11.35, 11.45, 0.00, 0.00, 2.05
3976.00, 11.53, 11.46, 11.37, -9.52, 10.82, -7.73
3987.00, 11.59, 11.41, 11.46, 5.88, -4.80, 8.38
3997.00, 11.69, 11.41, 11.46, 9.44, 0.00, 0.00
4007.00, 11.55, 11.40, 11.37, -13.12, 0.00, -8.06
4017.00, 11.59, 11.50, 11.54, 3.70, 9.71, 16.20
4028.00, 11.68, 11.55, 11.55, 8.97, 4.58, 0.00
4038.00, 11.61, 11.54, 11.51, -7.02, 0.00, -4.07
4047.00, 11.63, 11.52, 11.53, 0.00, -2.35, 2.35
4057.00, 11.71, 11.37, 11.48, 8.38, -14.16, -5.26
4067.00, 11.60, 11.37, 11.43, -11.43, 0.00, -5.31
4078.00, 11.69, 11.40, 11.39, 9.20, 2.72, -3.67
4088.00, 11.63, 11.33, 11.44, -6.10, -6.72, 4.65
4097.00, 11.62, 11.36, 11.46, 0.00, 3.59, 2.30
4107.00, 11.66, 11.37, 11.48, 3.27, 0.00, 2.32
4118.00, 11.64, 11.43, 11.53, 0.00, 6.37, 4.58
4128.00, 11.65, 11.47, 11.51, 0.00, 3.05, -2.43
4138.00, 11.63, 11.52, 11.55, 0.00, 5.13, 4.71
4147.00, 11.62, 11.53, 11.51, 0.00, 0.00, -4.41
4158.00, 11.69, 11.52, 11.54, 6.04, 0.00, 3.54
4168.00, 11.57, 11.47, 11.48, -11.93, -4.32, -6.53
4178.00, 11.53, 11.47, 11.40, -3.54, 0.00, -7.32
4187.00, 11.50, 11.45, 11.52, -3.18, -2.31, 11.74
4197.00, 11.58, 11.43, 11.49, 8.28, -2.39, -3.63
4208.00, 11.56, 11.45, 11.46, -2.13, 2.43, -2.56
4218.00, 11.55, 11.45, 11.50, 0.00, 0.00, 3.35
4228.00, 11.46, 11.51, 11.47, -8.23, 5.16, -2.42
4238.00, 11.60, 11.47, 11.45, 13.42, -3.23, -2.05
4249.00, 11.55, 11.53, 11.63, -4.25, 5.37, 18.28
4259.00, 11.64, 11.58, 11.53, 8.70, 4.93, -10.65
4269.00, 11.55, 11.47, 11.57, -9.49, -11.01, 4.28
4279.00, 11.66, 11.40, 11.47, 10.93, -6.23, -10.24
4290.00, 11.50, 11.45, 11.52, -15.21, 4.68, 5.56
4299.00, 11.61, 11.37, 11.48, 10.34, -7.84, -4.27
4309.00, 11.55, 11.37, 11.46, -6.08, 0.00, -2.25
4319.00, 11.52, 11.40, 11.52, -2.29, 2.72, 5.77
4330.00, 11.55, 11.38, 11.52, 2.65, -2.32, 0.00
4340.00, 11.57, 11.46, 11.55, 2.20, 7.90, 2.95
4350.00, 11.64, 11.42, 11.60, 7.08, -3.29, 4.82
4359.00, 11.59, 11.61, 11.56, -5.62, 18.35, -3.79
4370.00, 11.68, 11.51, 11.54, 9.59, -9.73, 0.00
4380.00, 11.60, 11.47, 11.43, -8.39, -4.15, -10.79
4390.00, 11.55, 11.37, 11.55, -4.62, -9.46, 11.36
4400.00, 11.64, 11.48, 11.51, 8.45, 10.91, -3.34
4410.00, 11.58, 11.36, 11.50, -6.20, -12.10, 0.00
4421.00, 11.57, 11.35, 11.51, 0.00, 0.00, 0.00
4430.00, 11.61, 11.38, 11.47, 3.69, 3.73, -3.72
4440.00, 11.65, 11.38, 11.50, 3.81, 0.00, 2.97
4450.00, 11.58, 11.25, 11.53, -6.76, -13.10, 2.59
4461.00, 11.57, 11.68, 11.63, 0.00, 42.18, 9.87
4471.00, 11.70, 11.46, 11.55, 12.87, -21.03, -8.10
4481.00, 11.54, 11.52, 11.59, -15.38, 5.90, 4.05
4491.00, 11.66, 11.32, 11.51, 11.84, -19.81, -7.89
4502.00, 11.54, 11.35, 11.41, -11.84, 3.04, -9.37
4511.00, 11.68, 11.40, 11.52, 13.52, 4.54, 10.49
4521.00, 11.63, 11.31, 11.45, -4.92, -8.77, -6.75
4531.00, 11.59, 11.43, 11.43, -3.83, 12.02, 0.00
4542.00, 11.64, 11.40, 11.51, 5.05, -2.21, 7.44
4552.00, 11.58, 11.43, 11.46, -6.16, 3.13, -4.48
4562.00, 11.59, 11.49, 11.54, 0.00, 5.15, 7.42
4572.00, 11.67, 11.54, 11.54, 7.83, 5.18, 0.00
4583.00, 11.70, 11.54, 11.56, 2.79, 0.00, 2.31
4593.00, 11.65, 11.49, 11.56, -5.16, -5.74, 0.00
4602.00, 11.64, 11.37, 11.55, 0.00, -11.73, 0.00
4612.00, 11.60, 11.30, 11.49, -3.88, -7.01, -6.22
4622.00, 11.68, 11.34, 11.50, 7.99, 4.10, 0.00
4633.00, 11.62, 11.31, 11.50, -5.63, -3.56, 0.00
4642.00, 11.58, 11.33, 11.47, -4.18, 2.71, -2.94
4652.00, 11.68, 11.37, 11.63, 9.74, 3.69, 16.20
4662.00, 11.57, 11.36, 11.54, -10.44, 0.00, -9.69
4673.00, 11.64, 11.45, 11.54, 5.84, 8.77, 0.00
4683.00, 11.71, 11.52, 11.58, 7.32, 7.02, 3.85
4693.00, 11.64, 11.53, 11.57, -6.65, 0.00, 0.00
4703.00, 11.50, 11.49, 11.60, -13.47, -3.89, 2.96
4714.00, 11.60, 11.53, 11.53, 9.88, 4.43, -7.07
4724.00, 11.46, 11.49, 11.55, -14.17, -4.56, 0.00
4734.00, 11.50, 11.46, 11.53, 4.36, -2.46, -2.67
4743.00, 11.45, 11.45, 11.53, -5.62, 0.00, 0.00
4754.00, 11.50, 11.48, 11.52, 6.06, 2.77, 0.00
4764.00, 11.47, 11.45, 11.51, -3.03, -2.77, 0.00
4773.00, 11.48, 11.36, 11.52, 0.00, -9.61, 0.00
4783.00, 11.53, 11.68, 11.54, 4.68, 32.74, 2.49
4793.00, 11.50, 11.54, 11.58, -3.18, -13.92, 3.76
4804.00, 11.63, 11.58, 11.60, 13.08, 4.21, 0.00
4814.00, 11.61, 11.27, 11.59, -2.06, -29.42, 0.00
4824.00, 11.55, 11.51, 11.57, -5.12, 23.21, 0.00
4834.00, 11.51, 11.24, 11.54, -4.84, -27.41, -3.14
4845.00, 11.51, 11.50, 11.58, 0.00, 25.50, 4.21
4855.00, 11.57, 11.32, 11.52, 6.02, -17.20, -6.07
4865.00, 11.48, 11.39, 11.56, -9.67, 6.15, 4.14
4874.00, 11.51, 11.39, 11.45, 3.47, 0.00, -10.86
4885.00, 11.51, 11.44, 11.75, 0.00, 5.03, 29.66
4895.00, 11.62, 11.44, 11.61, 11.03, 0.00, -14.51
4905.00, 11.56, 11.62, 11.65, -5.66, 17.27, 4.48
4915.00, 11.55, 11.49, 11.58, 0.00, -12.61, -7.54
4926.00, 11.60, 11.33, 11.51, 5.12, -15.62, -6.86
4936.00, 11.47, 11.57, 11.59, -12.83, 23.79, 7.83
4946.00, 11.46, 11.54, 11.52, 0.00, -3.80, -7.08
4956.00, 11.49, 11.40, 11.24, 3.15, -13.95, -26.90
4965.00, 11.55, 11.42, 11.96, 5.80, 2.42, 72.87
4976.00, 11.48, 11.43, 11.51, -6.96, 0.00, -44.03
4986.00, 11.50, 11.46, 11.61, 2.07, 2.30, 9.20
4996.00, 11.55, 11.48, 11.56, 4.19, 2.70, -4.12
5006.00, 11.60, 11.55, 11.56, 5.54, 6.50, 0.00