0,0,0,0,0,0,0
10.00, 0.00, 0.00, 0.00, 0.00, 0.00, 0.00
22.00, 1.26, 1.47, 1.57, 124.22, 152.17, 154.91
32.00, 2.32, 2.57, 2.51, 97.78, 98.24, 93.36
42.00, 3.31, 3.42, 3.45, 93.73, 82.98, 88.16
52.00, 4.24, 4.31, 4.30, 92.05, 90.18, 82.90
63.00, 4.98, 5.02, 5.05, 70.54, 68.04, 71.77
73.00, 5.71, 5.69, 5.64, 82.10, 70.90, 63.93
82.00, 6.27, 6.26, 6.27, 53.43, 55.56, 63.37
93.00, 6.96, 6.79, 6.77, 67.14, 51.45, 47.98
104.00, 7.30, 7.22, 7.33, 34.23, 43.01, 54.41
113.00, 7.83, 7.62, 7.68, 57.52, 42.08, 38.21
123.00, 8.05, 8.12, 8.07, 20.50, 48.77, 37.08
133.00, 8.49, 8.33, 8.55, 43.33, 20.38, 47.91
143.00, 8.69, 8.66, 8.75, 19.30, 31.60, 19.93
153.00, 8.92, 8.96, 9.05, 25.34, 34.01, 33.07
163.00, 9.06, 9.18, 9.35, 13.40, 20.76, 28.17
173.00, 9.41, 9.41, 9.36, 33.53, 22.64, 0.00
183.00, 9.57, 9.62, 9.82, 15.84, 20.68, 46.21
194.00, 9.72, 9.88, 9.75, 14.68, 24.46, -6.07
204.00, 9.84, 10.00, 9.87, 11.75, 12.13, 11.92
215.00, 10.14, 10.14, 9.92, 29.13, 14.01, 4.88
225.00, 10.28, 10.30, 9.95, 13.31, 15.28, 2.96
236.00, 10.33, 10.38, 10.19, 5.44, 7.86, 22.94
245.00, 10.61, 10.37, 10.19, 29.84, 0.00, 0.00
255.00, 10.64, 10.50, 10.29, 3.02, 12.33, 10.00
265.00, 10.72, 10.45, 10.44, 8.41, -4.46, 14.51
276.00, 10.82, 10.67, 10.57, 9.08, 21.41, 12.82
285.00, 10.78, 10.66, 10.69, -3.73, 0.00, 13.07
295.00, 10.75, 10.71, 10.76, -3.80, 5.55, 6.97
305.00, 10.77, 10.84, 10.84, 2.04, 11.95, 7.26
315.00, 10.84, 10.87, 10.54, 7.02, 3.16, -30.04
325.00, 10.88, 11.09, 11.05, 4.43, 22.93, 53.13
335.00, 10.98, 11.04, 10.82, 9.41, -4.24, -23.16
345.00, 10.98, 11.14, 10.82, 0.00, 9.91, 0.00
355.00, 11.11, 11.10, 10.83, 13.04, -3.96, 0.00
365.00, 11.19, 11.12, 10.89, 8.14, 2.13, 5.93
375.00, 11.24, 11.07, 10.91, 4.81, -5.32, 2.48
385.00, 11.14, 11.13, 11.01, -8.95, 5.74, 8.93
395.00, 11.19, 11.16, 11.14, 4.81, 2.78, 13.33
406.00, 11.08, 11.13, 11.15, -10.46, -2.43, 0.00
416.00, 11.14, 11.18, 11.20, 6.04, 5.19, 5.31
425.00, 11.08, 11.26, 11.26, -5.82, 8.25, 5.91
435.00, 11.17, 11.17, 11.12, 8.44, -9.65, -13.10
446.00, 11.09, 11.42, 11.18, -7.79, 24.76, 5.11
455.00, 11.31, 11.31, 11.10, 22.44, -11.67, -7.35
465.00, 11.20, 11.35, 11.13, -10.99, 4.67, 3.00
475.00, 11.39, 11.24, 11.01, 18.41, -10.74, -11.65
485.00, 11.33, 11.26, 11.25, -5.16, 2.13, 23.30
496.00, 11.42, 11.33, 11.18, 8.38, 6.72, -7.97
505.00, 11.28, 11.25, 11.21, -13.55, -8.36, 3.75
515.00, 11.32, 11.34, 11.37, 3.75, 9.85, 15.41
525.00, 11.21, 11.32, 11.29, -10.55, -2.64, -7.00
536.00, 11.25, 11.34, 11.31, 4.18, 2.17, 0.00
546.00, 11.31, 11.43, 11.26, 5.18, 9.20, -3.95
556.00, 11.22, 11.41, 11.20, -8.67, 0.00, -6.61
566.00, 11.46, 11.42, 11.17, 23.59, 0.00, -2.91
577.00, 11.43, 11.42, 11.18, -2.53, 0.00, 0.00
586.00, 11.46, 11.34, 11.15, 2.56, -8.02, -3.47
596.00, 11.58, 11.35, 11.17, 12.22, 0.00, 2.39
606.00, 11.46, 11.32, 11.18, -11.55, -2.64, 0.00
617.00, 11.56, 11.33, 11.31, 10.22, 0.00, 13.06
627.00, 11.36, 11.36, 11.34, -20.65, 2.77, 3.21
636.00, 11.42, 11.42, 11.36, 6.54, 5.60, 0.00
646.00, 11.40, 11.40, 11.25, -2.39, 0.00, -10.39
656.00, 11.46, 11.43, 11.34, 5.91, 3.11, 8.85
667.00, 11.37, 11.49, 11.24, -9.35, 5.52, -10.00
676.00, 11.47, 11.50, 11.17, 10.32, 0.00, -7.96
686.00, 11.44, 11.39, 11.17, -2.71, -10.62, 0.00
696.00, 11.59, 11.41, 11.16, 15.17, 2.43, 0.00
707.00, 11.61, 11.44, 11.24, 0.00, 2.38, 7.77
717.00, 11.55, 11.39, 11.26, -6.15, -5.16, 0.00
727.00, 11.58, 11.36, 11.31, 2.57, -2.29, 4.76
737.00, 11.43, 11.40, 11.36, -13.85, 3.33, 5.15
748.00, 11.64, 11.37, 11.34, 20.69, -2.73, -2.18
758.00, 11.50, 11.44, 11.43, -14.69, 7.66, 8.88
767.00, 11.50, 11.45, 11.25, 0.00, 0.00, -18.06
777.00, 11.56, 11.45, 11.30, 6.54, 0.00, 5.25
788.00, 11.53, 11.48, 11.21, -2.73, 1.98, -8.49
798.00, 11.53, 11.47, 11.16, 0.00, 0.00, -5.08
807.00, 11.60, 11.42, 11.31, 7.52, -5.07, 14.59
817.00, 11.64, 11.42, 11.22, 3.81, 0.00, -8.65
827.00, 11.58, 11.39, 11.30, -5.92, -3.71, 8.34
837.00, 11.65, 11.43, 11.32, 7.05, 4.30, 0.00
847.00, 11.55, 11.37, 11.42, -10.28, -6.61, 10.28
857.00, 11.48, 11.39, 11.38, -5.97, 2.66, -3.77
867.00, 11.47, 11.42, 11.44, 0.00, 2.83, 5.55
878.00, 11.55, 11.38, 11.32, 8.08, -4.40, -12.41
887.00, 11.51, 11.50, 11.32, -4.37, 11.86, 0.00
897.00, 11.49, 11.59, 11.26, 0.00, 9.00, -5.61
907.00, 11.54, 11.50, 11.31, 4.23, -7.93, 4.94
918.00, 11.52, 11.48, 11.26, 0.00, -2.19, -4.92
927.00, 11.60, 11.38, 11.26, 8.19, -9.75, 0.00
937.00, 11.62, 11.46, 11.36, 0.00, 7.76, 10.48
947.00, 11.48, 11.38, 11.40, -14.05, -7.56, 3.85
958.00, 11.48, 11.39, 11.41, 0.00, 0.00, 0.00
967.00, 11.43, 11.44, 11.50, -5.58, 5.48, 8.32
977.00, 11.46, 11.38, 11.48, 3.37, -6.25, 0.00
987.00, 11.40, 11.47, 11.44, -5.68, 8.43, -3.97
997.00, 11.42, 11.48, 11.38, 0.00, 0.00, -5.70
1008.00, 11.44, 11.45, 11.34, 2.29, -2.99, -3.52
1017.00, 11.47, 11.45, 11.34, 2.14, 0.00, 0.00
1027.00, 11.52, 11.44, 11.28, 5.60, 0.00, -6.07
1037.00, 11.58, 11.37, 11.38, 5.36, -6.43, 9.17
1048.00, 11.58, 11.42, 11.37, 0.00, 4.74, 0.00
1058.00, 11.47, 11.23, 11.44, -10.72, -18.36, 6.20
1068.00, 11.41, 11.55, 11.49, -5.60, 32.19, 4.79
1078.00, 11.47, 11.44, 11.51, 5.74, -11.23, 2.35
1089.00, 11.44, 11.45, 11.46, -2.65, 0.00, -5.02
1099.00, 11.41, 11.47, 11.40, -2.74, 0.00, -6.39
1108.00, 11.44, 11.46, 11.35, 2.75, 0.00, -4.59
1118.00, 11.50, 11.46, 11.31, 6.03, 0.00, -4.19
1129.00, 11.61, 11.42, 11.34, 10.27, -4.04, 3.08
1139.00, 11.57, 11.27, 11.21, -3.87, -14.61, -13.00
1149.00, 11.64, 11.48, 11.37, 7.34, 20.55, 15.90
1159.00, 11.66, 11.32, 11.38, 0.00, -15.37, 0.00
1168.00, 11.61, 11.39, 11.41, -4.84, 6.92, 2.73
1179.00, 11.51, 11.39, 11.48, -10.48, 0.00, 6.91
1189.00, 11.50, 11.32, 11.48, 0.00, -7.73, 0.00
1199.00, 11.53, 11.51, 11.43, 2.80, 19.21, -5.17
1209.00, 11.43, 11.47, 11.41, -8.94, -3.78, 0.00
1220.00, 11.55, 11.49, 11.37, 12.13, 0.00, -3.74
1230.00, 11.57, 11.44, 11.22, 2.25, -4.83, -15.35
1239.00, 11.55, 11.41, 11.33, 0.00, -2.74, 11.36
1249.00, 11.61, 11.42, 11.28, 5.10, 0.00, -5.74
1260.00, 11.64, 11.39, 11.28, 3.26, -3.23, 0.00
1270.00, 11.63, 11.37, 11.45, 0.00, 0.00, 17.96
1280.00, 11.36, 11.40, 11.38, -27.15, 2.21, -6.67
1289.00, 11.90, 11.40, 11.46, 53.46, 0.00, 7.86
1300.00, 11.57, 11.43, 11.41, -32.16, 3.02, -4.62
1310.00, 11.62, 11.46, 11.54, 4.20, 2.90, 12.23
1320.00, 11.50, 11.52, 11.40, -11.52, 5.39, -13.95
1330.00, 11.51, 11.48, 11.27, 0.00, -3.80, -12.09
1340.00, 11.55, 11.47, 11.39, 4.55, 0.00, 12.54
1351.00, 11.64, 11.44, 11.33, 8.94, -2.76, -5.91
1361.00, 11.60, 11.41, 11.31, -4.70, -3.20, -2.22
1370.00, 11.65, 11.40, 11.37, 5.16, 0.00, 6.43
1380.00, 11.70, 11.34, 11.41, 5.58, -5.84, 3.12
1391.00, 11.62, 11.39, 11.42, -7.97, 4.96, 0.00
1400.00, 11.57, 11.40, 11.49, -5.57, 0.00, 6.94
1410.00, 11.54, 11.41, 11.49, -2.97, 0.00, 0.00
1420.00, 11.60, 11.48, 11.40, 6.20, 7.22, -9.56
1431.00, 11.49, 11.50, 11.39, -11.50, 0.00, 0.00
1441.00, 11.51, 11.51, 11.41, 2.55, 0.00, 0.00
1450.00, 11.53, 11.49, 11.38, 0.00, 0.00, -3.26
1460.00, 11.54, 11.48, 11.37, 0.00, 0.00, 0.00
1471.00, 11.59, 11.42, 11.32, 5.15, -5.11, -4.78
1481.00, 11.59, 11.43, 11.43, 0.00, 0.00, 11.62
1490.00, 11.57, 11.43, 11.47, 0.00, 0.00, 3.55
1500.00, 11.56, 11.43, 11.48, 0.00, 0.00, 0.00
1510.00, 11.57, 11.40, 11.48, 0.00, -2.48, 0.00
1521.00, 11.41, 11.45, 11.37, -17.13, 4.45, -11.07
1531.00, 11.55, 11.45, 11.63, 14.17, 0.00, 25.72
1540.00, 11.46, 11.52, 11.53, -9.20, 7.79, -9.27
1550.00, 11.46, 11.49, 11.43, 0.00, -3.65, -10.34
1561.00, 11.45, 11.48, 11.42, 0.00, 0.00, 0.00
1571.00, 11.56, 11.39, 11.39, 10.94, -8.59, -2.38
1581.00, 11.51, 11.44, 11.43, -4.36, 4.76, 3.28
1591.00, 11.49, 11.37, 11.38, -2.17, -6.86, -4.60
1602.00, 11.62, 11.39, 11.49, 13.05, 0.00, 11.20
1612.00, 11.50, 11.35, 11.62, -11.53, -3.57, 12.62
1622.00, 11.44, 11.51, 11.47, -6.29, 16.15, -15.07
1632.00, 11.56, 11.43, 11.62, 11.38, -7.67, 14.81
1643.00, 11.29, 11.51, 11.43, -25.63, 7.03, -18.61
1653.00, 11.60, 11.45, 11.46, 30.49, -5.61, 3.36
1662.00, 11.60, 11.47, 11.37, 0.00, 2.01, -9.18
1672.00, 11.51, 11.47, 11.36, -8.71, 0.00, 0.00
1683.00, 11.61, 11.31, 11.38, 9.61, -15.76, 0.00
1693.00, 11.63, 11.50, 11.37, 0.00, 19.23, 0.00
1703.00, 11.60, 11.44, 11.40, -3.21, -6.40, 2.66
1712.00, 11.59, 11.41, 11.44, 0.00, -2.43, 4.11
1722.00, 11.68, 11.41, 11.52, 8.82, 0.00, 7.90
1733.00, 11.55, 11.42, 11.52, -13.33, 0.00, 0.00
1742.00, 11.57, 11.47, 11.51, 0.00, 4.61, 0.00
1752.00, 11.55, 11.46, 11.42, 0.00, 0.00, -9.69
1762.00, 11.50, 11.43, 11.42, -5.16, -2.69, 0.00
1773.00, 11.57, 11.51, 11.35, 7.18, 7.57, -7.22
1783.00, 11.60, 11.48, 11.35, 2.64, -3.28, 0.00
1793.00, 11.61, 11.43, 11.32, 0.00, -4.36, -2.61
1803.00, 11.60, 11.49, 11.35, 0.00, 5.84, 2.23
1814.00, 11.66, 11.44, 11.32, 6.43, -4.87, -2.57
1824.00, 11.62, 11.41, 11.45, -4.24, -3.20, 13.16
1834.00, 11.65, 11.45, 11.57, 3.24, 3.46, 11.72
1844.00, 11.59, 11.46, 11.49, -6.57, 0.00, -7.74
1854.00, 11.57, 11.48, 11.49, 0.00, 2.78, 0.00
1864.00, 11.57, 11.51, 11.46, 0.00, 2.33, -2.77
1874.00, 11.57, 11.51, 11.36, 0.00, 0.00, -9.87
1884.00, 11.58, 11.47, 11.41, 0.00, -3.58, 4.68
1894.00, 11.59, 11.51, 11.36, 0.00, 3.93, -4.29
1905.00, 11.60, 11.49, 11.36, 0.00, -2.50, 0.00
1914.00, 11.62, 11.47, 11.12, 0.00, -2.16, -24.54
1924.00, 11.57, 11.43, 11.66, -4.84, -3.86, 53.80
1934.00, 11.72, 11.38, 11.48, 15.22, -4.97, -17.87
1945.00, 11.55, 11.37, 11.46, -16.43, 0.00, 0.00
1955.00, 11.60, 11.52, 11.52, 4.83, 14.40, 5.37
1965.00, 11.63, 11.46, 11.45, 2.65, -6.16, -6.84
1975.00, 11.59, 11.48, 11.42, -3.77, 2.26, -2.97
1986.00, 11.46, 11.53, 11.31, -12.57, 4.51, -10.48
1996.00, 11.62, 11.53, 11.49, 15.89, 0.00, 17.76
2006.00, 11.58, 11.55, 11.36, -3.78, 0.00, -12.95
2016.00, 11.59, 11.47, 11.33, 0.00, -7.49, -2.60
2027.00, 11.59, 11.48, 11.41, 0.00, 0.00, 8.13
2037.00, 11.64, 11.47, 11.38, 4.93, 0.00, -2.89
2046.00, 11.55, 11.49, 11.44, -8.74, 2.13, 5.57
2056.00, 11.51, 11.48, 11.59, -4.84, 0.00, 14.66
2067.00, 11.56, 11.45, 11.53, 5.33, -2.90, -5.51
2077.00, 11.49, 11.50, 11.53, -7.31, 4.97, 0.00
2086.00, 11.50, 11.50, 11.47, 0.00, 0.00, -5.58
2096.00, 11.47, 11.55, 11.44, -3.24, 5.07, -3.68
2106.00, 11.40, 11.49, 11.46, -5.97, -5.55, 2.57
2117.00, 11.48, 11.45, 11.43, 7.57, -3.74, -3.58
2127.00, 11.53, 11.49, 11.39, 4.71, 3.38, -3.69
2137.00, 11.56, 11.43, 11.46, 3.39, -5.03, 6.26
2147.00, 11.56, 11.41, 11.50, 0.00, -2.00, 4.70
2158.00, 11.54, 11.46, 11.53, 0.00, 4.60, 2.81
2167.00, 11.49, 11.47, 11.55, -5.14, 0.00, 0.00
2177.00, 11.50, 11.50, 11.56, 0.00, 2.60, 0.00
2187.00, 11.55, 11.52, 11.54, 4.53, 2.14, 0.00
2198.00, 11.53, 11.49, 11.41, -2.17, -3.28, -12.88
2208.00, 11.50, 11.53, 11.41, -2.91, 3.99, 0.00
2218.00, 11.55, 11.45, 11.42, 5.06, -7.46, 0.00
2228.00, 11.52, 11.50, 11.35, -3.42, 4.55, -7.22
2239.00, 11.62, 11.52, 11.41, 9.79, 2.16, 5.38
2249.00, 11.70, 11.46, 11.38, 8.17, -6.62, -2.86
2259.00, 11.64, 11.45, 11.49, -5.32, 0.00, 10.42
2269.00, 11.64, 11.47, 11.47, 0.00, 2.05, -1.99
2280.00, 11.63, 11.48, 11.52, 0.00, 0.00, 5.51
2290.00, 11.59, 11.53, 11.48, -3.68, 4.21, -4.33
2299.00, 11.57, 11.49, 11.54, -2.31, -3.27, 6.38
2309.00, 11.65, 11.42, 11.41, 7.87, -6.92, -12.61
2319.00, 11.55, 11.57, 11.41, -9.47, 15.05, 0.00
2330.00, 11.62, 11.46, 11.35, 6.85, -10.88, -5.41
2340.00, 11.66, 11.48, 11.33, 4.20, 0.00, -2.23
2349.00, 11.61, 11.51, 11.36, -5.17, 2.54, 3.59
2359.00, 11.72, 11.54, 11.41, 11.19, 3.09, 4.54
2370.00, 11.61, 11.49, 11.44, -11.01, -5.02, 3.01
2380.00, 11.73, 11.48, 11.50, 12.06, 0.00, 5.71
2390.00, 11.60, 11.52, 11.48, -12.10, 4.05, 0.00
2400.00, 11.64, 11.54, 11.53, 2.95, 1.99, 4.50
2411.00, 11.59, 11.52, 11.45, -4.32, -2.61, -7.14
2421.00, 11.58, 11.54, 11.40, 0.00, 0.00, -5.29
2430.00, 11.57, 11.48, 11.35, 0.00, -5.64, -5.14
2440.00, 11.72, 11.53, 11.36, 15.16, 4.94, 0.00
2451.00, 11.62, 11.52, 11.38, -9.34, 0.00, 0.00
2461.00, 11.64, 11.50, 11.33, 0.00, 0.00, -4.48
2471.00, 11.63, 11.44, 11.43, 0.00, -7.06, 10.28
2480.00, 11.69, 11.50, 11.43, 5.21, 6.47, 0.00
2490.00, 11.74, 11.49, 11.50, 5.11, 0.00, 7.08
2501.00, 11.64, 11.50, 11.50, -9.86, 0.00, 0.00
2510.00, 11.64, 11.39, 11.48, 0.00, -11.04, 0.00
2520.00, 11.62, 11.61, 11.42, -2.44, 21.80, -6.39
2530.00, 11.65, 11.52, 11.35, 3.31, -8.27, -6.36
2541.00, 11.64, 11.55, 11.43, 0.00, 2.23, 7.92
2551.00, 11.62, 11.56, 11.35, 0.00, 0.00, -8.08
2561.00, 11.64, 11.48, 11.39, 2.17, -8.53, 4.25
2571.00, 11.61, 11.47, 11.31, -3.34, 0.00, -8.47
2582.00, 11.63, 11.49, 11.46, 1.94, 2.48, 14.81
2592.00, 11.62, 11.50, 11.50, 0.00, 0.00, 3.81
2601.00, 11.60, 11.53, 11.51, 0.00, 2.43, 0.00
2611.00, 11.59, 11.52, 11.52, 0.00, 0.00, 0.00
2622.00, 11.61, 11.57, 11.55, 2.52, 5.37, 3.07
2632.00, 11.56, 11.53, 11.46, -5.46, -3.70, -8.69
2642.00, 11.50, 11.48, 11.44, -6.23, -5.71, -2.41
2651.00, 11.62, 11.49, 11.44, 11.93, 0.00, 0.00
2661.00, 11.58, 11.48, 11.46, -3.96, 0.00, 0.00
2672.00, 11.58, 11.50, 11.35, 0.00, 0.00, -11.12
2682.00, 11.55, 11.43, 11.53, -2.18, -6.45, 17.92
2691.00, 11.59, 11.40, 11.50, 3.30, -3.24, -2.27
2701.00, 11.68, 11.45, 11.51, 8.71, 5.35, 0.00
2712.00, 11.64, 11.46, 11.57, -3.76, 0.00, 5.92
2722.00, 11.63, 11.52, 11.57, 0.00, 5.96, 0.00
2732.00, 11.64, 11.44, 11.55, 0.00, -7.20, -2.05
2742.00, 11.63, 11.58, 11.41, 0.00, 13.36, -13.09
2753.00, 11.62, 11.45, 11.45, 0.00, -11.90, 3.28
2763.00, 11.59, 11.50, 11.41, -2.99, 4.56, -3.64
2773.00, 11.60, 11.50, 11.38, 0.00, 0.00, -2.80
2783.00, 11.67, 11.44, 11.37, 6.97, -6.32, 0.00
2794.00, 11.67, 11.56, 11.44, 0.00, 11.96, 6.91
2804.00, 11.64, 11.49, 11.48, -3.28, -6.98, 4.46
2814.00, 11.68, 11.52, 11.52, 3.60, 2.82, 3.85
2824.00, 11.70, 11.51, 11.50, 2.20, 0.00, -2.58
2835.00, 11.73, 11.54, 11.55, 3.36, 3.34, 5.17
2845.00, 11.61, 11.51, 11.52, -12.17, -2.57, -2.80
2855.00, 11.70, 11.40, 11.44, 8.68, -11.59, -8.28
2865.00, 11.60, 11.55, 11.41, -9.55, 15.41, -2.66
2874.00, 11.68, 11.45, 11.40, 7.23, -10.38, 0.00
2885.00, 11.67, 11.47, 11.37, 0.00, 2.69, -2.26
2895.00, 11.74, 11.49, 11.41, 6.99, 2.05, 3.17
2905.00, 11.66, 11.51, 11.45, -7.53, 0.00, 4.37
2915.00, 11.69, 11.51, 11.40, 3.06, 0.00, -4.57
2926.00, 11.53, 11.48, 11.58, -16.53, -2.51, 17.21
2936.00, 11.89, 11.50, 11.50, 36.17, 0.00, -7.43
2946.00, 11.72, 11.58, 11.50, -16.78, 8.51, 0.00
2956.00, 11.62, 11.53, 11.52, -10.69, -5.62, 2.43
2966.00, 11.68, 11.48, 11.42, 5.95, -4.53, -10.05
2976.00, 11.60, 11.42, 11.41, -7.28, -6.25, 0.00
2986.00, 11.73, 11.49, 11.38, 12.50, 7.05, -2.72
2996.00, 11.64, 11.57, 11.42, -8.31, 8.10, 3.58
3007.00, 11.64, 11.37, 11.39, 0.00, -20.58, -2.82
3017.00, 11.76, 11.55, 11.44, 11.71, 18.46, 5.03
3027.00, 11.72, 11.43, 11.47, -4.24, -12.55, 2.33
3037.00, 11.67, 11.53, 11.55, -4.96, 10.58, 7.99
3048.00, 11.76, 11.49, 11.51, 9.11, -4.71, -3.99
3057.00, 11.73, 11.50, 11.47, -2.74, 0.00, -3.69
3067.00, 11.64, 11.54, 11.41, -8.83, 3.99, -5.95
3077.00, 11.59, 11.57, 11.44, -5.41, 3.03, 3.21
3087.00, 11.73, 11.44, 11.43, 13.98, -12.71, 0.00
3098.00, 11.56, 11.62, 11.40, -17.40, 18.25, -3.11
3108.00, 11.63, 11.47, 11.48, 6.90, -14.58, 8.55
3118.00, 11.64, 11.47, 11.43, 0.00, 0.00, -5.66
3128.00, 11.64, 11.51, 11.54, 0.00, 3.46, 11.05
3139.00, 11.61, 11.47, 11.51, -3.38, -3.37, -3.07
3149.00, 11.63, 11.51, 11.58, 1.98, 3.65, 6.96
3159.00, 11.63, 11.50, 11.51, 0.00, 0.00, -7.20
3169.00, 11.63, 11.43, 11.57, 0.00, -7.42, 5.62
3180.00, 11.62, 11.53, 11.54, 0.00, 10.18, -2.61
3190.00, 11.60, 11.47, 11.51, 0.00, -6.60, -2.87
3199.00, 11.56, 11.45, 11.48, -3.70, 0.00, -3.25
3209.00, 11.67, 11.45, 11.47, 10.32, 0.00, 0.00
3220.00, 11.63, 11.48, 11.50, -3.47, 2.31, 2.45
3230.00, 11.61, 11.45, 11.32, -2.12, -2.37, -17.83
3240.00, 11.60, 11.44, 11.70, 0.00, 0.00, 37.17
3250.00, 11.68, 11.47, 11.56, 8.62, 3.35, -14.31
3260.00, 11.69, 11.49, 11.58, 0.00, 2.22, 0.00
3271.00, 11.66, 11.50, 11.59, -2.71, 0.00, 0.00
3281.00, 11.62, 11.48, 11.50, -3.86, -2.44, -9.02
3290.00, 11.62, 11.20, 11.47, 0.00, -26.89, -2.55
3300.00, 11.65, 11.69, 11.35, 3.25, 47.86, -12.07
3311.00, 11.68, 11.42, 11.62, 3.59, -26.32, 26.63
3321.00, 11.62, 11.52, 11.42, -6.84, 9.62, -19.48
3331.00, 11.68, 11.45, 11.51, 5.88, -6.25, 9.10
3341.00, 11.67, 11.49, 11.43, 0.00, 3.10, -7.42
3352.00, 11.70, 11.43, 11.52, 3.07, -5.03, 8.51
3362.00, 11.76, 11.27, 11.57, 5.72, -16.20, 4.40
3372.00, 11.65, 11.74, 11.60, -10.19, 46.33, 3.46
3382.00, 11.71, 11.38, 11.54, 4.96, -33.58, -6.06
3393.00, 11.63, 11.62, 11.46, -7.24, 23.59, -7.46
3403.00, 11.69, 11.48, 11.57, 5.47, -13.71, 10.51
3413.00, 11.67, 11.43, 11.43, 0.00, -5.16, -13.65
3423.00, 11.66, 11.50, 11.49, 0.00, 7.44, 5.71
3434.00, 11.64, 11.44, 11.46, 0.00, -6.32, -2.98
3444.00, 11.62, 11.45, 11.35, -2.45, 0.00, -10.92
3454.00, 11.67, 11.55, 11.49, 5.34, 10.05, 13.50
3464.00, 11.70, 11.51, 11.61, 3.17, -3.71, 11.68
3475.00, 11.64, 11.48, 11.51, -6.39, -2.64, -9.71
3485.00, 11.71, 11.47, 11.61, 6.80, 0.00, 9.66
3495.00, 11.64, 11.61, 11.57, -6.51, 13.83, -4.25
3505.00, 11.69, 11.50, 11.49, 4.65, -11.06, -7.74
3514.00, 11.65, 11.47, 11.53, -4.06, -2.78, 3.78
3525.00, 11.57, 11.46, 11.46, -7.49, 0.00, -6.95
3535.00, 11.64, 11.50, 11.48, 6.83, 3.52, 0.00
3545.00, 11.68, 11.47, 11.40, 3.11, -2.63, -7.17
3555.00, 11.62, 11.47, 11.49, -5.93, 0.00, 8.97
3566.00, 11.64, 11.47, 11.53, 2.75, 0.00, 4.09
3576.00, 11.79, 11.49, 11.51, 15.07, 2.32, -2.37
3585.00, 11.77, 11.30, 11.60, -2.02, -18.57, 8.74
3595.00, 11.65, 11.69, 11.50, -11.92, 39.59, -9.79
3606.00, 11.67, 11.50, 11.54, 0.00, -18.40, 4.00
3616.00, 11.64, 11.34, 11.48, -3.29, -16.08, -5.94
3626.00, 11.68, 11.68, 11.48, 3.48, 32.28, 0.00
3636.00, 11.53, 11.52, 11.50, -14.67, -16.07, 0.00
3647.00, 11.52, 11.52, 11.52, 0.00, 0.00, 0.00
3657.00, 11.62, 11.51, 11.51, 10.46, 0.00, 0.00
3666.00, 11.55, 11.49, 11.53, -6.80, 0.00, 0.00
3676.00, 11.58, 11.50, 11.56, 3.16, 0.00, 3.78
3686.00, 11.59, 11.52, 11.59, 0.00, 2.10, 2.46
3697.00, 11.61, 11.52, 11.56, 2.29, 0.00, -2.77
3706.00, 11.67, 11.53, 11.60, 5.19, 0.00, 4.14
3716.00, 11.56, 11.48, 11.58, -10.23, -4.66, 0.00
3726.00, 11.55, 11.43, 11.54, 0.00, -5.13, -4.02
3737.00, 11.56, 11.55, 11.55, 0.00, 11.36, 0.00
3746.00, 11.45, 11.48, 11.52, -11.60, -6.23, -2.74
3756.00, 11.68, 11.43, 11.58, 23.41, -5.57, 6.02
3766.00, 11.55, 11.45, 11.53, -12.99, 2.23, -5.16
3777.00, 11.60, 11.40, 11.51, 4.69, -4.88, -2.28
3787.00, 11.59, 11.56, 11.60, 0.00, 15.90, 9.20
3797.00, 11.71, 11.45, 11.58, 12.09, -10.84, 0.00
3807.00, 11.62, 11.51, 11.60, -9.17, 5.88, 0.00
3817.00, 11.65, 11.51, 11.61, 3.66, 0.00, 0.00
3827.00, 11.60, 11.53, 11.54, -5.33, 0.00, -6.16
3837.00, 11.62, 11.46, 11.41, 0.00, -5.88, -13.12
3847.00, 11.56, 11.47, 11.59, -5.30, 0.00, 18.02
3857.00, 11.58, 11.50, 11.42, 0.00, 2.91, -16.44
3868.00, 11.60, 11.47, 11.57, 0.00, -2.26, 15.26
3878.00, 11.66, 11.48, 11.51, 6.04, 0.00, -5.49
3887.00, 11.60, 11.51, 11.53, -6.09, 3.01, 2.14
3897.00, 11.63, 11.49, 11.52, 3.28, 0.00, 0.00
3908.00, 11.55, 11.53, 11.60, -8.79, 4.22, 7.86
3918.00, 11.80, 11.58, 11.63, 25.35, 4.39, 3.83
3928.00, 11.68, 11.50, 11.57, -11.54, -7.88, -6.77
3938.00, 11.58, 11.45, 11.61, -10.23, -5.03, 4.07
3948.00, 11.63, 11.57, 11.51, 4.65, 12.50, -9.71
3958.00, 11.56, 11.44, 11.47, -6.81, -12.63, -3.61
3968.00, 11.65, 11.42, 11.55, 9.56, -2.52, 7.36
3978.00, 11.57, 11.62, 11.48, -7.93, 20.70, -6.96
3989.00, 11.61, 11.52, 11.50, 3.80, -10.03, 1.96
3999.00, 11.69, 11.47, 11.48, 8.08, -4.66, -2.03
4009.00, 11.63, 11.54, 11.52, -6.59, 6.10, 4.06
4019.00, 11.45, 11.49, 11.59, -16.99, -4.89, 6.76
4030.00, 11.89, 11.57, 11.63, 41.12, 8.30, 3.85
4040.00, 11.59, 11.58, 11.59, -29.63, 0.00, -3.53
4050.00, 11.60, 11.49, 11.55, 0.00, -8.54, -3.97
4060.00, 11.57, 11.45, 11.49, -3.05, -3.83, -6.25
4070.00, 11.58, 11.53, 11.48, 0.00, 7.86, 0.00
4081.00, 11.57, 11.56, 11.50, 0.00, 2.74, 0.00
4090.00, 11.61, 11.50, 11.49, 3.34, -6.09, 0.00
4100.00, 11.60, 11.50, 11.45, 0.00, 0.00, -3.93
4110.00, 11.67, 11.54, 11.51, 6.87, 4.77, 5.78
4121.00, 11.76, 11.49, 11.50, 8.89, -5.78, 0.00
4131.00, 11.67, 11.54, 11.63, -8.05, 5.65, 13.19
4141.00, 11.66, 11.57, 11.56, 0.00, 2.28, -6.81
4151.00, 11.61, 11.54, 11.47, -5.36, -3.15, -9.48
4162.00, 11.58, 11.54, 11.54, -2.13, 0.00, 6.98
4172.00, 11.55, 11.55, 11.49, -2.95, 0.00, -4.73
4182.00, 11.58, 11.55, 11.51, 2.93, 0.00, 0.00
4191.00, 11.37, 11.58, 11.53, -21.02, 3.15, 0.00
4202.00, 11.68, 11.32, 11.56, 30.88, -25.03, 3.04
4212.00, 11.48, 11.76, 11.54, -19.24, 42.94, -2.44
4222.00, 11.58, 11.46, 11.56, 9.81, -29.01, 2.08
4232.00, 11.58, 11.55, 11.44, 0.00, 8.50, -11.10
4243.00, 11.58, 11.67, 11.72, 0.00, 12.18, 27.65
4253.00, 11.65, 11.53, 11.65, 6.50, -13.96, -6.92
4263.00, 11.46, 11.58, 11.55, -18.63, 4.93, -9.91
4273.00, 11.57, 11.30, 11.58, 11.13, -27.44, 3.14
4283.00, 11.47, 11.72, 11.53, -9.66, 41.28, -4.47
4294.00, 11.46, 11.49, 11.59, 0.00, -22.91, 5.39
4303.00, 11.57, 11.53, 11.54, 10.96, 4.10, -4.71
4313.00, 11.49, 11.45, 11.50, -7.87, -7.21, -4.10
4323.00, 11.55, 11.62, 11.58, 5.94, 17.08, 7.83
4334.00, 11.62, 11.48, 11.56, 6.94, -14.17, 0.00
4344.00, 11.61, 11.54, 11.54, 0.00, 6.51, 0.00
4353.00, 11.63, 11.49, 11.59, 2.25, -5.74, 4.57
4363.00, 11.63, 11.66, 11.60, 0.00, 17.70, 0.00
4374.00, 11.62, 11.46, 11.48, 0.00, -19.55, -11.98
4384.00, 11.56, 11.53, 11.49, -5.30, 6.63, 0.00
4394.00, 11.60, 11.46, 11.45, 3.34, -6.59, -4.37
4404.00, 11.55, 11.51, 11.49, -4.34, 5.02, 4.03
4415.00, 11.63, 11.54, 11.48, 6.87, 2.46, 0.00
4425.00, 11.61, 11.54, 11.54, 0.00, 0.00, 5.93
4434.00, 11.62, 11.54, 11.52, 0.00, 0.00, -2.64
4444.00, 11.65, 11.59, 11.51, 3.79, 4.75, 0.00
4454.00, 11.64, 11.58, 11.59, 0.00, 0.00, 7.83
4465.00, 11.73, 11.59, 11.57, 9.41, 0.00, 0.00
4475.00, 11.64, 11.53, 11.58, -9.65, -5.86, 0.00
4484.00, 11.57, 11.66, 11.50, -6.93, 13.56, -8.11
4494.00, 11.62, 11.48, 11.43, 4.66, -17.88, -7.16
4505.00, 11.57, 11.53, 11.57, -4.31, 4.55, 14.08
4515.00, 11.45, 11.55, 11.44, -11.77, 2.42, -12.77
4525.00, 11.74, 11.54, 11.48, 27.01, 0.00, 3.55
4535.00, 11.62, 11.54, 11.45, -11.34, 0.00, -2.75
4546.00, 11.64, 11.56, 11.53, 0.00, 0.00, 7.43
4556.00, 11.47, 11.55, 11.52, -16.14, 0.00, 0.00
4566.00, 11.90, 11.59, 11.52, 42.06, 3.80, 0.00
4575.00, 11.66, 11.59, 11.51, -23.95, 0.00, 0.00
4586.00, 11.68, 11.59, 11.66, 2.32, 0.00, 14.92
4596.00, 11.58, 11.56, 11.50, -10.25, -2.67, -15.63
4606.00, 11.63, 11.54, 11.45, 5.10, -2.78, -4.50
4616.00, 11.56, 11.54, 11.47, -6.79, 0.00, 0.00
4627.00, 11.26, 11.48, 11.51, -28.76, -6.07, 4.47
4637.00, 11.93, 11.63, 11.47, 67.59, 15.77, -4.35
4647.00, 11.63, 11.54, 11.39, -29.64, -9.74, -8.13
4657.00, 11.65, 11.49, 11.53, 0.00, -4.27, 13.60
4667.00, 11.71, 11.63, 11.56, 6.09, 13.73, 3.48
4678.00, 11.71, 11.55, 11.32, 0.00, -7.46, -23.60
4688.00, 11.74, 11.62, 11.66, 2.46, 6.03, 33.54
4698.00, 11.60, 11.56, 11.57, -13.74, -5.85, -9.06
4708.00, 11.65, 11.58, 11.45, 5.48, 2.25, -11.89
4718.00, 11.46, 11.54, 11.46, -18.66, -3.58, 0.00
4728.00, 11.52, 11.58, 11.53, 5.96, 3.92, 6.90
4738.00, 11.57, 11.61, 11.50, 4.86, 2.94, -2.91
4748.00, 11.54, 11.58, 11.54, -2.73, -2.86, 3.88
4759.00, 11.56, 11.56, 11.54, 2.14, 0.00, 0.00
4769.00, 11.56, 11.60, 11.38, 0.00, 3.19, -16.36
4778.00, 11.56, 11.57, 11.70, 0.00, -2.22, 32.37
4788.00, 11.60, 11.63, 11.53, 3.71, 6.03, -17.57
4799.00, 11.62, 11.55, 11.62, 0.00, -7.92, 8.76
4809.00, 11.55, 11.52, 11.56, -6.39, -3.66, -5.62
4819.00, 11.53, 11.56, 11.52, -2.14, 4.22, -3.91
4829.00, 11.61, 11.51, 11.58, 7.39, -4.71, 5.76
4838.00, 11.50, 11.51, 11.53, -10.16, 0.00, -5.16
4849.00, 11.54, 11.53, 11.48, 3.20, 0.00, -4.53
4859.00, 11.62, 11.57, 11.55, 7.85, 4.85, 6.78
4869.00, 11.58, 11.50, 11.53, -3.30, -7.55, -1.95
4879.00, 11.64, 11.55, 11.54, 6.05, 4.64, 0.00
4890.00, 11.64, 11.56, 11.56, 0.00, 0.00, 2.14
4900.00, 11.66, 11.55, 11.59, 2.31, 0.00, 3.04
4910.00, 11.62, 11.56, 11.55, -3.89, 0.00, -4.37
4920.00, 11.54, 11.56, 11.43, -7.50, 0.00, -11.53
4931.00, 11.68, 11.48, 11.35, 13.08, -8.01, -8.21
4941.00, 11.59, 11.52, 11.55, -8.65, 4.06, 19.09
4951.00, 11.60, 11.52, 11.56, 0.00, 0.00, 0.00
4961.00, 11.65, 11.57, 11.45, 5.52, 5.12, -11.30
4972.00, 11.60, 11.55, 11.52, -4.59, -2.74, 6.81
4982.00, 11.72, 11.56, 11.51, 11.31, 0.00, 0.00
4992.00, 11.66, 11.57, 11.55, -5.74, 0.00, 4.18
5002.00, 11.73, 11.60, 11.59, 6.60, 2.57, 3.79