Time	 vA	 vB	 vC	 targetVelocity	 pwmA	 pwmB	 pwmC
200	0	0	0	0	0	 inf	0
400	0	0	0	7.3	0	0	0.01
600	0.17	7.16	0	14.6	0.16	0.11	0.02
800	4.73	8.74	0	21.9	0.16	0.13	0.03
1000	22.06	25.29	0	29.2	0.1	0.08	0.04
1200	30.32	30.36	0	36.5	0.1	0.09	0.05
1400	35.97	39.06	0	43.8	0.11	0.09	0.06
1600	46.13	43.16	0	51.1	0.09	0.11	0.07
1800	50.35	51.53	0	58.4	0.12	0.1	0.08
2000	60.76	56.55	0	65.7	0.1	0.12	0.09
2200	66.12	70.24	0	73	0.11	0.08	0.1
2400	72.28	74.76	0	80.3	0.12	0.1	0.11
2600	81.2	80.67	0	87.6	0.11	0.12	0.12
2800	88.21	88.15	0	94.9	0.11	0.11	0.13
3000	96.18	95.32	0	102.2	0.11	0.11	0.14
3200	105.13	101.89	0	109.5	0.1	0.12	0.15
3400	110.79	108.05	0	116.8	0.11	0.12	0.16
3600	118.65	118.48	0	124.1	0.1	0.11	0.17
3800	124.86	124.82	0	131.4	0.11	0.11	0.18
4000	132.28	131.51	0	138.7	0.1	0.12	0.19
4200	140.78	139.25	0	146	0.1	0.11	0.2
4400	147.61	145.75	0	153.3	0.1	0.11	0.21
4600	154.37	154.88	0	160.6	0.11	0.11	0.22
4800	163.53	162.02	39.08	167.9	0.1	0.1	0.23
5000	171.15	169.33	73.52	175.2	0.09	0.11	0.24
5200	178.89	176.37	100.58	182.5	0.08	0.11	0.25
5400	185.55	183.34	126.66	189.8	0.09	0.1	0.26
5600	196.02	195.4	150.18	197.1	0.07	0.07	0.27
5800	202.21	200	170.62	204.4	0.08	0.09	0.28
6000	210.15	208.67	192.75	211.7	0.08	0.09	0.29
6200	218.99	216.95	208.33	219	0.06	0.08	0.3
6400	227.95	223.88	227.55	226.3	0.05	0.08	0.31
6600	232.24	231.41	245.58	233.6	0.07	0.08	0.32
6800	241.7	240.19	266.92	240.9	0.06	0.07	0.33
7000	248.99	248.07	280.54	248.2	0.06	0.07	0.34
7200	257.65	255.85	294.31	255.5	0.06	0.07	0.35
7400	264.24	262.27	310.81	262.8	0.05	0.08	0.36
7600	271.82	270.38	325.18	270.1	0.06	0.07	0.37
7800	280.58	277.6	340.16	277.4	0.04	0.08	0.38
8000	289.93	286.79	353.72	284.7	0.03	0.06	0.39
8200	297.25	299.5	363.96	292	0.02	0.03	0.4
8400	303.27	302.98	376.87	299.3	0.04	0.05	0.41
8600	311.39	303.99	390.12	306.6	0.04	0.11	0.42
8800	317.78	315.67	402.72	313.9	0.05	0.08	0.43
9000	330.79	322.89	409.96	321.2	0.02	0.08	0.44
9200	333.01	333.28	423.46	328.5	0.04	0.07	0.45
9400	345.64	338.87	433.08	335.8	0.01	0.08	0.46
9600	352.66	347.39	446.57	343.1	0.02	0.06	0.47
9800	358.42	353.62	455.36	350.4	0.03	0.08	0.48
10000	363.78	365.89	464.7	357.7	0.05	0.05	0.49
10200	374.36	371.75	476.38	365	0.03	0.06	0.5
10400	383.71	377.08	484.22	372.3	0.03	0.08	0.51
10600	390.37	386.72	494.44	379.6	0.02	0.07	0.52
10800	396.64	393.61	499.38	386.9	0.03	0.08	0.53
11000	404.92	403.1	507.67	394.2	0.04	0.07	0.54
11200	412.51	408.36	513.67	401.5	0.04	0.09	0.55
11400	421.74	418.86	518.03	408.8	0.04	0.07	0.56
11600	428.02	426.69	523.93	416.1	0.05	0.07	0.57
11800	436.66	430.89	533.39	423.4	0.04	0.1	0.58
12000	445.92	437.31	538.25	430.7	0.04	0.1	0.59
12200	452.35	449.43	544.33	438	0.05	0.09	0.6
12400	460.53	456.41	549.14	445.3	0.04	0.08	0.61
12600	468.24	461.45	553.66	452.6	0.04	0.1	0.62
12800	476.26	470.96	557.11	459.9	0.04	0.09	0.63
13000	486.15	480.39	562.68	467.2	0.04	0.1	0.64
13200	490.84	487.41	566.33	474.5	0.06	0.1	0.65
13400	499.3	495.71	573.05	481.8	0.06	0.1	0.66
13600	505.01	502.71	575.82	489.1	0.07	0.11	0.67
13800	515.21	509.53	581.78	496.4	0.06	0.12	0.68
14000	522.11	517.16	585.56	503.7	0.08	0.13	0.69
14200	529.1	523.52	588.28	511	0.08	0.14	0.7
14400	535.13	530.54	595.63	518.3	0.1	0.15	0.71
14600	545.41	540.28	598.05	525.6	0.09	0.14	0.72
14800	552.77	549.02	603.54	532.9	0.11	0.15	0.73
15000	568.27	566.48	604.68	540.2	0.12	0.15	0.74
15200	566.76	559.32	609.18	547.5	0.12	0.19	0.75
15400	578.08	572.64	613.35	554.8	0.12	0.17	0.76
15600	583.01	577.49	611.73	562.1	0.13	0.19	0.77
15800	591.41	586.43	617.48	569.4	0.15	0.2	0.78
16000	595.43	595.14	621.14	576.7	0.17	0.2	0.79
16200	604.61	601.53	626.02	584	0.17	0.21	0.8
16400	612.63	610.23	630.58	591.3	0.19	0.22	0.81
16600	621.39	616.66	634.44	598.6	0.19	0.24	0.82
16800	628.14	624.19	639.26	605.9	0.2	0.25	0.83
17000	633.8	630.88	644.63	613.2	0.23	0.27	0.84
17200	641.32	640.52	645.34	620.5	0.24	0.26	0.85
17400	644.66	644.06	649.03	627.8	0.29	0.3	0.86
17600	655.64	652.99	650.77	635.1	0.28	0.32	0.87
17800	670.17	659.32	654.18	642.4	0.25	0.33	0.88
18000	670.73	668.3	652.46	649.7	0.31	0.34	0.89
18200	674.69	676.78	656.39	657	0.34	0.35	0.9
18400	682.95	683.38	655.85	664.3	0.35	0.37	0.91
18600	690.87	688.82	656.25	671.6	0.36	0.4	0.92
18800	699.19	697.85	656.83	678.9	0.38	0.41	0.93
19000	708.72	702.86	664.27	686.2	0.37	0.45	0.94
19200	709.05	708.61	671.01	693.5	0.47	0.49	0.95
19400	722.21	716.26	679.88	700.8	0.42	0.5	0.96
19600	727.76	723.87	690.83	708.1	0.48	0.54	0.97
19800	732.53	728.73	709.5	715.4	0.5	0.55	0.98
20000	741.4	736.85	719.63	722.7	0.52	0.6	0.99
20200	746.82	742.29	735.29	730	0.57	0.62	1
20400	750.62	750.35	742.15	737.3	0.62	0.65	1.01
20600	758.07	753.01	745.6	730	0.65	0.68	1
20800	743.01	743.71	746.03	722.7	0.6	0.64	0.99
21000	743.54	741.11	744.42	715.4	0.53	0.59	0.98
21200	736.56	730.35	730.79	708.1	0.5	0.58	0.97
21400	731.33	726.89	723.87	700.8	0.46	0.53	0.96
21600	721.64	719.51	706.59	693.5	0.46	0.5	0.95
21800	716.86	715.84	693.14	686.2	0.43	0.45	0.94
22000	710.32	705.14	682.7	678.9	0.42	0.46	0.93
22200	703.48	698.85	673.36	671.6	0.36	0.43	0.92
22400	694.23	695.86	670.17	664.3	0.36	0.38	0.91
22600	688.56	686.61	666.23	657	0.34	0.38	0.9
22800	679.52	676.67	662.2	649.7	0.32	0.37	0.89
23000	674.31	671.77	662.82	642.4	0.3	0.35	0.88
23200	668.07	664.1	663.34	635.1	0.27	0.33	0.87
23400	661.85	656.07	666.61	627.8	0.26	0.32	0.86
23600	651.59	649.4	667.13	620.5	0.26	0.3	0.85
23800	645.31	643.34	666.25	613.2	0.24	0.28	0.84
24000	637.8	634.91	664.76	605.9	0.22	0.27	0.83
24200	632.55	626.32	659.72	598.6	0.2	0.27	0.82
24400	626.27	621.29	659.44	591.3	0.19	0.24	0.81
24600	614.85	612.13	656.38	584	0.19	0.23	0.8
24800	617.54	605.4	650.09	576.7	0.13	0.22	0.79
25000	601.84	597.39	644.33	569.4	0.16	0.22	0.78
25200	596.21	590.97	639.46	562.1	0.13	0.19	0.77
25400	589.24	581.02	636.35	554.8	0.11	0.2	0.76
25600	579.94	576.74	635.73	547.5	0.12	0.18	0.75
25800	571.81	566.94	634.1	540.2	0.12	0.18	0.74
26000	562.35	560.98	627.85	532.9	0.12	0.16	0.73
26200	558.07	554.17	629	525.6	0.1	0.16	0.72
26400	549.02	546.21	624.8	518.3	0.1	0.15	0.71
26600	539.69	537.72	620.14	511	0.11	0.15	0.7
26800	533.91	527.94	618.69	503.7	0.09	0.16	0.69
27000	524.91	521.57	613.57	496.4	0.09	0.14	0.68
27200	515.72	515.72	609.86	489.1	0.09	0.12	0.67
27400	508.79	505.63	609.06	481.8	0.09	0.13	0.66
27600	503.07	498.21	604.97	474.5	0.06	0.12	0.65
27800	503.36	500.86	602.08	467.2	0.07	0.11	0.64
28000	483.69	480.32	593.75	459.9	0.09	0.14	0.63
28200	481.87	475.61	588.47	452.6	0.05	0.11	0.62
28400	471.16	466.98	585.59	445.3	0.06	0.12	0.61
28600	462.67	461.51	581.12	438	0.06	0.1	0.6
28800	456.4	453.07	573.88	430.7	0.06	0.1	0.59
29000	446.79	443.05	570.68	423.4	0.07	0.12	0.58
29200	440.04	437.16	564.82	416.1	0.07	0.11	0.57
29400	434	428.73	560.66	408.8	0.04	0.1	0.56
29600	424.63	419.45	555.56	401.5	0.06	0.11	0.55
29800	417.64	415.17	549.41	394.2	0.05	0.09	0.54
30000	409.26	405.66	543.82	386.9	0.06	0.1	0.53
30200	399.64	397.61	537.81	379.6	0.07	0.11	0.52
30400	393.22	390.56	528.71	372.3	0.05	0.1	0.51
30600	383.78	384.49	526.03	365	0.07	0.09	0.5
30800	377.74	374.29	520.07	357.7	0.05	0.1	0.49
31000	371.13	367.29	510.78	350.4	0.05	0.1	0.48
31200	364.82	359.71	503.36	343.1	0.04	0.09	0.47
31400	356.19	352.11	496.4	335.8	0.05	0.09	0.46
31600	348.13	343.98	490.59	328.5	0.06	0.1	0.45
31800	340.06	334.32	484.45	321.2	0.06	0.1	0.44
32000	331.15	332.14	478	313.9	0.06	0.09	0.43
32200	323.82	321.4	469.62	306.6	0.07	0.1	0.42
32400	316.61	312.91	461.53	299.3	0.07	0.11	0.41
32600	309.76	303.22	453.56	292	0.06	0.12	0.4
32800	300.81	296.8	446.28	284.7	0.08	0.11	0.39
33000	291.97	287.54	436.88	277.4	0.08	0.12	0.38
33200	284.32	281.47	424.85	270.1	0.08	0.11	0.37
33400	276.24	275.31	418.36	262.8	0.08	0.11	0.36
33600	268.64	265.83	406.44	255.5	0.09	0.12	0.35
33800	262.07	257.85	395.89	248.2	0.08	0.12	0.34
34000	253.95	251.49	386.3	240.9	0.09	0.12	0.33
34200	245.85	243.35	375.82	233.6	0.1	0.12	0.32
34400	237.13	234.9	366.1	226.3	0.11	0.13	0.31
34600	231.34	229.93	354.05	219	0.1	0.12	0.3
34800	220.01	219.73	341.28	211.7	0.12	0.13	0.29
35000	213.61	212.51	327.71	204.4	0.11	0.13	0.28
35200	205.89	204.51	314.73	197.1	0.11	0.13	0.27
35400	197.55	198.48	300.21	189.8	0.12	0.13	0.26
35600	191.94	190.41	288.76	182.5	0.11	0.13	0.25
35800	184.86	181.13	272.71	175.2	0.11	0.14	0.24
36000	177.8	177.89	260.38	167.9	0.12	0.12	0.23
36200	166.99	170.69	244.18	160.6	0.13	0.12	0.22
36400	159.48	159.68	230.11	153.3	0.13	0.14	0.21
36600	153.98	150.93	210.15	146	0.12	0.15	0.2
36800	145.47	144.69	194.82	138.7	0.13	0.14	0.19
37000	138.89	136.93	178.92	131.4	0.12	0.14	0.18
37200	132.3	129.21	159.53	124.1	0.12	0.14	0.17
37400	121.14	121.5	143.82	116.8	0.14	0.15	0.16
37600	113.94	115.23	125.06	109.5	0.14	0.14	0.15
37800	108.86	107.46	105.77	102.2	0.13	0.14	0.14
38000	99.6	103.14	85.13	94.9	0.14	0.12	0.13
38200	94.37	90.61	65.26	87.6	0.12	0.15	0.12
38400	84.69	83.25	44.52	80.3	0.13	0.15	0.11
38600	78.99	76.96	23.08	73	0.13	0.14	0.1
38800	69.02	69.32	0	65.7	0.14	0.14	0.09
39000	62.62	62.31	0	58.4	0.13	0.14	0.08
39200	52	55.87	0	51.1	0.15	0.12	0.07
39400	46.53	47.3	0	43.8	0.14	0.13	0.06
39600	38.71	40.9	0	36.5	0.14	0.12	0.05
39800	29.9	32.28	0	29.2	0.13	0.12	0.04
40000	23.9	20.87	0	21.9	0.13	0.14	0.03
40200	12.9	16.37	0	14.6	0.15	0.12	0.02
40400	1.04	1.46	0	7.3	0.18	0.17	0.01
40600	0	0	0	0	0.06	0.09	0
