Time, vA, vB, vC, targetVelocity, pwmA, pwmB, pwmC
200, 0.00, 0.00, 0.00,0.00,inf, inf, 0.00,
400, 0.00, 0.00, 0.00,7.30,0.00, 0.00, 0.00,
600, 0.00, 5.97, 0.00,14.60,0.16, 0.12, 0.16,
800, 6.52, 8.76, 9.34,21.90,0.14, 0.14, 0.22,
1000, 20.93, 20.74, 16.11,29.20,0.11, 0.11, 0.17,
1200, 29.59, 30.28, 29.51,36.50,0.10, 0.09, 0.16,
1400, 35.89, 37.70, 32.82,43.80,0.11, 0.09, 0.19,
1600, 46.31, 44.81, 43.75,51.10,0.09, 0.10, 0.16,
1800, 50.99, 50.98, 49.21,58.40,0.11, 0.11, 0.18,
2000, 60.16, 60.37, 59.25,65.70,0.10, 0.10, 0.17,
2200, 66.20, 65.77, 64.98,73.00,0.11, 0.11, 0.18,
2400, 74.37, 74.73, 73.29,80.30,0.11, 0.10, 0.18,
2600, 81.55, 81.94, 80.52,87.60,0.11, 0.10, 0.18,
2800, 88.30, 86.76, 87.22,94.90,0.11, 0.11, 0.19,
3000, 99.14, 97.17, 94.93,102.20,0.09, 0.10, 0.19,
3200, 101.91, 100.84, 104.25,109.50,0.11, 0.12, 0.18,
3400, 111.11, 111.09, 107.88,116.80,0.11, 0.10, 0.20,
3600, 120.29, 118.57, 115.76,124.10,0.09, 0.10, 0.20,
3800, 124.57, 124.86, 126.20,131.40,0.11, 0.11, 0.19,
4000, 133.56, 134.74, 133.30,138.70,0.09, 0.09, 0.20,
4200, 141.42, 139.90, 140.36,146.00,0.10, 0.11, 0.20,
4400, 147.93, 146.95, 147.98,153.30,0.11, 0.10, 0.19,
4600, 154.45, 154.37, 158.07,160.60,0.10, 0.11, 0.18,
4800, 162.91, 162.73, 163.88,167.90,0.09, 0.10, 0.20,
5000, 171.58, 170.46, 170.99,175.20,0.09, 0.11, 0.20,
5200, 179.30, 176.79, 177.99,182.50,0.09, 0.11, 0.20,
5400, 188.96, 183.46, 185.22,189.80,0.06, 0.11, 0.21,
5600, 194.80, 195.25, 195.59,197.10,0.08, 0.08, 0.20,
5800, 202.43, 200.34, 198.94,204.40,0.08, 0.09, 0.22,
6000, 210.90, 208.88, 206.41,211.70,0.06, 0.09, 0.22,
6200, 216.13, 217.53, 217.16,219.00,0.08, 0.08, 0.21,
6400, 225.12, 223.28, 223.32,226.30,0.07, 0.09, 0.22,
6600, 235.47, 230.71, 232.58,233.60,0.05, 0.09, 0.21,
6800, 243.60, 240.19, 239.99,240.90,0.05, 0.07, 0.21,
7000, 249.96, 247.80, 245.75,248.20,0.05, 0.06, 0.22,
7200, 258.49, 256.31, 253.17,255.50,0.05, 0.06, 0.23,
7400, 263.67, 263.29, 262.86,262.80,0.06, 0.07, 0.22,
7600, 273.52, 272.63, 268.69,270.10,0.05, 0.06, 0.23,
7800, 279.67, 278.37, 277.28,277.40,0.05, 0.07, 0.22,
8000, 290.60, 284.18, 284.18,284.70,0.03, 0.08, 0.23,
8200, 296.97, 294.99, 290.74,292.00,0.04, 0.06, 0.24,
8400, 306.12, 303.93, 302.29,299.30,0.03, 0.05, 0.21,
8600, 312.45, 308.89, 309.35,306.60,0.04, 0.07, 0.22,
8800, 321.56, 319.30, 315.81,313.90,0.03, 0.05, 0.23,
9000, 328.33, 326.57, 324.68,321.20,0.03, 0.05, 0.22,
9200, 333.71, 334.69, 332.84,328.50,0.04, 0.05, 0.22,
9400, 343.47, 340.41, 337.73,335.80,0.04, 0.07, 0.24,
9600, 350.19, 347.44, 346.51,343.10,0.04, 0.07, 0.24,
9800, 358.66, 354.26, 356.09,350.40,0.02, 0.08, 0.23,
10000, 368.00, 364.55, 361.96,357.70,0.02, 0.06, 0.24,
10200, 374.36, 372.67, 371.48,365.00,0.03, 0.05, 0.23,
10400, 383.96, 377.14, 377.54,372.30,0.02, 0.09, 0.24,
10600, 389.48, 386.47, 386.37,379.60,0.04, 0.07, 0.24,
10800, 399.56, 394.28, 392.46,386.90,0.03, 0.08, 0.26,
11000, 406.00, 400.22, 398.42,394.20,0.03, 0.09, 0.27,
11200, 411.64, 409.17, 407.96,401.50,0.06, 0.08, 0.26,
11400, 421.26, 418.68, 416.80,408.80,0.04, 0.07, 0.26,
11600, 427.52, 424.45, 422.60,416.10,0.05, 0.08, 0.28,
11800, 437.02, 431.88, 429.62,423.40,0.04, 0.09, 0.28,
12000, 443.12, 439.52, 439.31,430.70,0.06, 0.09, 0.28,
12200, 452.35, 449.57, 445.16,438.00,0.06, 0.08, 0.29,
12400, 462.66, 456.94, 454.02,445.30,0.03, 0.08, 0.29,
12600, 468.85, 462.14, 459.27,452.60,0.05, 0.10, 0.31,
12800, 474.21, 471.48, 468.24,459.90,0.07, 0.10, 0.31,
13000, 484.15, 480.24, 475.74,467.20,0.06, 0.10, 0.32,
13200, 492.91, 488.83, 485.16,474.50,0.05, 0.10, 0.31,
13400, 499.14, 495.17, 489.89,481.80,0.07, 0.11, 0.34,
13600, 505.49, 502.73, 497.90,489.10,0.08, 0.12, 0.35,
13800, 514.84, 508.38, 504.89,496.40,0.07, 0.14, 0.36,
14000, 524.39, 518.88, 514.00,503.70,0.07, 0.12, 0.36,
14200, 530.26, 525.95, 525.08,511.00,0.08, 0.12, 0.35,
14400, 536.59, 534.00, 529.75,518.30,0.09, 0.13, 0.37,
14601, 543.74, 539.86, 536.18,525.60,0.11, 0.16, 0.39,
14800, 553.74, 550.78, 543.22,532.90,0.10, 0.15, 0.40,
15000, 567.56, 567.21, 550.87,540.20,0.14, 0.16, 0.45,
15200, 564.44, 560.22, 557.12,547.50,0.14, 0.19, 0.42,
15400, 575.18, 571.96, 565.50,554.80,0.14, 0.18, 0.44,
15600, 582.63, 580.44, 571.34,562.10,0.15, 0.18, 0.47,
15800, 590.95, 586.43, 578.58,569.40,0.16, 0.20, 0.48,
16000, 598.73, 593.58, 585.08,576.70,0.16, 0.22, 0.50,
16200, 606.88, 602.76, 593.97,584.00,0.17, 0.21, 0.51,
16400, 612.52, 609.47, 601.60,591.30,0.20, 0.23, 0.52,
16600, 621.58, 618.73, 608.32,598.60,0.20, 0.24, 0.54,
16800, 625.41, 623.46, 611.63,605.90,0.22, 0.26, 0.58,
17000, 636.52, 631.17, 620.42,613.20,0.22, 0.27, 0.59,
17200, 642.33, 638.43, 626.37,620.50,0.24, 0.29, 0.63,
17400, 649.77, 643.83, 635.11,627.80,0.25, 0.31, 0.63,
17600, 654.26, 655.34, 639.26,635.10,0.29, 0.31, 0.69,
17800, 661.48, 660.36, 645.77,642.40,0.30, 0.33, 0.70,
18000, 670.95, 667.54, 653.17,649.70,0.31, 0.35, 0.75,
18200, 678.64, 675.46, 658.64,657.00,0.32, 0.36, 0.78,
18400, 683.38, 680.09, 663.51,664.30,0.36, 0.40, 0.83,
18600, 690.44, 687.65, 669.64,671.60,0.37, 0.42, 0.86,
18800, 699.64, 697.16, 678.42,678.90,0.39, 0.42, 0.83,
19000, 706.15, 703.34, 681.82,686.20,0.42, 0.45, 0.88,
19200, 717.20, 709.92, 688.25,693.50,0.38, 0.48, 0.88,
19400, 720.72, 714.99, 693.99,700.80,0.44, 0.51, 0.94,
19600, 723.81, 725.58, 699.98,708.10,0.51, 0.55, 0.96,
19800, 733.68, 727.43, 708.14,715.40,0.53, 0.57, 0.96,
20000, 739.48, 735.06, 711.04,722.70,0.55, 0.61, 1.00,
20200, 745.60, 741.04, 723.99,730.00,0.59, 0.65, 0.98,
20400, 751.29, 748.83, 737.94,737.30,0.62, 0.67, 0.97,
20600, 758.69, 752.89, 745.66,730.00,0.66, 0.68, 0.97,
20800, 749.63, 746.82, 730.14,722.70,0.57, 0.63, 0.98,
21000, 741.03, 739.67, 727.47,715.40,0.57, 0.61, 0.95,
21200, 735.18, 732.32, 715.40,708.10,0.51, 0.57, 0.97,
21400, 730.02, 729.27, 711.48,700.80,0.48, 0.52, 0.95,
21600, 723.17, 724.24, 699.22,693.50,0.45, 0.50, 0.97,
21800, 713.62, 709.96, 695.52,686.20,0.43, 0.49, 0.94,
22000, 711.73, 709.08, 686.55,678.90,0.41, 0.44, 0.94,
22200, 706.63, 699.64, 687.17,671.60,0.34, 0.44, 0.87,
22400, 697.38, 692.70, 674.30,664.30,0.35, 0.41, 0.87,
22600, 690.83, 685.60, 668.73,657.00,0.33, 0.39, 0.81,
22800, 682.52, 676.12, 664.44,649.70,0.31, 0.39, 0.76,
23000, 674.20, 670.93, 655.02,642.40,0.30, 0.36, 0.75,
23200, 667.34, 662.92, 648.08,635.10,0.28, 0.34, 0.72,
23400, 658.97, 656.50, 644.16,627.80,0.28, 0.32, 0.68,
23600, 651.43, 648.54, 636.62,620.50,0.26, 0.31, 0.66,
23800, 645.94, 642.33, 628.51,613.20,0.24, 0.29, 0.64,
24000, 640.71, 635.28, 621.04,605.90,0.21, 0.27, 0.63,
24200, 632.24, 628.65, 616.33,598.60,0.20, 0.26, 0.59,
24400, 624.32, 621.77, 608.90,591.30,0.20, 0.24, 0.57,
24600, 616.48, 609.95, 601.33,584.00,0.18, 0.25, 0.55,
24800, 608.67, 605.66, 597.28,576.70,0.18, 0.22, 0.52,
25000, 602.60, 597.58, 589.44,569.40,0.15, 0.22, 0.51,
25200, 592.92, 588.76, 582.91,562.10,0.16, 0.21, 0.48,
25400, 586.22, 583.00, 572.33,554.80,0.14, 0.19, 0.49,
25600, 579.66, 574.98, 566.14,547.50,0.13, 0.19, 0.47,
25800, 572.07, 566.14, 559.01,540.20,0.12, 0.19, 0.45,
26000, 558.89, 558.73, 553.91,532.90,0.15, 0.18, 0.43,
26200, 553.39, 551.82, 544.41,525.60,0.13, 0.17, 0.43,
26400, 551.24, 542.63, 539.82,518.30,0.09, 0.17, 0.40,
26600, 543.39, 536.93, 531.13,511.00,0.09, 0.15, 0.40,
26800, 534.26, 530.54, 522.88,503.70,0.08, 0.14, 0.40,
27000, 527.56, 524.01, 515.42,496.40,0.08, 0.13, 0.39,
27200, 518.22, 512.95, 507.53,489.10,0.08, 0.15, 0.38,
27400, 511.53, 505.96, 502.45,481.80,0.07, 0.13, 0.36,
27600, 502.96, 498.68, 491.27,474.50,0.07, 0.12, 0.37,
27800, 504.82, 500.94, 489.12,467.20,0.06, 0.11, 0.35,
28000, 484.45, 480.54, 478.00,459.90,0.08, 0.14, 0.33,
28200, 474.38, 475.76, 471.62,452.60,0.11, 0.11, 0.33,
28400, 471.47, 468.47, 465.31,445.30,0.07, 0.11, 0.31,
28600, 464.97, 461.88, 458.00,438.00,0.05, 0.09, 0.30,
28800, 456.62, 450.67, 446.86,430.70,0.06, 0.11, 0.32,
29000, 449.03, 443.16, 440.17,423.40,0.06, 0.11, 0.31,
29200, 440.60, 437.84, 435.09,416.10,0.06, 0.10, 0.29,
29400, 434.00, 428.08, 427.38,408.80,0.04, 0.11, 0.28,
29600, 425.53, 421.60, 419.31,401.50,0.05, 0.10, 0.28,
29800, 417.51, 415.95, 409.26,394.20,0.06, 0.08, 0.29,
30000, 409.64, 406.19, 401.70,386.90,0.06, 0.10, 0.29,
30200, 399.93, 399.87, 395.13,379.60,0.08, 0.09, 0.27,
30400, 395.40, 390.94, 388.10,372.30,0.05, 0.09, 0.26,
30600, 384.80, 381.65, 382.22,365.00,0.06, 0.11, 0.25,
30800, 377.07, 374.23, 372.71,357.70,0.06, 0.11, 0.25,
31000, 370.67, 368.12, 364.37,350.40,0.06, 0.09, 0.26,
31200, 365.47, 359.99, 357.42,343.10,0.04, 0.09, 0.25,
31400, 352.22, 350.30, 348.68,335.80,0.07, 0.11, 0.26,
31600, 346.60, 343.74, 342.01,328.50,0.07, 0.10, 0.25,
31800, 340.11, 334.68, 333.91,321.20,0.07, 0.11, 0.25,
32000, 331.25, 331.56, 326.72,313.90,0.06, 0.09, 0.25,
32200, 324.04, 321.35, 319.99,306.60,0.07, 0.10, 0.23,
32400, 314.97, 315.02, 309.93,299.30,0.07, 0.09, 0.25,
32600, 308.64, 306.22, 303.17,292.00,0.07, 0.09, 0.24,
32800, 299.92, 299.60, 296.10,284.70,0.08, 0.10, 0.24,
33000, 291.88, 288.64, 290.46,277.40,0.08, 0.11, 0.22,
33200, 284.27, 281.91, 280.68,270.10,0.08, 0.11, 0.23,
33400, 276.42, 272.58, 274.82,262.80,0.08, 0.12, 0.22,
33600, 268.12, 266.35, 265.18,255.50,0.09, 0.11, 0.23,
33800, 262.37, 257.89, 259.89,248.20,0.08, 0.12, 0.22,
34000, 252.96, 251.30, 251.00,240.90,0.10, 0.12, 0.23,
34200, 248.17, 243.59, 243.07,233.60,0.08, 0.12, 0.22,
34400, 240.08, 238.36, 236.14,226.30,0.08, 0.11, 0.22,
34600, 232.03, 230.23, 229.50,219.00,0.09, 0.11, 0.21,
34800, 222.82, 223.47, 221.45,211.70,0.10, 0.11, 0.21,
35000, 213.37, 215.94, 212.24,204.40,0.11, 0.11, 0.22,
35200, 205.43, 204.98, 205.20,197.10,0.12, 0.13, 0.22,
35400, 198.51, 198.22, 198.61,189.80,0.11, 0.13, 0.21,
35600, 191.33, 190.87, 189.42,182.50,0.12, 0.13, 0.22,
35800, 183.88, 183.65, 182.37,175.20,0.12, 0.12, 0.21,
36000, 177.72, 175.04, 173.75,167.90,0.11, 0.13, 0.22,
36200, 166.72, 169.96, 166.83,160.60,0.13, 0.12, 0.22,
36400, 159.66, 159.53, 159.91,153.30,0.13, 0.14, 0.21,
36600, 151.47, 151.56, 149.51,146.00,0.14, 0.14, 0.23,
36800, 145.28, 144.56, 143.47,138.70,0.13, 0.14, 0.22,
37000, 138.89, 137.80, 134.78,131.40,0.12, 0.13, 0.22,
37200, 133.17, 130.37, 127.47,124.10,0.12, 0.14, 0.22,
37400, 121.73, 125.73, 119.93,116.80,0.14, 0.12, 0.22,
37600, 116.01, 114.34, 112.85,109.50,0.13, 0.14, 0.21,
37800, 108.81, 107.64, 106.08,102.20,0.13, 0.14, 0.20,
38000, 99.50, 100.84, 97.72,94.90,0.14, 0.13, 0.21,
38200, 94.81, 94.15, 91.56,87.60,0.12, 0.13, 0.20,
38400, 83.59, 83.14, 81.45,80.30,0.14, 0.15, 0.21,
38600, 77.53, 77.28, 75.62,73.00,0.13, 0.13, 0.20,
38800, 69.75, 69.81, 65.46,65.70,0.14, 0.13, 0.22,
39000, 61.88, 62.39, 59.14,58.40,0.14, 0.14, 0.20,
39200, 52.47, 55.56, 50.40,51.10,0.15, 0.12, 0.21,
39400, 47.65, 48.15, 43.95,43.80,0.12, 0.13, 0.20,
39600, 39.41, 37.34, 35.59,36.50,0.13, 0.14, 0.20,
39800, 29.21, 30.73, 27.24,29.20,0.14, 0.13, 0.20,
40000, 22.59, 22.05, 20.04,21.90,0.14, 0.14, 0.20,
40200, 10.74, 13.95, 12.76,14.60,0.16, 0.14, 0.22,
40400, 2.91, 8.19, 0.00,7.30,0.16, 0.14, 0.18,
40600, 0.00, 0.00, 0.00,0.00,0.09, 0.05, 0.15,