0.00, 2.20, 0.00
0.00, 2.20, 0.00
0.00, 3.56, 1.88
0.00, 7.93, 2.83
0.00, 7.35, 7.13
0.00, 13.01, 5.98
0.00, 13.24, 12.86
0.00, 14.52, 15.15
0.00, 16.97, 17.94
0.00, 19.16, 19.80
0.00, 23.22, 24.55
0.00, 22.20, 23.76
0.00, 26.56, 27.96
0.00, 25.61, 31.20
0.00, 29.62, 32.07
0.00, 30.79, 35.62
0.00, 33.19, 38.37
0.00, 34.69, 38.22
0.00, 38.71, 41.77
0.00, 36.38, 41.50
0.00, 40.86, 46.05
0.00, 38.96, 46.50
0.00, 44.44, 48.39
0.00, 41.85, 50.86
0.00, 45.11, 53.01
0.00, 46.35, 52.30
0.00, 48.12, 54.14
0.00, 49.15, 57.51
0.00, 49.78, 55.23
0.00, 53.53, 59.71
0.00, 51.61, 60.49
0.00, 52.55, 61.13
0.00, 57.08, 63.12
0.00, 54.22, 63.51
0.00, 57.75, 64.12
0.00, 57.01, 65.83
0.00, 58.94, 65.32
0.00, 60.50, 67.57
0.00, 61.68, 66.59
0.00, 61.83, 71.52
0.00, 60.02, 69.39
0.00, 63.02, 71.47
0.00, 64.68, 70.96
0.00, 64.03, 72.92
0.00, 67.57, 72.25
0.00, 66.27, 74.18
0.00, 65.66, 74.93
0.00, 66.56, 73.92
0.00, 69.83, 76.26
0.00, 68.76, 77.11
0.00, 67.86, 77.24
0.00, 69.41, 75.25
0.00, 71.76, 78.94
0.00, 70.14, 78.22
0.00, 73.57, 79.55
0.00, 70.41, 79.30
0.00, 73.83, 80.30
0.00, 72.35, 80.62
0.00, 74.58, 80.76
0.00, 75.35, 81.55
0.00, 72.76, 81.11
0.00, 76.34, 84.42
0.00, 75.59, 81.99
0.00, 77.12, 83.07
0.00, 74.55, 83.40
0.00, 76.96, 82.57
0.00, 78.10, 86.16
0.00, 77.68, 84.08
0.00, 79.11, 83.47
0.00, 78.62, 84.31
0.00, 78.44, 86.45
0.00, 77.11, 85.23
0.00, 81.34, 86.85
0.00, 77.77, 85.44
0.00, 81.71, 84.47
0.00, 80.58, 88.47
0.00, 80.37, 85.94
0.00, 81.04, 87.81
0.00, 81.14, 86.33
0.00, 80.65, 88.03
0.00, 81.38, 86.76
0.00, 82.18, 89.24
0.00, 81.60, 86.26
0.00, 82.11, 89.66
0.00, 84.70, 86.67
0.00, 82.82, 89.91
0.00, 82.11, 86.94
0.00, 82.55, 89.41
0.00, 83.50, 88.09
0.00, 85.36, 89.94
0.00, 83.27, 87.38
0.00, 83.29, 90.72
0.00, 86.23, 89.63
0.00, 83.29, 88.18
0.00, 84.07, 90.01
0.00, 84.32, 91.48
0.00, 86.15, 87.79
0.00, 84.23, 90.81
0.00, 85.37, 88.53
0.00, 86.13, 90.02
0.00, 85.75, 91.01
0.00, 86.43, 87.95
0.00, 85.02, 91.24
0.00, 85.16, 88.58
0.00, 87.64, 90.37
0.00, 85.03, 91.94
0.00, 85.40, 87.71
0.00, 88.73, 91.65
0.00, 84.46, 90.20
0.00, 88.58, 89.68
0.00, 85.49, 90.58
0.00, 87.88, 90.92
0.00, 85.70, 88.44
0.00, 85.94, 91.11
0.00, 89.16, 88.87
0.00, 85.71, 91.45
0.00, 88.90, 90.38
0.00, 86.43, 89.39
0.00, 88.37, 89.87
0.00, 86.48, 91.90
0.00, 88.41, 87.92
0.00, 85.92, 91.47
0.00, 88.74, 91.40
0.00, 85.39, 91.30
0.00, 86.29, 89.50
0.00, 86.87, 91.33
0.00, 85.09, 91.74
0.00, 88.24, 89.24
0.00, 85.19, 91.34
0.00, 85.28, 91.17
0.00, 87.36, 89.62
0.00, 86.07, 91.14
0.00, 87.99, 92.13
0.00, 85.32, 89.13
0.00, 85.94, 92.16
0.00, 87.82, 91.34
0.00, 85.95, 89.88
0.00, 87.68, 90.95
0.00, 85.96, 92.30
0.00, 89.58, 92.01
0.00, 85.15, 89.22
0.00, 89.34, 93.20
0.00, 85.28, 91.42
0.00, 89.55, 92.12
0.00, 86.09, 90.42
0.00, 88.76, 92.18
0.00, 86.21, 92.32
0.00, 88.97, 91.37
0.00, 86.41, 90.42
0.00, 87.08, 92.32
0.00, 88.84, 92.24
0.00, 87.27, 90.46
0.00, 88.26, 91.60
0.00, 90.52, 92.56
0.00, 86.44, 92.47
0.00, 90.65, 90.74
0.00, 87.09, 92.07
0.00, 89.79, 92.21
0.00, 86.63, 90.02
0.00, 89.58, 92.11
0.00, 88.01, 93.25
0.00, 89.68, 92.88
0.00, 89.90, 91.59
0.00, 87.81, 90.82
0.00, 89.97, 92.10
0.00, 87.61, 92.46
0.00, 89.45, 91.46
0.00, 90.15, 89.40
0.00, 88.09, 93.68
0.00, 90.25, 91.34
0.00, 87.12, 92.55
0.00, 90.10, 89.33
0.00, 87.98, 93.76
0.00, 89.79, 92.18
0.00, 89.83, 91.86
0.00, 87.84, 90.18
0.00, 89.87, 92.04
0.00, 87.40, 92.94
0.00, 90.46, 90.80
0.00, 87.36, 91.52
0.00, 90.34, 93.13
0.00, 87.00, 91.83
0.00, 90.10, 90.76
0.00, 90.27, 92.55
0.00, 87.26, 92.65
0.00, 91.50, 92.64
0.00, 89.19, 92.04
0.00, 88.22, 90.85
0.00, 90.57, 93.06
0.00, 87.80, 92.97
0.00, 90.97, 93.06
0.00, 87.43, 92.07
0.00, 90.62, 91.14
0.00, 90.27, 92.32
0.00, 87.68, 92.91
0.00, 91.71, 93.30
0.00, 88.11, 89.83
0.00, 90.62, 93.91
0.00, 91.05, 92.70
0.00, 88.20, 93.68
0.00, 90.98, 92.15
0.00, 91.21, 91.27
0.00, 89.35, 93.09
0.00, 90.28, 92.59
0.00, 89.56, 93.15
0.00, 90.41, 92.76
0.00, 92.24, 90.73
0.00, 88.28, 93.54
0.00, 91.05, 92.94
0.00, 90.89, 93.47
0.00, 88.54, 92.44
0.00, 91.06, 91.56
0.00, 91.66, 92.69
0.00, 88.12, 92.64
0.00, 91.58, 93.56
0.00, 90.50, 93.47
0.00, 89.47, 90.72
0.00, 90.57, 93.36
0.00, 92.75, 93.17
0.00, 88.48, 94.07
0.00, 90.81, 93.25
0.00, 92.08, 90.48
0.00, 88.58, 94.08
0.00, 91.64, 92.48
0.00, 91.69, 93.95
0.00, 88.43, 93.31
0.00, 91.56, 93.82
0.00, 91.82, 90.62
0.00, 89.14, 94.05
0.00, 90.32, 93.01
0.00, 91.55, 93.59
0.00, 91.68, 93.25
0.00, 88.68, 93.83
0.00, 91.50, 93.44
0.00, 91.60, 90.71
0.00, 89.13, 94.26
0.00, 91.41, 93.85
0.00, 92.10, 93.28
0.00, 88.92, 93.85
0.00, 91.63, 93.40
0.00, 91.37, 91.36
0.00, 89.03, 94.12
0.00, 91.50, 93.30
0.00, 92.13, 93.92
0.00, 88.72, 92.79
0.00, 91.69, 91.97
0.00, 91.91, 93.15
0.00, 89.34, 93.11
0.00, 91.14, 94.08
0.00, 91.77, 93.94
0.00, 88.67, 93.53
0.00, 91.17, 90.67
0.00, 92.45, 94.14
0.00, 89.33, 93.65
0.00, 91.50, 93.21
0.00, 91.88, 93.80
0.00, 88.63, 93.41
0.00, 91.64, 91.30
0.00, 91.09, 93.65
0.00, 91.60, 93.05
0.00, 88.84, 93.88
0.00, 91.72, 93.63
0.00, 91.81, 93.79
0.00, 88.48, 93.36
0.00, 91.84, 91.71
0.00, 91.47, 93.68
0.00, 88.90, 93.57
0.00, 91.21, 93.75
0.00, 91.78, 93.68
0.00, 88.78, 93.76
0.00, 91.56, 91.39
0.00, 91.34, 93.85
0.00, 88.87, 93.74
0.00, 91.28, 93.20
0.00, 91.84, 93.82
0.00, 88.41, 93.69
0.00, 90.96, 93.05
0.00, 92.03, 92.05
0.00, 90.69, 93.25
0.00, 88.62, 93.77
0.00, 91.60, 93.34
0.00, 89.74, 93.82
0.00, 91.47, 91.05
0.00, 90.59, 93.01
0.00, 89.39, 94.29
0.00, 90.62, 92.81
0.00, 92.59, 94.08
0.00, 88.38, 93.71
0.00, 91.18, 93.33
0.00, 91.66, 91.21
0.00, 88.58, 93.31
0.00, 91.80, 93.74
0.00, 90.31, 92.59
0.00, 89.72, 93.79
0.00, 91.21, 91.67
0.00, 91.46, 92.86
0.00, 88.34, 93.45
0.00, 90.91, 93.07
0.00, 90.71, 93.62
0.00, 88.46, 91.54
0.00, 89.82, 92.21
0.00, 86.41, 93.80
0.00, 89.21, 92.34
0.00, 86.11, 93.74
0.00, 89.40, 90.32
0.00, 86.21, 93.94
0.00, 89.59, 93.36
0.00, 86.30, 92.82
0.00, 90.01, 93.54
0.00, 86.40, 93.34
0.00, 88.98, 90.45
0.00, 87.56, 93.94
0.00, 88.69, 93.59
0.00, 87.59, 93.33
0.00, 88.84, 92.86
0.00, 87.68, 91.21
0.00, 89.26, 93.17
0.00, 89.62, 93.06
0.00, 87.28, 93.97
0.00, 89.86, 92.44
0.00, 87.47, 90.89
0.00, 89.93, 93.31
0.00, 86.65, 93.33
0.00, 89.93, 93.34
0.00, 89.48, 92.84
0.00, 88.22, 93.59
0.00, 89.77, 93.41
0.00, 87.52, 91.24
0.00, 90.98, 93.62
0.00, 87.64, 93.27
0.00, 90.08, 93.42
0.00, 90.48, 92.95
0.00, 87.76, 91.18
0.00, 90.49, 93.50
0.00, 87.22, 92.42
0.00, 91.59, 93.80
0.00, 89.37, 92.19
0.00, 88.58, 91.26
0.00, 90.79, 92.24
0.00, 88.45, 93.44
0.00, 90.35, 93.22
0.00, 91.04, 90.39
0.00, 88.95, 93.16
0.00, 90.10, 93.42
0.00, 89.36, 93.09
0.00, 91.27, 90.24
0.00, 91.39, 93.65
0.00, 88.87, 93.15
0.00, 90.94, 93.01
0.00, 91.21, 93.21
0.00, 87.92, 92.76
0.00, 90.27, 92.69
0.00, 91.48, 91.65
0.00, 87.81, 92.38
0.00, 91.01, 94.03
0.00, 90.58, 92.56
0.00, 87.83, 94.00
0.00, 91.71, 91.00
0.00, 88.00, 93.53
0.00, 90.37, 93.50
0.00, 90.68, 92.99
0.00, 87.66, 93.68
0.00, 91.58, 91.99
0.00, 87.53, 92.97
0.00, 91.03, 93.71
0.00, 90.79, 93.41
0.00, 88.31, 93.62
0.00, 90.67, 93.18
0.00, 91.37, 92.98
0.00, 88.28, 91.94
0.00, 91.11, 92.72
0.00, 90.87, 94.29
0.00, 88.49, 92.89
0.00, 90.98, 94.20
0.00, 89.30, 90.79
0.00, 90.18, 94.28
0.00, 92.28, 92.56
0.00, 89.93, 93.63
0.00, 89.07, 94.00
0.00, 91.26, 94.12
0.00, 88.30, 93.02
0.00, 91.26, 92.14
0.00, 91.28, 93.25
0.00, 88.16, 93.83
0.00, 91.34, 93.43
0.00, 91.24, 94.06
0.00, 88.62, 91.30
0.00, 90.75, 94.08
0.00, 88.97, 93.79
0.00, 90.20, 93.21
0.00, 92.11, 94.43
0.00, 87.83, 94.23
0.00, 90.55, 93.76
0.00, 89.00, 91.77
0.00, 90.28, 93.96
0.00, 91.45, 93.40
0.00, 89.89, 93.78
0.00, 87.94, 94.29
0.00, 91.93, 93.24
0.00, 90.02, 93.71
0.00, 88.82, 94.22

