æ²brÊj

MotorSpeedMeasurement
1000,0,0,0
1011,19.44,20.52,18.80,0.03,0.03,0.03
1021,3.78,6.42,0.61,-1.24,-1.90,-0.39
1031,16.94,18.01,13.12,2.33,1.99,1.91
1041,25.68,27.67,23.73,1.31,1.47,1.65
1051,35.21,36.55,32.99,1.46,1.42,1.39
1061,43.91,45.02,41.14,1.33,1.29,1.25
1071,49.95,52.07,47.89,1.05,1.20,1.17
1081,56.76,58.23,53.90,1.06,0.94,0.92
1091,62.53,63.76,60.15,0.88,0.88,0.96
1101,67.03,69.49,65.28,0.70,0.89,0.80
1111,71.68,73.38,69.93,0.79,0.66,0.81
1121,75.94,77.64,73.04,0.66,0.67,0.48
1131,78.91,81.18,77.57,0.46,0.54,0.69
1141,82.47,84.65,80.17,0.55,0.55,0.41
1152,85.86,87.78,82.63,0.52,0.48,0.37
1161,87.74,90.27,85.79,0.33,0.43,0.55
1171,90.15,92.78,87.82,0.37,0.39,0.31
1181,93.05,94.73,90.47,0.45,0.30,0.42
1191,94.73,96.33,92.60,0.26,0.25,0.33
1201,95.55,98.17,93.57,0.14,0.32,0.16
1211,98.46,99.72,96.03,0.46,0.24,0.38
1221,99.92,101.33,96.78,0.23,0.25,0.12
1231,100.68,102.21,98.60,0.12,0.14,0.28
1241,102.64,103.96,99.34,0.33,0.30,0.13
1251,103.14,105.22,100.95,0.08,0.20,0.25
1261,104.73,105.75,101.42,0.24,0.08,0.07
1271,105.59,106.47,102.30,0.13,0.11,0.13
1282,105.99,107.02,103.42,0.07,0.09,0.19
1291,107.45,108.66,105.01,0.23,0.26,0.25
1301,107.51,109.22,104.48,0.01,0.09,-0.08
1311,108.14,109.29,105.43,0.10,0.01,0.15
1321,109.84,110.54,106.41,0.26,0.19,0.15
1332,109.22,110.34,107.31,-0.10,-0.03,0.15
1342,109.68,111.81,107.29,0.07,0.23,-0.00
1351,111.19,112.11,107.88,0.24,0.05,0.09
1361,110.33,112.15,107.68,-0.13,0.01,-0.03
1372,111.55,111.73,109.43,0.20,-0.07,0.29
1381,111.50,113.44,108.14,-0.01,0.27,-0.21
1391,112.07,113.43,109.51,0.09,0.00,0.22
1401,112.06,113.52,109.97,0.00,0.01,0.07
1412,112.81,113.73,109.22,0.13,0.04,-0.12
1421,111.85,114.46,110.88,-0.15,0.12,0.26
1431,112.76,113.98,110.12,0.14,-0.07,-0.12
1441,113.12,113.98,110.67,0.06,0.00,0.08
1452,113.81,115.41,109.98,0.11,0.22,-0.11
1462,113.03,114.60,111.36,-0.12,-0.13,0.22
1472,113.43,115.31,111.11,0.06,0.11,-0.04
1482,113.40,114.56,111.32,-0.00,-0.12,0.03
1492,113.58,112.19,111.37,0.03,-0.37,0.01
1503,113.68,105.44,110.39,0.02,-1.11,-0.16
1512,114.46,89.40,111.50,0.13,-2.63,0.18
1522,113.12,76.39,111.54,-0.21,-2.04,0.01
1532,109.02,75.32,110.94,-0.63,-0.16,-0.09
1542,100.97,78.98,110.64,-1.37,0.63,-0.05
1552,86.12,81.69,110.24,-2.35,0.43,-0.06
1562,79.94,86.12,109.65,-0.94,0.68,-0.09
1572,80.09,88.90,110.07,0.02,0.42,0.07
1582,84.21,92.27,110.78,0.71,0.58,0.12
1592,87.37,94.43,110.24,0.49,0.34,-0.08
1602,89.83,96.33,109.82,0.39,0.29,-0.07
1612,91.75,98.71,109.56,0.29,0.37,-0.04
1623,94.85,100.50,108.06,0.48,0.28,-0.23
1633,97.05,101.58,105.34,0.34,0.17,-0.42
1643,98.27,103.70,93.33,0.19,0.33,-1.86
1653,99.91,103.57,81.92,0.25,-0.02,-1.78
1664,102.50,105.72,80.25,0.40,0.33,-0.26
1673,102.29,106.17,80.94,-0.04,0.08,0.12
1683,104.24,107.37,85.29,0.30,0.19,0.67
1693,105.22,108.48,86.93,0.15,0.17,0.25
1703,104.48,108.44,90.54,-0.11,-0.01,0.56
1713,108.13,109.58,92.23,0.64,0.20,0.29
1723,107.46,109.58,93.30,-0.11,0.00,0.17
1733,107.76,110.80,96.49,0.05,0.19,0.49
1743,108.27,111.19,96.86,0.08,0.06,0.06
1753,109.94,108.88,99.16,0.29,-0.39,0.40
1763,109.86,106.60,100.58,-0.01,-0.36,0.22
1773,108.69,97.54,101.98,-0.18,-1.40,0.22
1783,106.16,86.39,103.62,-0.39,-1.74,0.25
1793,98.30,83.34,104.85,-1.35,-0.52,0.21
1803,88.97,84.34,105.05,-1.47,0.15,0.03
1813,84.41,88.58,105.95,-0.71,0.67,0.14
1823,85.92,90.54,106.22,0.23,0.30,0.04
1833,87.78,94.32,106.89,0.29,0.59,0.10
1843,91.12,96.02,107.30,0.57,0.28,0.07
1853,93.44,97.63,107.29,0.36,0.25,0.00
1863,95.48,99.60,107.71,0.32,0.30,0.07
1873,98.19,102.38,107.30,0.42,0.43,-0.06
1883,98.91,102.33,108.92,0.12,-0.01,0.28
1893,100.73,102.97,108.10,0.28,0.10,-0.13
1903,102.06,107.08,106.85,0.20,0.64,-0.19
1913,104.47,106.74,105.43,0.38,-0.05,-0.22
1924,104.37,106.84,101.56,-0.02,0.02,-0.64
1933,106.26,106.66,93.24,0.30,-0.03,-1.33
1943,106.91,111.45,85.99,0.10,0.75,-1.13
1953,107.67,109.25,84.57,0.12,-0.34,-0.22
1964,108.10,107.01,86.62,0.07,-0.34,0.32
1974,109.06,103.13,89.16,0.15,-0.60,0.40
1984,108.18,93.66,91.44,-0.14,-1.48,0.36
1994,105.87,85.79,94.22,-0.36,-1.22,0.43
2004,98.12,86.09,95.80,-1.21,0.05,0.24
2014,90.03,87.00,98.15,-1.39,0.16,0.41
2024,86.29,89.70,99.06,-0.57,0.42,0.14
2034,85.95,91.57,100.07,-0.05,0.29,0.16
2044,88.02,97.13,101.09,0.32,0.88,0.16
2054,91.09,97.21,100.97,0.53,0.01,-0.02
2064,93.10,98.18,103.45,0.31,0.15,0.38
2074,95.18,101.74,102.57,0.32,0.55,-0.14
2084,96.90,102.33,105.01,0.27,0.09,0.38
2094,98.81,103.60,104.81,0.33,0.21,-0.03
2104,100.58,104.31,105.30,0.27,0.11,0.08
2114,101.74,106.34,105.39,0.18,0.32,0.01
2124,103.98,106.60,106.52,0.35,0.04,0.17
2135,103.84,106.93,107.55,-0.02,0.05,0.16
2145,105.84,110.43,107.42,0.31,0.55,-0.02
2155,106.62,107.97,106.62,0.12,-0.38,-0.12
2165,108.18,107.16,106.00,0.24,-0.13,-0.10
2176,108.92,104.10,103.39,0.12,-0.48,-0.41
2185,107.49,95.11,102.72,-0.24,-1.54,-0.11
2195,110.56,88.40,95.38,0.49,-1.03,-1.16
2205,105.95,87.49,85.45,-0.71,-0.14,-1.53
2215,97.16,88.47,83.64,-1.36,0.15,-0.28
2225,90.03,91.04,84.65,-1.22,0.44,0.17
2235,87.26,93.27,86.73,-0.43,0.35,0.33
2245,86.32,96.41,89.08,-0.15,0.48,0.36
2255,88.57,97.66,92.85,0.35,0.19,0.58
2265,91.16,99.04,94.08,0.44,0.24,0.21
2275,93.55,102.06,95.73,0.37,0.47,0.25
2285,95.52,102.50,96.86,0.31,0.07,0.18
2295,96.90,103.04,97.81,0.21,0.08,0.15
2305,99.90,105.67,99.85,0.51,0.45,0.34
2315,100.65,105.30,100.87,0.12,-0.06,0.16
2325,101.85,107.12,101.30,0.19,0.28,0.07
2335,102.81,108.18,102.21,0.15,0.16,0.14
2345,105.01,107.80,104.35,0.34,-0.06,0.33
2355,105.63,105.93,104.19,0.11,-0.31,-0.03
2365,106.64,105.22,104.97,0.15,-0.11,0.12
2375,107.67,97.39,106.04,0.16,-1.21,0.16
2385,109.19,90.26,106.76,0.24,-1.12,0.11
2395,108.51,87.86,108.08,-0.12,-0.41,0.23
2405,109.28,86.79,107.64,0.12,-0.17,-0.07
2415,105.01,90.86,108.14,-0.67,0.64,0.08
2425,97.42,92.00,108.86,-1.16,0.17,0.11
2435,88.25,96.23,107.66,-1.60,0.74,-0.21
2445,86.29,97.43,106.66,-0.30,0.19,-0.15
2455,85.99,99.64,103.59,-0.05,0.34,-0.48
2465,89.52,101.37,99.26,0.54,0.27,-0.66
2476,92.35,103.17,88.67,0.44,0.28,-1.64
2486,94.37,103.41,81.01,0.31,0.04,-1.20
2496,96.52,105.55,80.78,0.33,0.33,-0.03
2506,98.67,106.24,84.79,0.33,0.11,0.61
2516,99.80,106.83,86.91,0.17,0.09,0.33
2526,100.97,108.04,89.49,0.20,0.21,0.44
2536,103.43,106.30,92.79,0.39,-0.27,0.52
2546,103.37,107.43,94.04,-0.01,0.17,0.19
2556,105.51,102.82,95.88,0.33,-0.72,0.28
2566,105.99,96.50,97.63,0.08,-1.08,0.30
2576,107.12,90.22,98.81,0.18,-0.97,0.19
2586,108.69,89.62,100.38,0.24,-0.09,0.24
2596,108.39,89.56,102.29,-0.05,-0.01,0.30
2606,107.80,91.59,101.84,-0.10,0.35,-0.08
2616,106.49,94.58,104.14,-0.20,0.47,0.36
2626,100.11,96.40,103.45,-0.98,0.28,-0.11
2636,92.83,99.02,105.43,-1.14,0.41,0.31
2647,87.04,100.33,105.71,-0.88,0.20,0.04
2657,86.32,102.21,106.28,-0.11,0.29,0.09
2667,88.95,104.35,106.87,0.41,0.33,0.09
2677,91.85,105.30,107.04,0.45,0.15,0.03
2688,93.96,106.08,107.30,0.33,0.12,0.04
2697,95.15,106.49,108.55,0.20,0.07,0.22
2707,98.58,106.87,107.93,0.54,0.06,-0.10
2717,99.06,106.45,107.26,0.07,-0.06,-0.10
2727,102.29,105.34,106.74,0.50,-0.17,-0.08
2737,102.55,100.62,105.35,0.04,-0.80,-0.24
2747,105.05,95.74,102.29,0.39,-0.76,-0.48
2757,106.37,92.61,97.77,0.20,-0.49,-0.70
2767,107.38,91.20,87.20,0.16,-0.22,-1.64
2777,109.03,91.63,83.56,0.28,0.07,-0.62
2787,108.31,93.44,85.00,-0.11,0.28,0.23
2797,108.01,95.62,87.47,-0.05,0.34,0.38
2807,106.33,98.19,90.26,-0.26,0.40,0.43
2817,101.84,99.51,92.86,-0.77,0.22,0.44
2827,91.67,100.97,93.40,-1.58,0.23,0.08
2837,87.57,102.58,96.52,-0.64,0.25,0.48
2847,87.50,104.32,96.79,-0.01,0.27,0.04
2857,88.33,105.47,99.60,0.13,0.18,0.44
2867,91.31,105.67,99.72,0.51,0.03,0.02
2877,92.90,106.01,101.17,0.25,0.05,0.23
2887,96.34,105.50,101.75,0.53,-0.08,0.09
2897,97.51,103.59,103.66,0.18,-0.30,0.30
2907,99.17,102.60,103.96,0.28,-0.17,0.05
2917,101.73,97.94,104.34,0.40,-0.74,0.06
2927,103.41,94.26,105.63,0.26,-0.57,0.20
2937,103.48,92.71,106.45,0.01,-0.24,0.13
2947,105.64,92.15,107.53,0.38,-0.09,0.18
2957,106.31,93.25,107.58,0.10,0.17,0.01
2967,108.10,94.88,107.64,0.28,0.25,0.01
2977,107.63,97.01,107.97,-0.07,0.33,0.05
2988,107.47,99.56,106.85,-0.02,0.40,-0.17
2998,107.20,100.95,106.58,-0.04,0.21,-0.04
3008,105.47,102.86,105.84,-0.27,0.30,-0.11
3018,97.91,104.81,96.21,-1.16,0.30,-1.49
3028,91.11,106.01,84.60,-1.06,0.19,-1.80
3038,87.40,105.99,82.06,-0.64,0.00,-0.44
3048,87.82,104.89,84.41,0.06,-0.17,0.36
3058,89.69,107.37,86.12,0.29,0.39,0.27
3068,92.71,102.50,87.95,0.47,-0.76,0.28
3078,94.00,95.14,93.27,0.22,-1.24,0.91
3088,96.18,93.91,93.90,0.34,-0.19,0.10
3098,98.60,92.57,94.92,0.37,-0.21,0.16
3108,100.46,92.94,97.96,0.29,0.06,0.47
3118,101.48,92.86,98.24,0.18,-0.01,0.05
3128,103.33,95.41,99.96,0.29,0.40,0.27
3138,103.41,96.86,100.73,0.01,0.22,0.12
3148,105.34,99.68,101.58,0.30,0.44,0.13
3159,106.04,101.33,102.21,0.11,0.26,0.10
3169,106.83,103.09,104.39,0.12,0.27,0.34
3179,107.67,103.70,103.74,0.13,0.09,-0.10
3189,107.07,105.50,105.22,-0.09,0.28,0.23
3200,107.19,106.60,106.51,0.02,0.17,0.20
3209,104.73,106.45,106.95,-0.42,-0.02,0.07
3219,100.07,104.84,107.71,-0.73,-0.25,0.12
3229,93.07,104.14,108.48,-1.08,-0.11,0.12
3239,89.25,98.63,109.45,-0.59,-0.85,0.15
3249,89.83,94.70,109.58,0.10,-0.67,0.02
3259,90.15,92.13,110.01,0.05,-0.41,0.07
3269,93.62,92.61,107.66,0.54,0.07,-0.37
3279,95.11,91.45,98.95,0.23,-0.18,-1.33
3289,95.88,93.81,80.73,0.13,0.40,-3.14
3299,98.46,95.67,72.64,0.40,0.29,-1.26
3309,99.95,96.90,75.08,0.23,0.19,0.38
3319,100.93,99.52,78.27,0.15,0.41,0.49
3329,101.98,100.33,82.96,0.18,0.14,0.81
3339,103.70,102.53,84.84,0.27,0.34,0.29
3349,104.81,103.06,87.72,0.17,0.08,0.44
3359,104.56,104.69,89.94,-0.04,0.25,0.34
3369,104.81,104.85,93.07,0.04,0.03,0.48
3379,109.03,107.24,94.04,0.73,0.41,0.17
3389,106.83,106.53,96.40,-0.34,-0.11,0.37
3399,106.24,105.87,98.39,-0.09,-0.10,0.31
3409,103.62,103.70,99.72,-0.41,-0.34,0.20
3419,99.77,101.53,101.72,-0.66,-0.37,0.34
3429,94.26,95.74,103.14,-0.85,-0.91,0.22
3439,92.61,91.36,104.31,-0.26,-0.69,0.18
3449,91.36,90.50,105.55,-0.19,-0.13,0.19
3459,91.80,92.39,106.88,0.07,0.32,0.23
3469,93.55,92.28,106.66,0.27,-0.02,-0.03
3479,95.44,95.59,106.60,0.30,0.52,-0.01
3489,98.00,97.89,107.89,0.40,0.36,0.20
3500,99.30,99.49,107.68,0.20,0.25,-0.03
3510,100.19,101.09,107.55,0.14,0.25,-0.02
3520,102.82,102.42,109.37,0.41,0.21,0.28
3530,103.29,104.44,108.65,0.07,0.31,-0.11
3540,103.16,104.48,109.52,-0.02,0.01,0.13
3551,108.36,107.25,109.47,0.88,0.47,-0.01
3560,103.31,107.28,109.62,-0.79,0.00,0.02
3570,108.96,106.95,108.74,0.90,-0.05,-0.14
3580,105.79,105.02,107.05,-0.49,-0.30,-0.26
3590,103.96,100.07,106.40,-0.31,-0.85,-0.11
3600,99.41,94.92,93.73,-0.71,-0.81,-1.97
3610,91.91,90.79,80.59,-1.18,-0.64,-2.05
3620,88.84,90.19,78.07,-0.47,-0.09,-0.40
3630,89.87,91.16,79.52,0.18,0.17,0.25
3640,89.91,93.51,82.96,0.01,0.37,0.53
3650,93.07,95.33,85.35,0.49,0.28,0.37
3660,94.62,97.50,88.43,0.24,0.33,0.48
3671,96.33,98.43,91.26,0.26,0.14,0.44
3681,98.60,100.85,91.88,0.35,0.38,0.10
3691,100.03,102.61,95.27,0.22,0.27,0.51
3701,101.37,103.26,96.09,0.21,0.10,0.13
3712,102.46,105.22,97.20,0.17,0.30,0.17
3721,104.30,105.44,99.13,0.32,0.04,0.33
3731,105.06,106.66,100.11,0.12,0.19,0.15
3741,105.26,106.87,101.54,0.03,0.03,0.22
3751,107.64,106.20,100.64,0.37,-0.10,-0.14
3762,106.84,104.64,106.13,-0.14,-0.26,0.94
3771,107.75,101.47,104.58,0.14,-0.50,-0.25
3781,105.83,94.88,105.83,-0.30,-1.02,0.19
3791,103.13,90.01,106.91,-0.42,-0.75,0.17
3801,98.32,90.11,107.34,-0.84,0.02,0.07
3811,92.89,90.61,108.86,-0.84,0.08,0.24
3821,89.63,93.22,108.52,-0.50,0.40,-0.05
3831,89.80,95.47,109.18,0.03,0.35,0.10
3841,91.25,98.11,108.65,0.25,0.46,-0.09
3851,93.73,99.64,110.14,0.39,0.24,0.23
3861,95.59,101.37,109.21,0.29,0.27,-0.15
3871,98.10,102.34,108.89,0.38,0.15,-0.05
3881,98.79,104.84,107.33,0.11,0.39,-0.24
3891,101.75,105.44,104.99,0.51,0.10,-0.40
3901,102.17,106.81,93.95,0.07,0.21,-1.72
3911,104.43,107.18,82.38,0.35,0.06,-1.78
3921,104.94,106.74,80.15,0.08,-0.07,-0.35
3931,106.19,105.31,82.91,0.22,-0.25,0.47
3941,106.53,101.15,85.04,0.05,-0.64,0.33
3951,106.49,95.30,88.67,-0.01,-0.93,0.56
3961,106.04,91.20,91.77,-0.07,-0.63,0.48
3971,103.71,90.30,93.35,-0.40,-0.15,0.27
3981,101.49,90.73,95.26,-0.35,0.07,0.30
3991,97.39,91.77,96.59,-0.64,0.16,0.21
4001,93.10,94.70,98.94,-0.65,0.45,0.36
4012,91.38,98.04,99.91,-0.26,0.52,0.15
4022,92.72,99.64,100.89,0.21,0.25,0.15
4032,93.38,100.91,101.62,0.10,0.19,0.11
4042,95.44,102.34,103.45,0.32,0.22,0.28
4052,97.13,104.39,103.51,0.26,0.32,0.01
4062,98.91,105.08,104.31,0.30,0.12,0.14
4072,100.58,106.24,105.26,0.26,0.18,0.15
4082,103.05,106.47,105.63,0.38,0.04,0.06
4092,103.22,106.98,105.80,0.03,0.08,0.03
4102,104.90,105.76,107.43,0.29,-0.21,0.28
4112,105.42,103.45,107.50,0.08,-0.36,0.01
4122,106.30,99.64,107.85,0.14,-0.59,0.05
4132,104.85,93.69,109.84,-0.22,-0.93,0.31
4142,104.81,90.92,108.69,-0.01,-0.47,-0.20
4152,103.41,90.33,109.47,-0.22,-0.09,0.12
4162,99.29,92.31,109.07,-0.64,0.31,-0.06
4172,92.97,94.51,91.92,-0.99,0.34,-2.66
4183,91.77,96.29,86.84,-0.19,0.28,-0.80
4193,90.58,99.17,83.46,-0.19,0.45,-0.52
4203,92.60,100.62,83.91,0.31,0.22,0.07
4213,94.29,101.78,86.02,0.26,0.18,0.32
4224,95.91,102.90,89.16,0.25,0.18,0.49
4233,96.41,104.58,91.51,0.09,0.29,0.40
4243,101.25,105.55,93.14,0.75,0.15,0.25
4253,101.33,105.95,95.43,0.01,0.06,0.35
4263,101.98,106.05,97.39,0.10,0.01,0.31
4273,104.30,105.22,98.39,0.40,-0.14,0.17
4283,105.10,103.09,99.17,0.12,-0.33,0.12
4293,106.12,100.77,101.58,0.16,-0.36,0.37
4303,106.09,97.50,102.14,-0.00,-0.51,0.09
4313,106.88,93.81,103.75,0.13,-0.63,0.28
4323,106.55,93.88,103.62,-0.05,0.01,-0.02
4333,102.65,93.80,105.84,-0.60,-0.01,0.35
4343,97.77,94.00,106.12,-0.76,0.03,0.04
4353,90.74,95.11,106.36,-1.22,0.19,0.04
4363,90.58,98.35,107.25,-0.03,0.51,0.14
4373,89.56,99.99,108.56,-0.16,0.25,0.20
4383,91.11,101.45,108.35,0.24,0.23,-0.03
4393,94.06,102.78,108.01,0.46,0.21,-0.05
4403,96.25,104.09,108.18,0.37,0.22,0.03
4413,97.16,105.63,107.08,0.14,0.24,-0.17
4423,100.19,104.65,106.20,0.47,-0.15,-0.14
4433,101.30,105.51,100.31,0.17,0.13,-0.92
4443,103.35,104.58,87.45,0.35,-0.16,-2.18
4453,105.14,102.38,78.51,0.28,-0.34,-1.41
4463,106.04,98.79,80.04,0.14,-0.55,0.23
4473,106.95,94.47,83.18,0.14,-0.68,0.49
4483,106.96,92.35,86.24,0.00,-0.37,0.53
4493,107.12,92.24,88.95,0.03,-0.02,0.42
4503,106.53,91.77,91.17,-0.09,-0.07,0.34
4513,103.96,94.07,93.44,-0.39,0.35,0.35
4524,96.05,96.20,95.51,-1.24,0.33,0.32
4534,88.90,98.41,97.13,-1.09,0.34,0.25
4544,88.06,100.03,98.31,-0.13,0.25,0.18
4554,88.74,101.62,99.60,0.11,0.25,0.20
4564,90.54,103.53,100.95,0.27,0.30,0.21
4574,93.49,103.48,102.15,0.52,-0.01,0.21
4584,95.58,105.59,102.10,0.32,0.33,-0.01
4594,98.00,106.12,104.27,0.38,0.08,0.34
4604,99.88,106.30,103.74,0.29,0.03,-0.08
4614,100.45,105.26,105.84,0.10,-0.18,0.35
4624,101.70,104.64,105.14,0.19,-0.10,-0.11
4634,105.39,101.45,106.53,0.58,-0.50,0.22
4644,105.34,95.84,107.51,-0.01,-0.87,0.15
4654,106.47,92.07,108.37,0.20,-0.64,0.15
4664,107.05,91.29,108.23,0.09,-0.12,-0.02
4674,108.14,92.83,108.56,0.17,0.24,0.05
4684,108.48,93.56,109.66,0.05,0.11,0.17
4695,106.41,96.06,108.73,-0.32,0.39,-0.14
4705,101.46,98.71,108.91,-0.76,0.41,0.03
4715,94.51,100.81,107.18,-1.07,0.33,-0.27
4725,89.51,102.25,96.59,-0.78,0.22,-1.65
4736,89.20,104.64,87.71,-0.05,0.37,-1.38
4745,90.82,105.04,77.40,0.28,0.07,-1.78
4755,92.85,106.17,78.30,0.31,0.18,0.14
4765,94.73,105.75,81.96,0.29,-0.07,0.56
4775,96.74,104.68,85.02,0.31,-0.17,0.49
4785,98.77,104.45,88.09,0.35,-0.04,0.52
4795,100.46,101.07,90.22,0.26,-0.52,0.33
4805,101.93,97.20,92.13,0.23,-0.61,0.30
4815,103.88,91.67,94.73,0.30,-0.86,0.40
4825,104.45,91.08,96.29,0.10,-0.10,0.27
4835,105.26,92.46,98.46,0.13,0.22,0.34
4845,106.49,92.64,98.54,0.19,0.03,0.01
4855,107.60,96.41,100.49,0.17,0.58,0.30
4865,106.79,97.71,101.84,-0.14,0.22,0.23
4875,104.44,99.40,101.94,-0.36,0.27,0.01
4885,103.09,102.02,104.35,-0.21,0.40,0.38
4895,98.75,103.02,103.45,-0.67,0.16,-0.14
4905,91.85,104.77,105.92,-1.07,0.27,0.39
4915,91.07,106.05,105.49,-0.14,0.22,-0.07
4925,89.84,106.49,106.81,-0.19,0.07,0.21
4935,92.28,106.66,106.93,0.37,0.03,0.02
4945,93.55,104.16,107.89,0.20,-0.38,0.15
4955,96.58,105.72,108.46,0.52,0.27,0.10
4965,98.87,99.01,108.10,0.35,-1.05,-0.06
4975,100.46,92.13,109.79,0.25,-1.07,0.26
4985,101.82,87.95,108.77,0.21,-0.64,-0.16
4995,103.85,87.78,109.96,0.35,-0.03,0.20
5005,104.35,89.62,108.35,0.08,0.29,-0.25
5015,106.01,93.00,108.01,0.26,0.52,-0.05
5025,106.11,95.11,96.59,0.02,0.33,-1.78
5036,106.17,96.67,86.12,0.01,0.24,-1.66
5046,105.71,98.99,75.96,-0.07,0.35,-1.55
5056,105.18,101.13,77.18,-0.08,0.33,0.19
5066,101.45,102.21,81.25,-0.58,0.17,0.63
5076,95.43,103.76,84.24,-0.93,0.24,0.46
5086,92.43,105.40,86.83,-0.52,0.29,0.44
5096,92.31,106.12,89.94,-0.02,0.11,0.48
5106,91.49,106.64,92.50,-0.13,0.08,0.40
5116,93.55,107.58,94.37,0.32,0.15,0.29
5126,95.02,107.24,96.12,0.25,-0.06,0.30
5136,97.85,106.45,97.39,0.44,-0.12,0.20
5146,99.56,104.60,98.92,0.27,-0.28,0.23
5156,100.80,98.44,100.46,0.19,-0.95,0.24
5166,102.06,90.54,100.99,0.22,-1.36,0.09
5176,104.23,88.97,103.45,0.34,-0.25,0.38
5186,105.59,88.40,103.31,0.21,-0.09,-0.02
5196,105.79,90.99,104.73,0.03,0.40,0.22
5207,105.75,93.35,105.14,-0.01,0.36,0.06
5217,104.85,95.86,105.10,-0.14,0.39,-0.01
5227,105.09,97.73,106.78,0.04,0.29,0.26
5237,103.20,100.15,107.64,-0.29,0.37,0.13
5248,96.03,101.89,107.64,-1.11,0.27,0.00
5257,96.15,103.60,107.94,0.02,0.29,0.05
5267,94.00,105.01,109.41,-0.33,0.22,0.23
5277,93.75,106.55,108.95,-0.04,0.24,-0.07
5287,93.85,107.05,109.81,0.02,0.08,0.13
5297,94.57,107.07,108.74,0.12,0.00,-0.18
5307,97.39,108.61,109.62,0.44,0.24,0.14
5317,99.64,104.93,106.62,0.35,-0.58,-0.47
5327,101.21,102.61,105.14,0.24,-0.36,-0.23
5337,102.15,95.62,93.35,0.16,-1.23,-2.02
5347,104.04,91.57,78.10,0.29,-0.62,-2.40
5357,105.05,90.33,76.76,0.16,-0.20,-0.21
5367,104.27,90.33,79.07,-0.12,0.00,0.36
5377,104.54,92.15,83.16,0.05,0.31,0.70
5387,105.05,94.77,85.45,0.08,0.41,0.35
5397,102.18,97.35,88.71,-0.44,0.40,0.50
5407,100.77,98.58,91.42,-0.22,0.19,0.42
5417,98.43,100.73,93.47,-0.37,0.33,0.32
5427,94.74,102.51,94.53,-0.63,0.30,0.18
5437,94.66,103.59,97.01,-0.01,0.17,0.39
5447,94.26,104.94,98.33,-0.06,0.20,0.20
5457,94.81,106.41,100.47,0.09,0.23,0.34
5467,96.37,107.39,101.37,0.27,0.17,0.15
5477,97.20,106.05,102.05,0.13,-0.21,0.11
5487,99.84,106.41,102.49,0.41,0.06,0.07
5497,101.15,104.51,104.84,0.20,-0.30,0.37
5507,103.08,99.17,104.73,0.33,-0.91,-0.02
5517,101.90,93.57,106.13,-0.18,-0.89,0.22
5527,106.47,89.70,106.05,0.72,-0.60,-0.01
5537,104.89,89.52,107.89,-0.24,-0.03,0.28
5548,103.57,91.74,107.72,-0.20,0.34,-0.03
5558,104.14,93.36,107.76,0.09,0.25,0.01
5568,101.63,97.01,109.58,-0.38,0.56,0.28
5578,99.76,99.10,108.48,-0.29,0.32,-0.17
5588,96.40,100.69,110.31,-0.52,0.25,0.29
5598,96.27,101.89,109.16,-0.02,0.21,-0.20
5608,94.52,104.35,109.49,-0.27,0.38,0.05
5618,95.00,104.56,109.60,0.08,0.03,0.02
5628,95.07,106.45,99.80,0.01,0.29,-1.51
5638,95.14,107.75,89.20,0.01,0.23,-1.83
5648,98.27,106.74,77.39,0.49,-0.16,-1.84
5658,100.03,105.67,77.96,0.28,-0.17,0.09
5668,100.91,102.98,82.67,0.13,-0.42,0.74
5678,102.86,97.50,84.53,0.33,-0.93,0.31
5688,103.35,91.36,88.68,0.08,-0.96,0.65
5698,104.69,89.76,90.15,0.21,-0.25,0.23
5708,104.14,90.22,93.58,-0.08,0.07,0.53
5719,104.36,91.44,94.92,0.03,0.19,0.21
5729,103.96,93.94,96.41,-0.06,0.38,0.23
5739,102.74,96.89,98.54,-0.19,0.47,0.33
5749,100.50,98.76,99.84,-0.35,0.28,0.20
5760,96.90,100.85,100.93,-0.55,0.32,0.17
5769,95.79,102.51,102.42,-0.19,0.28,0.25
5779,95.34,103.72,102.86,-0.07,0.19,0.07
5789,94.23,105.30,104.40,-0.17,0.25,0.24
5799,95.03,106.41,104.27,0.13,0.17,-0.02
5809,95.65,106.47,106.56,0.11,0.01,0.39
5819,98.19,107.15,105.51,0.40,0.11,-0.17
5829,100.23,106.16,107.18,0.32,-0.15,0.26
5839,101.03,104.60,108.23,0.12,-0.24,0.16
5849,103.44,99.51,107.16,0.41,-0.87,-0.18
5859,101.70,94.13,109.00,-0.27,-0.86,0.29
5869,106.51,90.19,109.92,0.76,-0.61,0.14
5879,104.53,89.40,108.85,-0.30,-0.12,-0.16
5889,103.50,91.74,109.31,-0.18,0.41,0.08
5899,103.94,94.36,107.46,0.07,0.41,-0.29
5909,101.50,96.29,105.91,-0.38,0.30,-0.24
5919,100.15,99.11,99.60,-0.21,0.43,-0.98
5929,95.90,100.93,80.43,-0.65,0.28,-2.99
5939,95.65,103.13,71.31,-0.04,0.38,-1.58
5949,94.44,103.92,72.56,-0.19,0.13,0.19
5959,93.51,105.34,76.80,-0.14,0.22,0.64
5969,94.77,105.83,81.57,0.20,0.08,0.74
5979,96.32,106.33,84.58,0.27,0.09,0.52
