
MotorSpeedMeasurement
1000,0,0,0
1011,5.82,5.31,3.97,0.03,0.03,0.03
1021,0.07,0.07,0.04,-0.01,-0.01,-0.01
1031,15.27,16.10,14.12,2.70,2.70,2.31
1041,24.00,25.29,23.32,1.29,1.43,1.40
1051,34.31,35.20,31.84,1.61,1.52,1.29
1061,42.15,44.08,40.87,1.19,1.37,1.38
1071,50.01,50.13,47.91,1.33,1.06,1.22
1081,55.75,57.39,54.64,0.91,1.12,1.04
1091,62.31,63.40,59.71,1.00,0.93,0.77
1101,65.67,64.76,65.28,0.52,0.21,0.87
1111,66.85,68.93,67.99,0.20,0.72,0.46
1121,65.93,65.10,68.13,-0.15,-0.61,0.02
1131,58.14,53.76,61.31,-1.19,-1.73,-1.07
1141,45.29,41.46,47.78,-2.03,-1.98,-2.12
1152,34.92,30.19,38.20,-1.65,-1.70,-1.47
1161,30.93,29.02,27.63,-0.68,-0.21,-1.80
1171,30.11,28.70,24.86,-0.12,-0.05,-0.45
1181,32.76,31.28,25.34,0.41,0.40,0.08
1191,36.02,37.39,29.07,0.51,0.96,0.57
1201,41.30,45.70,36.38,0.91,1.42,1.21
1211,48.58,52.51,43.50,1.12,1.04,1.12
1221,56.07,58.41,51.41,1.16,0.93,1.22
1231,60.06,60.13,57.99,0.61,0.26,1.00
1241,61.67,61.51,62.32,0.27,0.24,0.76
1251,62.55,59.53,63.11,0.14,-0.31,0.12
1261,58.77,54.58,61.00,-0.58,-0.77,-0.32
1271,50.68,48.27,58.07,-1.23,-1.00,-0.46
1281,43.31,42.22,54.40,-1.29,-1.07,-0.63
1291,37.43,40.00,42.63,-0.92,-0.34,-1.88
1301,35.75,39.17,32.15,-0.26,-0.13,-1.68
1311,36.14,38.93,28.78,0.06,-0.04,-0.51
1321,38.46,41.16,29.01,0.36,0.34,0.04
1331,40.87,44.18,31.66,0.41,0.52,0.46
1341,46.43,47.52,36.96,0.87,0.52,0.82
1351,52.09,51.33,46.07,0.88,0.59,1.42
1361,55.31,54.01,53.41,0.50,0.41,1.11
1371,58.08,55.97,58.60,0.47,0.34,0.88
1381,58.96,57.93,60.17,0.14,0.31,0.25
1391,59.00,57.98,59.85,0.01,0.01,-0.05
1401,56.17,57.21,59.46,-0.43,-0.12,-0.06
1411,52.98,53.76,57.89,-0.55,-0.59,-0.27
1421,47.44,49.68,54.64,-0.86,-0.66,-0.50
1431,44.01,45.71,46.84,-0.55,-0.61,-1.23
1441,41.58,42.59,35.99,-0.38,-0.48,-1.64
1452,41.05,41.75,31.84,-0.08,-0.13,-0.66
1462,41.28,41.90,31.65,0.04,0.02,-0.03
1472,42.23,42.45,33.98,0.14,0.08,0.36
1482,45.36,45.08,37.36,0.48,0.41,0.51
1492,47.78,46.78,45.57,0.38,0.26,1.26
1502,49.88,48.81,52.95,0.37,0.35,1.28
1512,53.25,52.55,58.62,0.52,0.59,0.89
1522,56.40,54.15,58.96,0.49,0.25,0.05
1532,56.25,56.69,59.42,-0.02,0.40,0.07
1542,57.19,55.63,58.85,0.16,-0.18,-0.10
1552,55.83,56.56,57.51,-0.21,0.14,-0.21
1562,55.57,54.75,53.51,-0.04,-0.28,-0.60
1572,51.19,50.16,47.65,-0.67,-0.69,-0.91
1582,48.26,52.92,40.40,-0.51,0.49,-1.28
1592,43.76,47.27,38.61,-0.69,-0.87,-0.28
1602,42.54,44.13,37.34,-0.19,-0.50,-0.20
1612,42.10,42.79,37.63,-0.07,-0.21,0.04
1623,43.25,43.52,39.50,0.18,0.11,0.30
1633,43.37,43.11,42.01,0.02,-0.06,0.38
1643,45.80,43.84,48.06,0.38,0.11,0.92
1653,47.71,46.62,54.85,0.29,0.44,1.05
1664,51.35,49.61,56.74,0.56,0.46,0.29
1673,53.09,50.88,58.28,0.30,0.22,0.26
1683,54.24,54.51,58.76,0.18,0.56,0.08
1693,55.18,55.03,57.62,0.15,0.08,-0.18
1703,56.25,55.40,55.18,0.17,0.06,-0.38
1713,54.80,56.04,51.98,-0.25,0.11,-0.54
1723,54.18,54.49,47.91,-0.10,-0.24,-0.64
1733,52.86,53.04,44.87,-0.21,-0.22,-0.46
1743,49.42,51.01,42.58,-0.52,-0.31,-0.35
1753,47.80,47.86,41.41,-0.28,-0.54,-0.20
1763,44.49,46.56,41.87,-0.51,-0.21,0.07
1773,44.93,44.49,42.45,0.07,-0.32,0.09
1783,43.37,44.99,43.87,-0.24,0.08,0.23
1793,44.45,45.11,45.04,0.19,0.02,0.20
1803,44.49,44.25,47.27,0.01,-0.13,0.35
1813,46.69,46.38,49.62,0.35,0.33,0.37
1823,49.27,47.72,52.19,0.39,0.21,0.39
1833,50.51,49.25,54.13,0.20,0.23,0.31
1843,52.19,51.82,54.92,0.28,0.45,0.13
1853,53.69,53.27,56.15,0.23,0.22,0.20
1863,54.35,53.80,54.81,0.10,0.08,-0.20
1873,54.90,55.55,55.22,0.08,0.27,0.06
1883,53.99,53.93,55.14,-0.16,-0.28,-0.01
1893,53.39,53.48,53.16,-0.09,-0.07,-0.31
1903,52.43,52.75,50.47,-0.15,-0.11,-0.42
1913,50.29,51.59,49.74,-0.33,-0.18,-0.11
1923,49.82,48.93,47.21,-0.08,-0.47,-0.43
1933,47.83,47.76,46.45,-0.31,-0.18,-0.12
1943,47.02,46.64,44.74,-0.13,-0.17,-0.27
1953,46.35,46.69,45.46,-0.10,0.01,0.11
1964,45.17,45.62,44.49,-0.19,-0.16,-0.15
1974,46.18,45.13,45.18,0.16,-0.08,0.11
1984,46.26,46.36,45.67,0.01,0.19,0.08
1994,47.18,47.09,46.53,0.14,0.11,0.13
2004,48.20,48.04,47.82,0.16,0.14,0.20
2014,50.20,50.62,48.58,0.34,0.46,0.13
2024,50.29,50.45,51.35,0.01,-0.03,0.42
2034,52.63,52.92,52.82,0.37,0.39,0.23
2044,53.12,53.14,53.23,0.08,0.03,0.06
2054,53.35,53.12,53.67,0.04,0.00,0.08
2064,53.27,53.29,53.88,-0.01,0.03,0.03
2074,52.98,53.50,53.67,-0.04,0.03,-0.03
2084,52.39,52.37,53.29,-0.09,-0.17,-0.06
2094,52.05,49.84,52.75,-0.06,-0.43,-0.09
2104,50.41,53.03,52.05,-0.26,0.51,-0.11
2114,50.58,49.61,51.55,0.03,-0.52,-0.08
2124,48.45,48.50,50.16,-0.33,-0.18,-0.22
2135,47.93,47.57,49.17,-0.08,-0.15,-0.15
2145,47.26,47.16,49.12,-0.10,-0.06,-0.01
2155,47.29,46.73,47.97,0.01,-0.07,-0.18
2165,46.66,46.54,47.37,-0.10,-0.03,-0.09
2176,46.64,46.26,46.82,0.00,-0.04,-0.08
2185,47.16,46.74,46.36,0.09,0.08,-0.08
2195,47.56,47.76,46.37,0.06,0.15,0.00
2205,48.97,48.95,45.67,0.23,0.19,-0.11
2215,50.35,50.78,46.76,0.21,0.28,0.17
2225,51.73,52.19,47.95,0.24,0.25,0.20
2235,51.25,52.61,49.43,-0.07,0.06,0.23
2245,52.17,52.90,49.06,0.14,0.04,-0.06
2255,52.75,52.98,51.53,0.09,0.01,0.38
2265,52.68,52.79,52.12,-0.01,-0.03,0.10
2275,52.55,51.35,52.47,-0.02,-0.22,0.05
2285,52.09,52.20,52.71,-0.07,0.13,0.04
2295,49.04,51.27,52.13,-0.46,-0.14,-0.09
2305,52.77,49.56,52.56,0.67,-0.30,0.07
2315,50.58,50.39,52.15,-0.33,0.13,-0.06
2325,48.87,49.02,52.22,-0.27,-0.21,0.01
2335,48.50,48.37,51.49,-0.06,-0.10,-0.11
2345,47.86,47.67,49.86,-0.10,-0.11,-0.25
2355,47.55,48.71,50.70,-0.05,0.18,0.14
2365,47.39,47.18,49.12,-0.03,-0.24,-0.25
2375,47.22,47.04,49.08,-0.03,-0.02,-0.01
2385,47.65,47.35,48.94,0.07,0.05,-0.02
2395,48.58,47.33,47.64,0.16,-0.00,-0.22
2405,48.80,48.23,47.72,0.03,0.14,0.01
2415,49.27,50.33,47.42,0.07,0.33,-0.05
2425,50.98,50.45,47.39,0.27,0.02,-0.01
2435,51.51,51.98,47.25,0.09,0.27,-0.02
2445,52.11,52.41,48.02,0.09,0.07,0.12
2455,51.33,52.73,49.65,-0.12,0.05,0.25
2465,52.05,52.45,49.39,0.11,-0.04,-0.04
2476,52.11,51.81,49.96,0.01,-0.10,0.09
2486,51.79,51.61,51.01,-0.05,-0.03,0.16
2496,50.35,51.43,52.13,-0.22,-0.03,0.18
2506,51.17,49.98,52.11,0.13,-0.22,-0.00
2516,49.51,50.58,51.61,-0.25,0.09,-0.08
2526,50.08,48.79,51.82,0.10,-0.31,0.04
2536,48.66,48.49,52.42,-0.22,-0.05,0.09
2546,48.37,49.08,51.44,-0.04,0.09,-0.15
2556,48.25,47.99,50.60,-0.02,-0.17,-0.13
2566,48.88,47.45,51.05,0.11,-0.09,0.08
2576,47.76,47.55,50.33,-0.17,0.02,-0.11
2586,48.27,47.87,49.39,0.08,0.05,-0.15
2596,48.43,48.26,48.58,0.02,0.06,-0.12
2606,49.93,49.60,49.64,0.26,0.23,0.18
2616,49.17,49.44,48.19,-0.11,-0.02,-0.22
2626,51.17,51.31,48.04,0.31,0.30,-0.02
2636,50.43,50.68,47.99,-0.12,-0.10,-0.01
2647,51.67,52.20,47.60,0.19,0.24,-0.06
2657,51.93,52.34,48.51,0.04,0.02,0.14
2667,50.97,52.28,49.31,-0.15,-0.01,0.13
2677,51.67,51.81,49.08,0.11,-0.07,-0.04
2688,51.72,50.76,49.51,0.01,-0.16,0.07
2697,49.21,51.12,50.71,-0.42,0.06,0.21
2707,51.52,49.61,51.09,0.37,-0.23,0.06
2717,49.73,50.25,50.58,-0.27,0.10,-0.08
2727,49.98,49.02,51.93,0.04,-0.19,0.21
2737,48.84,49.17,51.65,-0.20,0.03,-0.05
2747,49.53,48.41,51.67,0.11,-0.12,0.00
2757,48.74,47.76,50.54,-0.13,-0.10,-0.17
2767,48.02,47.99,51.57,-0.11,0.03,0.16
2777,47.99,47.72,51.05,-0.01,-0.05,-0.09
2787,49.25,48.17,50.18,0.19,0.07,-0.14
2797,48.97,50.26,49.55,-0.04,0.33,-0.10
2807,48.67,49.38,49.96,-0.05,-0.13,0.06
2817,50.66,50.70,49.04,0.35,0.23,-0.16
2827,49.96,51.33,49.50,-0.11,0.10,0.07
2837,51.19,51.05,48.47,0.19,-0.04,-0.16
2847,51.67,51.77,48.66,0.07,0.11,0.03
2857,50.76,51.79,48.04,-0.14,0.00,-0.09
2867,51.75,50.42,49.49,0.17,-0.23,0.25
2877,51.83,51.63,48.69,0.01,0.19,-0.12
2887,50.19,51.35,48.71,-0.25,-0.04,0.00
2897,50.93,49.73,50.25,0.11,-0.25,0.24
2907,50.59,50.44,49.32,-0.06,0.13,-0.16
2917,49.47,49.02,50.85,-0.18,-0.21,0.23
2927,49.10,48.68,50.60,-0.06,-0.05,-0.04
2937,49.71,49.47,51.41,0.09,0.12,0.13
2947,48.39,48.26,51.32,-0.23,-0.21,-0.02
2957,48.43,48.26,50.64,0.01,0.00,-0.10
2967,48.64,48.28,51.39,0.03,0.00,0.12
2977,49.54,49.56,51.25,0.14,0.20,-0.02
2988,48.69,49.10,49.92,-0.13,-0.07,-0.20
2998,49.27,49.21,51.19,0.09,0.02,0.20
3008,50.29,51.05,49.46,0.16,0.29,-0.26
3018,49.96,51.07,50.51,-0.05,0.00,0.16
3028,50.97,50.60,49.31,0.15,-0.07,-0.19
3038,51.46,51.57,49.44,0.08,0.17,0.02
3048,50.27,51.67,48.85,-0.18,0.01,-0.09
3058,51.39,50.37,48.95,0.17,-0.20,0.02
3068,50.52,51.07,48.32,-0.13,0.11,-0.10
3078,51.05,50.90,49.84,0.09,-0.03,0.26
3088,51.11,49.84,48.90,0.01,-0.17,-0.15
3098,49.46,49.39,49.04,-0.25,-0.07,0.02
3108,50.54,49.86,49.86,0.17,0.07,0.13
3118,48.96,48.69,49.49,-0.27,-0.20,-0.06
3128,49.90,48.60,50.60,0.14,-0.01,0.17
3138,48.69,49.64,50.23,-0.19,0.16,-0.06
3148,48.94,48.81,51.03,0.04,-0.13,0.13
3159,48.85,49.02,51.07,-0.01,0.03,0.01
3169,49.63,49.96,50.23,0.12,0.14,-0.13
3179,48.87,49.45,51.60,-0.12,-0.08,0.22
3189,49.21,50.18,50.24,0.05,0.11,-0.20
3200,50.41,50.08,50.88,0.19,-0.02,0.10
3209,50.83,51.08,50.83,0.07,0.17,-0.01
3219,50.18,50.21,49.94,-0.10,-0.13,-0.14
3229,51.07,51.05,49.51,0.14,0.13,-0.06
3239,50.23,51.13,50.00,-0.13,0.01,0.07
3249,51.03,50.19,49.13,0.14,-0.16,-0.15
3259,50.39,50.96,50.00,-0.10,0.12,0.14
3269,50.82,49.74,49.06,0.07,-0.19,-0.15
3279,50.81,50.60,48.68,0.00,0.13,-0.06
3289,49.39,49.30,49.78,-0.25,-0.22,0.19
3299,50.45,50.05,48.94,0.16,0.12,-0.13
3309,49.25,49.14,50.11,-0.19,-0.14,0.18
3319,49.25,49.10,49.47,0.00,-0.01,-0.10
3329,49.97,49.53,50.12,0.13,0.07,0.11
3339,48.89,48.96,49.80,-0.17,-0.09,-0.05
3349,48.80,49.06,50.37,-0.01,0.01,0.09
3359,50.12,50.23,50.14,0.21,0.18,-0.04
3369,48.89,49.80,50.78,-0.18,-0.07,0.10
3379,50.37,50.46,49.75,0.26,0.11,-0.18
3389,49.50,49.69,51.25,-0.14,-0.12,0.24
3399,50.49,51.07,49.88,0.15,0.22,-0.21
3409,50.00,51.01,50.99,-0.08,-0.01,0.17
3419,50.90,49.93,50.79,0.15,-0.19,-0.03
3429,50.01,50.98,50.06,-0.14,0.17,-0.12
3439,50.93,50.01,49.74,0.14,-0.15,-0.05
3449,51.15,50.41,50.29,0.03,0.06,0.08
3459,49.73,49.80,49.58,-0.25,-0.11,-0.12
3469,51.15,50.14,50.03,0.22,0.05,0.07
3479,49.71,49.60,49.10,-0.22,-0.08,-0.15
3489,50.66,50.17,50.33,0.15,0.09,0.19
3500,49.39,49.25,49.31,-0.20,-0.14,-0.16
3510,49.16,49.04,49.08,-0.04,-0.03,-0.03
3520,50.30,50.03,50.04,0.18,0.15,0.15
3530,48.92,49.31,49.37,-0.21,-0.11,-0.11
3540,48.97,49.21,50.01,0.01,-0.01,0.10
3550,49.71,50.37,49.48,0.13,0.20,-0.09
3560,49.31,50.31,50.10,-0.06,-0.01,0.09
3570,50.27,49.94,49.88,0.15,-0.06,-0.04
3580,49.41,49.82,49.94,-0.14,-0.02,0.01
3590,50.40,50.59,50.14,0.17,0.13,0.03
3600,49.73,51.09,51.15,-0.10,0.08,0.16
3610,51.05,50.09,49.92,0.21,-0.15,-0.19
3620,49.86,50.80,51.21,-0.18,0.11,0.20
3630,50.86,49.58,49.86,0.17,-0.21,-0.23
3640,50.99,50.37,50.70,0.02,0.12,0.13
3650,50.12,49.92,49.92,-0.14,-0.07,-0.12
3660,50.60,50.31,50.51,0.07,0.06,0.09
3671,49.74,47.69,49.45,-0.14,-0.40,-0.17
3681,49.59,51.71,50.66,-0.02,0.62,0.19
3691,50.19,49.66,49.01,0.09,-0.32,-0.25
3701,49.43,49.60,50.41,-0.12,-0.01,0.22
3712,50.35,49.98,49.37,0.14,0.06,-0.16
3721,48.92,49.15,49.09,-0.24,-0.14,-0.05
3731,50.23,50.33,49.92,0.20,0.18,0.13
3741,49.17,49.38,49.21,-0.16,-0.14,-0.11
3751,49.25,50.25,50.33,0.01,0.13,0.17
3761,49.95,49.47,48.96,0.12,-0.13,-0.23
3771,49.74,50.64,50.70,-0.03,0.18,0.27
3781,50.76,49.90,49.90,0.16,-0.12,-0.13
3791,49.61,50.35,50.39,-0.18,0.07,0.07
3801,50.57,49.75,49.43,0.16,-0.10,-0.17
3811,50.17,50.82,51.13,-0.06,0.17,0.27
3821,50.82,49.84,49.82,0.10,-0.15,-0.20
3831,49.98,50.51,50.98,-0.13,0.10,0.18
3841,50.51,49.64,49.76,0.09,-0.15,-0.21
3851,50.98,50.62,50.68,0.08,0.15,0.14
3861,49.36,49.57,49.88,-0.25,-0.16,-0.12
3871,50.66,50.25,50.52,0.20,0.10,0.10
3881,49.39,49.50,49.43,-0.20,-0.12,-0.17
3891,50.16,50.20,50.55,0.13,0.12,0.19
3901,49.21,49.50,49.45,-0.15,-0.11,-0.17
3911,49.06,49.35,50.35,-0.02,-0.02,0.14
3921,50.13,50.05,49.43,0.17,0.10,-0.14
3931,48.85,49.28,49.78,-0.22,-0.13,0.06
3941,50.31,50.62,49.33,0.23,0.21,-0.07
3951,49.39,49.72,49.27,-0.14,-0.14,-0.01
3961,49.82,50.76,49.92,0.07,0.16,0.10
3971,50.44,49.28,49.24,0.11,-0.25,-0.12
3981,50.70,50.90,50.64,0.04,0.26,0.22
3991,50.04,49.82,49.25,-0.10,-0.17,-0.21
4001,50.81,50.78,50.86,0.12,0.15,0.25
4012,49.94,49.65,49.61,-0.13,-0.17,-0.19
4022,50.92,50.92,51.11,0.15,0.20,0.24
4032,49.90,49.76,49.76,-0.16,-0.18,-0.21
4042,50.47,50.16,51.05,0.09,0.06,0.20
4052,49.62,49.62,49.67,-0.13,-0.08,-0.21
4062,50.35,50.03,50.86,0.12,0.07,0.20
4072,49.39,49.33,49.96,-0.15,-0.11,-0.14
4082,49.21,50.05,50.45,-0.03,0.11,0.08
4092,50.42,49.41,49.49,0.19,-0.10,-0.15
4102,48.83,50.12,50.48,-0.27,0.12,0.17
4112,50.31,49.47,49.41,0.23,-0.10,-0.17
4122,49.08,49.37,50.37,-0.19,-0.02,0.15
4132,50.47,50.60,49.41,0.22,0.19,-0.15
4142,49.57,49.54,49.82,-0.16,-0.18,0.07
4152,50.24,50.37,49.33,0.10,0.13,-0.08
4162,49.86,49.92,49.19,-0.06,-0.07,-0.02
4172,50.62,50.62,50.12,0.12,0.11,0.15
4183,49.92,50.22,49.04,-0.11,-0.06,-0.16
4193,50.60,50.74,50.52,0.10,0.08,0.23
4203,50.04,49.73,49.76,-0.09,-0.15,-0.12
4213,50.74,50.72,49.69,0.11,0.16,-0.01
4224,49.84,50.06,50.54,-0.14,-0.11,0.13
4233,50.44,50.22,50.64,0.10,0.03,0.02
4243,49.42,49.49,49.65,-0.16,-0.12,-0.15
4253,50.62,50.29,51.11,0.19,0.12,0.23
4263,49.47,49.29,49.82,-0.18,-0.15,-0.20
4273,50.07,49.99,50.94,0.10,0.12,0.19
4283,49.29,49.27,49.74,-0.12,-0.11,-0.19
4293,49.45,48.89,50.70,0.02,-0.06,0.15
4303,50.35,50.35,49.68,0.14,0.23,-0.16
4313,48.92,49.26,50.51,-0.24,-0.19,0.14
4323,50.54,50.56,49.35,0.25,0.20,-0.18
4333,49.42,50.06,50.45,-0.17,-0.08,0.17
4343,50.70,50.49,49.12,0.20,0.06,-0.20
4353,49.36,50.66,50.35,-0.23,0.03,0.22
4363,50.94,50.10,49.41,0.25,-0.09,-0.15
4373,49.76,50.58,49.14,-0.18,0.07,-0.04
4383,50.96,49.98,50.22,0.19,-0.10,0.17
4393,49.61,49.67,48.86,-0.21,-0.05,-0.21
4403,50.48,50.22,50.29,0.15,0.09,0.24
4413,49.84,50.60,49.27,-0.10,0.06,-0.16
4423,50.51,49.60,50.70,0.10,-0.16,0.22
4433,49.64,49.29,49.78,-0.14,-0.05,-0.15
4443,50.18,50.15,50.33,0.09,0.15,0.09
4453,49.64,49.66,49.50,-0.08,-0.08,-0.13
4463,50.39,50.27,51.11,0.12,0.09,0.25
4473,49.29,49.19,50.16,-0.17,-0.16,-0.15
4483,49.95,50.21,50.32,0.11,0.18,0.03
4493,49.25,49.44,49.78,-0.11,-0.12,-0.08
4503,49.45,50.35,50.78,0.03,0.14,0.15
4513,50.41,49.82,49.80,0.15,-0.08,-0.15
4524,49.33,50.20,50.78,-0.16,0.06,0.15
4534,50.72,49.90,49.50,0.22,-0.05,-0.20
4544,49.44,49.63,50.76,-0.20,-0.04,0.20
4554,50.94,50.94,49.31,0.24,0.21,-0.22
4564,49.59,49.92,50.49,-0.21,-0.16,0.18
4574,50.66,50.55,48.92,0.18,0.11,-0.27
4584,50.12,50.86,50.47,-0.09,0.05,0.24
4594,50.98,49.74,49.47,0.14,-0.17,-0.16
4604,49.57,50.35,49.12,-0.22,0.09,-0.05
4614,50.31,49.36,50.29,0.13,-0.17,0.20
4624,49.78,50.35,49.33,-0.08,0.15,-0.15
4634,50.54,49.43,50.58,0.12,-0.14,0.20
4644,49.14,49.21,49.66,-0.21,-0.03,-0.15
4654,50.51,49.90,50.03,0.24,0.12,0.06
4664,49.21,49.56,49.38,-0.20,-0.05,-0.10
4674,49.14,50.13,50.80,-0.01,0.09,0.22
4684,49.92,49.56,49.92,0.12,-0.09,-0.14
4695,49.50,49.14,50.33,-0.06,-0.06,0.06
4705,50.52,50.90,49.92,0.16,0.28,-0.07
4715,49.19,50.70,50.35,-0.20,-0.03,0.07
4725,50.76,50.02,49.94,0.25,-0.11,-0.07
4736,49.53,49.61,50.29,-0.19,-0.06,0.05
4745,51.12,50.86,49.89,0.28,0.21,-0.07
4755,49.50,50.92,50.28,-0.25,0.01,0.06
4765,50.98,49.63,49.86,0.23,-0.20,-0.07
4775,49.61,50.49,49.67,-0.21,0.13,-0.03
4785,50.48,49.62,49.78,0.15,-0.15,0.02
4795,49.82,50.43,50.80,-0.10,0.12,0.16
4805,50.74,49.49,49.80,0.14,-0.15,-0.16
4815,49.29,48.99,49.63,-0.22,-0.08,-0.03
4825,50.69,50.24,50.28,0.25,0.22,0.11
4835,48.99,49.47,49.55,-0.26,-0.12,-0.11
4845,50.41,50.03,50.31,0.22,0.09,0.12
4855,49.25,49.49,49.33,-0.18,-0.09,-0.15
4865,49.30,50.20,50.55,0.01,0.12,0.21
4875,50.09,49.51,49.59,0.12,-0.10,-0.15
4885,49.49,50.39,50.37,-0.10,0.14,0.12
4895,50.58,49.88,49.39,0.17,-0.08,-0.15
4905,49.55,50.66,50.80,-0.16,0.12,0.22
4915,50.33,49.73,49.34,0.13,-0.16,-0.25
4925,49.82,50.60,50.39,-0.08,0.14,0.16
4935,50.54,49.84,49.47,0.11,-0.12,-0.15
4945,50.18,50.94,50.84,-0.06,0.17,0.22
4955,50.51,49.69,49.41,0.06,-0.22,-0.25
4965,49.82,50.47,50.66,-0.10,0.12,0.20
4975,50.54,49.50,49.29,0.11,-0.15,-0.21
4985,49.80,50.60,50.80,-0.11,0.17,0.24
4995,50.55,49.30,49.39,0.13,-0.22,-0.24
5005,49.50,50.05,50.64,-0.16,0.12,0.20
5015,50.23,49.54,49.78,0.11,-0.08,-0.14
5025,49.70,50.10,50.14,-0.08,0.08,0.05
5036,50.27,49.47,49.72,0.09,-0.10,-0.07
5046,49.33,49.39,49.61,-0.15,-0.01,-0.02
5056,49.25,50.33,50.27,-0.01,0.15,0.10
5066,50.15,49.57,49.43,0.14,-0.12,-0.13
5076,49.68,50.62,50.80,-0.07,0.16,0.22
5086,50.20,49.49,49.40,0.09,-0.20,-0.23
5096,49.76,50.68,50.35,-0.07,0.19,0.15
5106,50.37,49.96,49.49,0.09,-0.11,-0.14
5116,49.98,50.84,50.84,-0.06,0.14,0.21
5126,50.46,49.58,49.44,0.08,-0.22,-0.23
5136,49.76,50.43,50.37,-0.11,0.13,0.14
5146,50.58,49.96,49.49,0.13,-0.07,-0.14
5156,49.92,50.60,50.82,-0.10,0.10,0.21
5166,50.46,49.03,49.28,0.10,-0.26,-0.27
5176,49.65,50.43,50.64,-0.12,0.22,0.21
5186,50.33,49.78,49.31,0.11,-0.10,-0.20
5196,49.76,50.35,50.76,-0.09,0.09,0.23
5207,50.09,49.21,49.17,0.05,-0.17,-0.24
5217,49.54,49.33,50.64,-0.09,0.02,0.23
5227,50.49,50.31,49.72,0.15,0.15,-0.15
5237,49.39,49.80,49.53,-0.17,-0.08,-0.03
5248,49.36,50.03,50.21,-0.00,0.03,0.10
5257,50.15,49.64,49.62,0.14,-0.07,-0.10
5267,49.63,50.33,50.27,-0.08,0.10,0.10
5277,50.41,50.10,49.54,0.12,-0.04,-0.11
5287,49.72,50.35,50.74,-0.11,0.04,0.19
5297,50.40,49.62,49.36,0.11,-0.13,-0.23
5307,49.82,50.76,50.39,-0.09,0.18,0.16
5317,50.60,49.69,49.64,0.12,-0.16,-0.12
5327,49.76,50.84,49.10,-0.13,0.18,-0.08
5337,50.51,50.38,51.48,0.13,-0.08,0.41
5347,50.60,49.78,50.60,0.01,-0.09,-0.14
5357,49.64,49.34,49.80,-0.15,-0.07,-0.12
5367,49.58,50.47,50.47,-0.01,0.17,0.10
5377,50.20,49.41,49.62,0.11,-0.19,-0.15
5387,49.57,49.97,50.21,-0.10,0.08,0.09
5397,50.31,49.52,49.50,0.11,-0.07,-0.11
5407,49.54,50.21,50.58,-0.12,0.11,0.17
5417,50.45,49.45,49.01,0.14,-0.12,-0.24
5427,49.30,49.99,50.53,-0.20,0.09,0.27
5437,50.47,49.54,49.54,0.18,-0.07,-0.15
5447,49.29,49.48,50.05,-0.18,-0.01,0.08
5457,50.56,50.62,49.49,0.20,0.18,-0.09
5467,49.43,49.47,49.19,-0.20,-0.20,-0.05
5477,50.64,51.01,50.21,0.19,0.24,0.16
5487,49.38,50.74,49.69,-0.19,-0.04,-0.08
5497,50.64,50.10,50.41,0.20,-0.10,0.11
5507,49.56,50.59,49.64,-0.19,0.08,-0.13
5517,50.74,49.80,50.52,0.19,-0.12,0.14
5527,49.42,50.47,50.01,-0.20,0.10,-0.08
5537,50.66,49.34,50.68,0.19,-0.17,0.10
5548,49.70,50.51,49.90,-0.15,0.18,-0.12
5558,50.51,49.52,50.66,0.12,-0.15,0.12
5568,49.60,49.52,49.86,-0.14,0.00,-0.13
5578,49.54,49.98,50.60,-0.01,0.07,0.11
5588,50.56,49.33,49.52,0.16,-0.10,-0.17
5598,49.23,50.01,50.68,-0.22,0.12,0.20
5608,50.29,49.47,49.53,0.16,-0.09,-0.17
5618,49.64,49.31,50.31,-0.10,-0.02,0.12
5628,50.66,50.45,49.17,0.16,0.18,-0.18
5638,49.28,50.51,50.35,-0.24,0.01,0.20
5648,50.74,50.04,49.33,0.23,-0.07,-0.16
5658,49.44,50.47,50.35,-0.20,0.06,0.16
5668,50.66,50.04,49.50,0.19,-0.07,-0.13
5678,49.32,50.72,49.95,-0.23,0.12,0.07
5688,50.68,49.80,49.45,0.21,-0.14,-0.08
5698,49.31,50.52,49.63,-0.21,0.11,0.03
5708,50.70,49.61,50.19,0.22,-0.14,0.09
5719,49.62,50.68,49.47,-0.17,0.17,-0.11
5729,50.29,49.58,50.84,0.10,-0.17,0.22
5739,49.52,49.50,49.53,-0.12,-0.01,-0.20
5749,49.56,50.19,50.82,0.01,0.11,0.20
5760,50.18,49.33,49.59,0.09,-0.13,-0.19
5769,49.73,49.97,50.81,-0.08,0.11,0.21
5779,50.29,49.41,49.86,0.09,-0.09,-0.15
5789,49.74,50.23,50.80,-0.09,0.13,0.15
5799,50.86,49.68,49.53,0.18,-0.09,-0.19
5809,49.46,50.42,50.61,-0.23,0.13,0.18
5819,50.41,49.76,49.68,0.15,-0.10,-0.15
5829,49.86,50.26,50.41,-0.09,0.07,0.11
5839,50.37,49.88,49.37,0.08,-0.06,-0.16
5849,49.84,50.66,50.71,-0.09,0.13,0.24
5859,50.25,49.55,49.14,0.06,-0.17,-0.24
5869,49.71,50.72,50.37,-0.08,0.18,0.19
5879,50.37,49.82,49.49,0.10,-0.14,-0.14
5889,49.71,50.73,49.95,-0.11,0.16,0.08
5899,50.17,49.46,49.49,0.07,-0.19,-0.07
5909,49.54,50.41,49.10,-0.10,0.15,-0.06
5919,50.49,49.62,50.56,0.15,-0.12,0.23
5929,49.45,49.33,49.25,-0.16,-0.05,-0.20
5939,50.16,50.39,50.46,0.12,0.19,0.21
5949,49.37,49.17,49.50,-0.12,-0.18,-0.15
5959,50.16,50.35,50.92,0.12,0.18,0.22
5969,49.50,49.72,49.59,-0.10,-0.10,-0.20
5979,50.31,50.18,50.77,0.14,0.08,0.20
5989,49.62,49.62,49.96,-0.11,-0.09,-0.12
