
MotorSpeedMeasurement
1000,0,0,0
1010,6.05,0.00,4.28,0.03,0.00,0.03
1021,0.09,0.03,0.06,-0.01,0.00,-0.01
1031,15.04,15.00,13.66,2.62,2.61,2.16
1041,24.85,25.60,23.72,1.50,1.58,1.56
1051,34.34,34.63,33.04,1.42,1.36,1.40
1061,41.53,41.79,38.98,1.12,1.12,0.90
1071,45.36,45.64,44.03,0.65,0.66,0.90
1081,48.14,48.06,45.69,0.44,0.37,0.25
1091,51.07,50.28,47.54,0.45,0.35,0.30
1101,53.26,52.65,48.51,0.35,0.36,0.15
1111,53.74,53.51,50.18,0.08,0.15,0.28
1121,54.90,55.75,50.09,0.17,0.35,-0.01
1131,56.51,55.26,52.42,0.25,-0.08,0.37
1141,57.50,56.94,52.65,0.15,0.26,0.03
1152,57.21,56.67,53.25,-0.05,-0.04,0.09
1161,58.37,57.88,54.14,0.20,0.20,0.16
1171,58.75,58.18,53.86,0.06,0.05,-0.04
1181,59.28,58.67,55.62,0.08,0.08,0.27
1191,59.01,58.52,55.05,-0.04,-0.02,-0.09
1201,59.31,58.50,55.16,0.05,-0.00,0.02
1211,59.70,57.93,56.40,0.06,-0.09,0.20
1221,59.56,58.70,55.21,-0.02,0.12,-0.18
1231,59.70,59.00,56.89,0.02,0.05,0.26
1241,59.41,58.90,55.37,-0.05,-0.02,-0.26
1251,59.56,58.59,56.86,0.02,-0.05,0.23
1261,59.39,58.72,55.84,-0.03,0.02,-0.16
1271,59.94,58.36,56.82,0.08,-0.05,0.15
1281,59.03,58.23,56.09,-0.16,-0.02,-0.13
1291,58.11,58.05,56.71,-0.14,-0.03,0.10
1301,58.51,57.21,55.92,0.06,-0.13,-0.12
1311,58.28,57.84,56.60,-0.04,0.10,0.11
1321,58.44,57.68,55.68,0.03,-0.02,-0.14
1331,58.22,56.15,56.54,-0.04,-0.26,0.15
1341,56.84,57.58,55.64,-0.21,0.23,-0.14
1351,57.46,56.80,56.29,0.10,-0.12,0.10
1361,57.58,56.06,55.09,0.02,-0.12,-0.19
1371,55.82,56.18,56.46,-0.29,0.02,0.24
1381,56.78,55.55,55.16,0.15,-0.10,-0.20
1391,55.73,54.90,54.96,-0.16,-0.10,-0.03
1401,56.18,56.31,55.73,0.07,0.22,0.12
1411,55.41,54.41,54.70,-0.14,-0.32,-0.18
1421,55.68,54.52,54.24,0.04,0.02,-0.07
1431,54.68,54.98,55.38,-0.15,0.07,0.17
1441,54.20,54.18,54.18,-0.07,-0.13,-0.19
1452,54.41,53.57,54.24,0.03,-0.09,0.01
1462,53.97,53.69,54.16,-0.07,0.02,-0.01
1472,54.49,53.33,53.49,0.08,-0.06,-0.10
1482,53.56,53.08,53.67,-0.15,-0.04,0.03
1492,53.12,53.16,53.58,-0.07,0.01,-0.01
1502,52.82,52.77,53.63,-0.05,-0.07,0.01
1512,51.99,52.59,53.25,-0.13,-0.03,-0.06
1522,52.51,51.37,53.12,0.08,-0.19,-0.02
1532,52.46,52.34,52.85,-0.01,0.15,-0.04
1542,51.96,52.11,52.70,-0.09,-0.04,-0.03
1552,52.09,51.99,52.48,0.02,-0.02,-0.03
1562,52.20,51.89,52.88,0.02,-0.02,0.06
1572,50.70,50.82,52.27,-0.23,-0.17,-0.09
1582,51.62,51.38,52.07,0.16,0.09,-0.03
1592,51.37,51.49,52.11,-0.04,0.02,0.01
1602,50.41,50.56,51.23,-0.15,-0.14,-0.14
1612,50.99,51.56,52.08,0.09,0.16,0.14
1623,50.43,50.99,51.57,-0.09,-0.09,-0.08
1633,50.80,50.29,51.57,0.06,-0.11,0.00
1643,50.76,51.13,50.54,-0.01,0.13,-0.16
1653,49.88,49.98,51.87,-0.14,-0.18,0.21
1664,50.62,50.64,50.56,0.11,0.10,-0.20
1673,49.19,50.59,50.64,-0.25,-0.01,0.01
1683,50.78,50.00,51.68,0.25,-0.09,0.17
1693,49.56,49.74,48.78,-0.19,-0.04,-0.44
1703,49.63,50.68,52.65,0.01,0.15,0.61
1713,50.19,49.34,50.81,0.10,-0.23,-0.32
1723,49.36,50.70,49.80,-0.13,0.21,-0.15
1733,48.62,49.59,51.23,-0.11,-0.17,0.23
1743,50.98,50.45,49.57,0.37,0.13,-0.25
1753,50.37,50.18,50.88,-0.11,-0.04,0.22
1763,48.95,49.58,49.70,-0.21,-0.09,-0.19
1773,50.19,49.62,50.62,0.19,0.01,0.14
1783,49.15,50.29,49.62,-0.16,0.10,-0.16
1793,49.00,49.36,50.66,-0.03,-0.16,0.18
1803,50.26,50.33,49.47,0.20,0.15,-0.19
1813,48.97,49.21,50.76,-0.19,-0.17,0.20
1823,49.33,50.17,49.14,0.06,0.15,-0.25
1833,49.71,49.47,50.60,0.06,-0.11,0.23
1843,49.04,50.14,49.00,-0.11,0.11,-0.27
1853,50.34,49.47,50.66,0.21,-0.11,0.26
1863,49.08,49.29,49.56,-0.20,-0.03,-0.17
1873,48.97,50.33,49.34,-0.02,0.16,-0.03
1883,49.82,49.24,50.10,0.15,-0.19,0.13
1893,49.25,50.23,49.29,-0.09,0.15,-0.13
1903,50.15,49.21,50.20,0.14,-0.15,0.14
1913,49.12,50.31,49.12,-0.16,0.17,-0.17
1923,49.97,49.62,50.53,0.14,-0.12,0.25
1933,49.12,49.92,49.02,-0.13,0.04,-0.23
1943,49.15,49.50,50.35,0.01,-0.06,0.21
1953,50.15,49.60,49.45,0.15,0.02,-0.14
1964,49.17,50.35,49.12,-0.15,0.12,-0.05
1974,49.29,49.29,50.49,0.02,-0.16,0.21
1984,50.32,50.15,49.43,0.17,0.13,-0.17
1994,48.97,49.64,49.31,-0.20,-0.08,-0.02
2004,50.25,47.80,50.00,0.20,-0.28,0.11
2014,49.24,52.37,49.28,-0.18,0.81,-0.12
2024,49.23,49.31,50.11,0.00,-0.47,0.13
2034,50.00,50.33,49.12,0.12,0.16,-0.16
2044,49.50,49.74,50.39,-0.08,-0.09,0.20
2054,50.01,50.05,49.00,0.09,0.05,-0.24
2064,49.37,49.41,50.39,-0.10,-0.10,0.21
2074,50.35,50.39,49.49,0.15,0.15,-0.14
2084,49.31,49.46,49.14,-0.16,-0.14,-0.05
2094,50.33,50.26,50.27,0.17,0.14,0.19
2104,49.33,49.54,49.29,-0.16,-0.11,-0.15
2114,49.33,49.21,50.37,0.00,-0.05,0.17
2124,50.11,50.54,49.01,0.12,0.21,-0.21
2135,49.64,49.74,50.52,-0.07,-0.13,0.24
2145,50.49,50.12,49.52,0.13,0.06,-0.16
2155,49.43,49.62,49.15,-0.17,-0.08,-0.06
2165,49.48,50.51,50.47,0.01,0.14,0.20
2176,50.19,49.48,49.19,0.11,-0.16,-0.19
2185,50.29,50.33,50.57,0.02,0.15,0.24
2195,49.45,47.98,49.58,-0.13,-0.36,-0.16
2205,49.62,52.03,49.92,0.03,0.63,0.05
2215,50.58,49.74,49.60,0.15,-0.36,-0.05
2225,49.00,50.16,50.14,-0.27,0.07,0.09
2235,50.49,49.70,49.62,0.23,-0.07,-0.08
2245,49.38,50.26,49.46,-0.17,0.08,-0.03
2255,50.64,49.70,50.19,0.20,-0.09,0.11
2265,49.09,50.16,49.60,-0.27,0.08,-0.10
2275,50.56,49.68,50.23,0.23,-0.08,0.10
2285,49.44,49.40,49.39,-0.17,-0.04,-0.13
2295,50.66,50.64,50.70,0.19,0.19,0.21
2305,49.13,49.39,49.15,-0.26,-0.22,-0.27
2315,50.58,50.45,50.56,0.23,0.16,0.22
2325,49.60,49.94,49.23,-0.15,-0.08,-0.20
2335,50.49,50.12,50.72,0.13,0.03,0.23
2345,49.58,49.56,49.70,-0.14,-0.09,-0.16
2355,50.18,50.31,50.10,0.10,0.13,0.07
2365,49.60,49.90,49.68,-0.09,-0.06,-0.07
2375,49.71,50.39,49.55,0.02,0.08,-0.02
2385,50.39,49.36,50.35,0.11,-0.16,0.12
2395,48.17,50.31,50.07,-0.37,0.16,-0.05
2405,51.66,49.90,49.66,0.56,-0.06,-0.06
2415,49.88,50.43,49.57,-0.27,0.08,-0.01
2425,50.43,49.64,50.31,0.08,-0.12,0.11
2435,49.58,50.31,49.51,-0.15,0.11,-0.14
2445,50.37,49.55,50.19,0.12,-0.12,0.10
2455,49.84,50.43,49.49,-0.08,0.14,-0.11
2465,50.47,49.72,50.64,0.10,-0.11,0.18
2476,49.68,49.27,49.23,-0.12,-0.07,-0.21
2486,50.70,50.68,50.66,0.16,0.22,0.22
2496,49.53,49.53,49.76,-0.18,-0.18,-0.14
2506,50.54,50.62,49.71,0.16,0.17,-0.01
2516,49.25,49.54,50.31,-0.20,-0.17,0.09
2526,50.80,50.31,50.18,0.27,0.13,-0.02
2536,49.51,49.84,49.78,-0.20,-0.07,-0.06
2546,50.49,50.27,49.71,0.15,0.07,-0.01
2556,49.56,49.46,50.41,-0.14,-0.12,0.11
2566,50.31,50.57,49.54,0.13,0.20,-0.15
2576,49.56,49.57,50.37,-0.12,-0.15,0.13
2586,49.71,50.29,49.76,0.02,0.11,-0.09
2596,50.23,49.46,50.39,0.08,-0.13,0.10
2606,50.31,50.66,49.54,0.01,0.21,-0.15
2616,49.62,49.53,50.35,-0.11,-0.17,0.13
2626,49.71,50.27,49.76,0.01,0.11,-0.09
2636,50.31,49.68,50.55,0.09,-0.09,0.13
2647,49.70,49.34,49.29,-0.10,-0.05,-0.19
2657,50.68,50.72,50.74,0.15,0.22,0.23
2667,49.40,49.62,49.46,-0.20,-0.17,-0.20
2677,50.60,50.45,50.68,0.19,0.13,0.19
2688,49.40,49.59,49.80,-0.18,-0.13,-0.14
2697,50.73,50.25,50.27,0.24,0.11,0.08
2707,49.48,49.62,49.42,-0.19,-0.10,-0.13
2717,50.62,50.43,50.68,0.18,0.12,0.20
2727,49.38,49.61,49.82,-0.19,-0.12,-0.14
2737,50.75,50.29,50.27,0.24,0.12,0.08
2747,49.34,49.66,49.84,-0.21,-0.10,-0.07
2757,50.56,50.47,50.28,0.19,0.12,0.07
2767,49.58,49.61,49.84,-0.15,-0.13,-0.07
2777,50.42,50.59,50.33,0.14,0.17,0.08
2787,49.36,49.38,49.48,-0.16,-0.18,-0.13
2797,50.56,50.45,50.72,0.19,0.17,0.19
2807,49.60,49.74,49.86,-0.15,-0.11,-0.14
2817,50.42,50.42,50.31,0.14,0.12,0.08
2827,49.58,49.36,49.86,-0.13,-0.16,-0.07
2837,49.69,50.45,50.29,0.02,0.17,0.07
2847,50.25,49.72,49.84,0.09,-0.11,-0.07
2857,49.84,49.50,50.22,-0.06,-0.03,0.06
2867,50.27,50.66,49.36,0.07,0.21,-0.15
2877,49.69,49.33,50.60,-0.09,-0.20,0.19
2887,50.29,50.49,49.88,0.09,0.18,-0.11
2897,49.80,49.90,49.65,-0.08,-0.09,-0.04
2907,50.27,50.33,50.53,0.08,0.07,0.16
2917,49.60,49.33,50.26,-0.10,-0.15,-0.04
2927,50.70,50.56,49.80,0.17,0.19,-0.07
2937,49.42,49.82,49.59,-0.20,-0.12,-0.03
2947,50.22,50.33,50.48,0.14,0.09,0.16
2957,49.64,49.66,49.80,-0.09,-0.11,-0.10
2967,50.72,50.28,50.29,0.17,0.09,0.08
2977,49.46,49.88,49.65,-0.19,-0.06,-0.10
2988,50.64,50.49,50.43,0.19,0.09,0.12
2998,49.60,49.38,49.60,-0.16,-0.17,-0.13
3008,50.28,50.66,50.68,0.10,0.20,0.17
3018,49.64,49.61,49.34,-0.10,-0.16,-0.20
3028,49.73,49.64,50.84,0.01,0.01,0.23
3038,50.46,50.16,49.28,0.13,0.09,-0.27
3048,49.65,50.68,50.68,-0.12,0.08,0.22
3058,50.29,49.76,49.34,0.10,-0.15,-0.20
3068,49.76,50.28,50.82,-0.08,0.08,0.23
3078,50.44,49.30,49.28,0.12,-0.17,-0.27
3088,49.61,50.60,50.66,-0.13,0.20,0.22
3098,50.29,49.78,49.34,0.11,-0.13,-0.20
3108,49.76,49.57,50.82,-0.08,-0.03,0.23
3118,50.31,50.55,49.24,0.09,0.17,-0.27
3128,49.57,50.31,50.66,-0.11,-0.04,0.22
3138,50.25,49.74,49.29,0.10,-0.09,-0.21
3148,49.80,49.57,50.80,-0.07,-0.03,0.24
3159,50.64,50.54,49.76,0.13,0.15,-0.16
3169,49.36,49.76,49.57,-0.19,-0.12,-0.03
3179,50.62,50.62,50.29,0.20,0.13,0.11
3189,49.54,49.63,49.58,-0.17,-0.15,-0.11
3200,49.82,50.39,50.45,0.04,0.12,0.13
3209,50.26,49.45,49.54,0.08,-0.16,-0.16
3219,50.43,50.60,50.37,0.03,0.18,0.13
3229,49.62,49.59,49.56,-0.13,-0.15,-0.13
3239,49.76,50.33,50.70,0.02,0.11,0.18
3249,50.26,49.45,49.15,0.09,-0.15,-0.27
3259,50.43,50.64,50.51,0.03,0.19,0.20
3269,49.60,49.59,49.58,-0.13,-0.16,-0.15
3279,49.76,50.37,50.76,0.02,0.12,0.18
3289,50.26,49.45,49.15,0.09,-0.16,-0.28
3299,49.67,50.66,50.70,-0.09,0.19,0.24
3309,50.35,49.59,49.46,0.11,-0.16,-0.19
3319,49.76,50.37,50.76,-0.09,0.12,0.20
3329,50.26,49.56,49.13,0.09,-0.14,-0.28
3339,49.65,50.58,50.70,-0.09,0.16,0.25
3349,50.31,49.63,49.42,0.10,-0.15,-0.20
3359,49.64,50.39,50.72,-0.10,0.12,0.20
3369,50.60,49.74,49.74,0.15,-0.10,-0.16
3379,49.34,50.42,50.12,-0.22,0.12,0.06
3389,50.60,49.57,49.33,0.20,-0.13,-0.12
3399,49.17,49.62,50.72,-0.22,0.01,0.22
3409,50.66,50.49,49.72,0.23,0.13,-0.16
3419,49.21,50.38,50.03,-0.25,-0.02,0.05
3429,50.72,49.68,49.74,0.24,-0.11,-0.05
3439,49.16,49.53,50.26,-0.24,-0.02,0.08
3449,50.72,50.43,49.70,0.24,0.14,-0.09
3459,49.30,49.41,49.47,-0.25,-0.18,-0.04
3469,50.64,50.64,50.31,0.21,0.19,0.13
3479,49.60,49.57,49.74,-0.16,-0.16,-0.09
3489,50.28,50.45,50.39,0.10,0.14,0.10
3500,49.60,49.96,49.41,-0.11,-0.08,-0.15
3510,49.67,50.29,50.80,0.01,0.05,0.22
3520,50.43,49.66,49.44,0.12,-0.10,-0.21
3530,49.66,50.56,50.64,-0.12,0.14,0.19
3540,50.74,49.63,49.82,0.17,-0.14,-0.13
3550,49.47,50.62,50.25,-0.22,0.17,0.07
3560,50.18,49.42,49.42,0.11,-0.18,-0.13
3570,49.66,50.43,50.66,-0.08,0.16,0.19
3580,50.76,49.59,49.80,0.17,-0.13,-0.14
3590,49.47,50.57,50.25,-0.22,0.17,0.08
3600,50.58,49.31,49.38,0.17,-0.19,-0.13
3610,49.29,50.47,50.68,-0.20,0.18,0.20
3620,50.70,49.70,49.78,0.22,-0.12,-0.14
3630,49.47,50.38,50.20,-0.21,0.11,0.07
3640,50.54,49.64,49.72,0.17,-0.12,-0.08
3650,49.25,50.07,50.22,-0.20,0.06,0.07
3660,50.68,49.64,49.74,0.22,-0.07,-0.08
3671,49.60,49.78,49.55,-0.17,0.02,-0.03
3681,50.41,50.26,50.37,0.12,0.07,0.13
3691,49.60,49.56,49.58,-0.13,-0.11,-0.12
3701,49.57,50.56,50.62,-0.00,0.16,0.16
3712,50.33,49.63,49.27,0.12,-0.14,-0.21
3721,49.78,50.42,50.82,-0.10,0.14,0.28
3731,50.37,49.42,49.36,0.09,-0.15,-0.22
3741,49.74,50.56,50.62,-0.10,0.18,0.20
3751,50.26,49.59,49.29,0.08,-0.15,-0.20
3761,49.80,50.42,50.84,-0.08,0.15,0.28
3771,50.41,49.70,49.36,0.09,-0.11,-0.23
3781,49.74,50.22,50.62,-0.10,0.08,0.20
3791,50.26,49.68,49.76,0.08,-0.08,-0.14
3801,49.82,50.25,50.22,-0.08,0.10,0.08
3811,50.41,49.70,49.76,0.09,-0.09,-0.07
3821,49.65,50.24,50.16,-0.12,0.08,0.06
3831,50.90,49.70,49.68,0.20,-0.08,-0.08
3841,49.19,50.27,50.27,-0.28,0.10,0.10
3851,50.35,49.74,49.72,0.18,-0.08,-0.09
3861,49.60,49.34,49.67,-0.12,-0.06,-0.01
3871,50.80,50.70,50.23,0.19,0.21,0.09
3881,49.29,49.86,49.54,-0.23,-0.13,-0.11
3891,50.33,50.20,50.48,0.18,0.06,0.16
3901,49.68,49.82,49.63,-0.10,-0.06,-0.13
3911,50.72,50.14,50.21,0.16,0.05,0.09
3921,49.27,49.80,49.49,-0.22,-0.05,-0.11
3931,50.71,50.18,50.46,0.25,0.06,0.17
3941,49.38,49.82,49.33,-0.20,-0.06,-0.18
3951,50.70,50.51,50.70,0.21,0.11,0.21
3961,49.29,49.40,49.29,-0.22,-0.17,-0.22
3971,50.73,50.16,50.71,0.26,0.13,0.25
3981,49.38,49.80,49.19,-0.21,-0.06,-0.23
3991,50.68,50.51,50.74,0.20,0.11,0.24
4001,49.64,49.46,49.76,-0.16,-0.16,-0.16
4012,49.57,50.41,50.22,-0.01,0.15,0.07
4022,50.39,49.74,49.78,0.13,-0.10,-0.07
4032,48.21,49.40,49.61,-0.33,-0.05,-0.03
4042,51.91,50.60,50.35,0.58,0.19,0.11
4052,49.76,49.65,49.54,-0.34,-0.15,-0.13
4062,50.35,50.51,50.61,0.10,0.15,0.18
4072,49.63,49.51,49.61,-0.11,-0.15,-0.15
4082,50.90,50.66,50.37,0.20,0.18,0.12
4092,49.19,49.66,49.54,-0.26,-0.16,-0.13
4102,50.29,50.33,50.68,0.19,0.11,0.19
4112,49.78,49.48,49.49,-0.08,-0.13,-0.19
4122,50.58,50.66,50.51,0.13,0.19,0.15
4132,49.27,49.64,49.56,-0.20,-0.16,-0.15
4142,48.65,50.33,50.64,-0.11,0.12,0.18
4152,51.33,49.90,49.50,0.42,-0.07,-0.18
4162,50.74,50.39,50.84,-0.09,0.08,0.21
4172,49.58,49.36,49.25,-0.18,-0.16,-0.24
4183,50.22,50.56,50.76,0.10,0.19,0.24
4193,49.54,49.55,49.31,-0.11,-0.15,-0.22
4203,49.59,50.54,50.78,0.01,0.15,0.23
4213,50.35,49.72,49.80,0.12,-0.13,-0.16
4224,49.60,49.34,49.73,-0.12,-0.06,-0.01
4233,50.31,50.44,49.73,0.12,0.19,0.00
4243,49.84,50.62,50.78,-0.07,0.03,0.16
4253,50.52,49.74,49.82,0.11,-0.14,-0.15
4263,49.23,49.34,49.73,-0.20,-0.06,-0.01
4273,50.33,50.51,50.30,0.19,0.20,0.10
4283,49.86,50.62,50.26,-0.07,0.02,-0.01
4293,50.52,49.76,49.80,0.10,-0.14,-0.07
4303,49.25,49.36,49.74,-0.19,-0.06,-0.01
4313,50.78,50.66,50.30,0.27,0.23,0.10
4323,49.50,49.55,49.67,-0.20,-0.17,-0.10
4333,50.52,50.60,50.41,0.16,0.16,0.11
4343,49.58,49.62,49.74,-0.15,-0.15,-0.10
4353,50.31,50.31,50.28,0.12,0.12,0.09
4363,49.50,49.50,49.65,-0.12,-0.12,-0.10
4373,50.51,50.60,50.41,0.16,0.17,0.12
4383,49.49,49.58,49.45,-0.16,-0.16,-0.15
4393,49.57,50.64,50.58,0.01,0.17,0.17
4403,50.42,49.43,49.58,0.15,-0.21,-0.17
4413,50.39,50.18,50.37,-0.00,0.11,0.12
4423,49.54,49.60,49.43,-0.13,-0.09,-0.15
4433,49.62,50.66,50.76,0.01,0.17,0.21
4443,50.29,49.43,49.19,0.11,-0.21,-0.27
4453,49.74,50.35,50.70,-0.08,0.14,0.24
4463,50.25,49.50,49.14,0.08,-0.13,-0.24
4473,49.70,50.68,50.72,-0.09,0.19,0.25
4483,50.27,49.45,49.19,0.10,-0.21,-0.26
4493,49.70,50.35,50.66,-0.09,0.14,0.23
4503,50.35,49.46,49.14,0.10,-0.14,-0.23
4513,49.72,50.68,50.74,-0.10,0.19,0.25
4524,50.68,49.74,49.72,0.15,-0.15,-0.16
4534,49.40,49.34,49.57,-0.20,-0.06,-0.02
4544,50.58,50.54,50.35,0.18,0.19,0.12
4554,49.58,49.84,49.37,-0.16,-0.11,-0.15
4564,50.43,50.16,50.74,0.13,0.05,0.22
4574,49.21,49.47,49.34,-0.21,-0.12,-0.23
4584,50.52,50.58,50.39,0.20,0.17,0.16
4594,49.58,49.88,49.41,-0.15,-0.11,-0.15
4604,49.67,50.16,50.78,0.01,0.04,0.22
4614,50.44,49.41,49.32,0.14,-0.13,-0.25
4624,49.71,50.58,50.62,-0.11,0.18,0.20
4634,50.27,49.84,49.23,0.09,-0.12,-0.21
4644,49.63,50.54,50.74,-0.10,0.11,0.24
4654,50.48,49.30,49.39,0.15,-0.21,-0.23
4664,49.63,50.47,50.62,-0.13,0.18,0.19
4674,50.27,49.63,49.23,0.10,-0.13,-0.21
4684,49.80,50.51,50.78,-0.07,0.14,0.24
4695,50.60,49.46,49.76,0.13,-0.16,-0.16
4705,49.27,50.41,49.63,-0.20,0.15,-0.02
4715,50.56,49.70,50.37,0.20,-0.11,0.11
4725,49.58,49.42,49.57,-0.15,-0.04,-0.12
4736,50.45,50.62,50.67,0.13,0.19,0.18
4745,49.13,50.27,49.34,-0.23,-0.06,-0.22
4755,50.56,49.70,50.37,0.22,-0.09,0.16
4765,49.56,49.44,49.47,-0.16,-0.04,-0.14
4775,49.10,50.66,50.80,-0.07,0.19,0.21
4785,51.26,49.41,49.26,0.39,-0.22,-0.27
4795,49.65,50.56,50.49,-0.25,0.18,0.19
4805,50.31,49.90,49.50,0.10,-0.11,-0.15
4815,49.76,50.18,50.84,-0.08,0.04,0.21
4825,50.42,49.43,49.24,0.11,-0.13,-0.28
4835,49.59,50.51,50.66,-0.13,0.17,0.22
4845,50.31,49.98,49.34,0.11,-0.08,-0.20
4855,49.76,50.16,50.84,-0.09,0.03,0.23
4865,50.38,49.36,49.28,0.10,-0.14,-0.27
4875,49.59,50.51,50.49,-0.12,0.18,0.18
4885,50.33,49.92,49.52,0.11,-0.09,-0.15
4895,49.78,50.14,50.86,-0.09,0.03,0.21
4905,50.62,49.60,49.23,0.13,-0.08,-0.25
4915,49.26,50.29,50.68,-0.24,0.12,0.25
4925,50.66,49.90,49.50,0.22,-0.06,-0.18
4935,49.25,50.39,50.80,-0.21,0.08,0.20
4945,50.60,49.34,49.82,0.21,-0.16,-0.16
4955,49.21,50.66,50.18,-0.24,0.23,0.06
4965,50.70,49.61,49.29,0.23,-0.16,-0.14
4975,49.29,50.41,50.78,-0.22,0.12,0.23
4985,50.64,49.68,49.76,0.21,-0.11,-0.16
4995,49.28,50.25,50.14,-0.23,0.10,0.06
5005,50.72,49.61,47.80,0.23,-0.10,-0.35
5015,49.23,50.41,52.32,-0.23,0.12,0.71
5025,50.78,49.72,49.82,0.24,-0.11,-0.39
5036,49.64,49.29,49.57,-0.18,-0.07,-0.04
5046,49.67,50.70,50.31,0.00,0.22,0.11
5056,50.39,49.90,49.54,0.11,-0.13,-0.12
5066,49.80,50.24,50.72,-0.09,0.05,0.18
5076,50.29,49.62,49.16,0.08,-0.10,-0.24
5086,49.58,50.27,50.55,-0.12,0.11,0.24
5096,50.39,49.94,49.50,0.13,-0.05,-0.16
5106,49.76,50.20,50.70,-0.10,0.04,0.19
5116,50.65,49.58,49.16,0.14,-0.10,-0.23
5126,49.19,50.31,50.51,-0.24,0.12,0.23
5136,50.83,49.84,49.50,0.26,-0.07,-0.16
5146,49.23,50.33,50.66,-0.24,0.08,0.18
5156,50.68,49.44,49.70,0.23,-0.14,-0.15
5166,49.32,50.66,50.03,-0.23,0.22,0.06
5176,50.70,49.55,49.72,0.22,-0.17,-0.05
5186,49.23,50.29,50.24,-0.22,0.11,0.08
5196,50.70,49.70,49.72,0.23,-0.09,-0.08
5207,49.64,50.37,49.48,-0.17,0.10,-0.04
5217,50.37,49.70,50.33,0.11,-0.11,0.13
5227,49.64,49.34,49.56,-0.11,-0.05,-0.12
5237,49.65,50.51,50.58,0.00,0.18,0.16
5248,50.33,49.88,49.72,0.11,-0.10,-0.14
5257,50.48,50.33,50.14,0.03,0.08,0.07
5267,49.64,49.66,49.33,-0.13,-0.11,-0.12
5277,49.63,50.45,50.56,0.00,0.12,0.19
5287,50.29,49.65,49.76,0.10,-0.12,-0.13
5297,49.62,50.31,50.18,-0.12,0.11,0.07
5307,50.39,49.66,49.64,0.12,-0.10,-0.08
5317,49.64,50.49,50.28,-0.12,0.13,0.10
5327,50.68,49.61,49.64,0.16,-0.13,-0.10
5337,49.23,50.31,50.38,-0.24,0.12,0.12
5347,50.35,49.68,49.78,0.17,-0.10,-0.09
5357,49.66,50.49,49.73,-0.11,0.12,-0.01
5367,50.72,49.65,50.23,0.17,-0.13,0.08
5377,49.23,50.33,50.29,-0.25,0.12,0.01
5387,50.35,49.68,49.78,0.17,-0.10,-0.08
5397,49.70,50.51,49.74,-0.10,0.13,-0.01
5407,50.72,49.61,50.29,0.16,-0.14,0.08
5417,49.44,50.54,49.49,-0.20,0.15,-0.13
5427,50.75,49.32,50.59,0.23,-0.21,0.19
5437,49.25,50.47,49.76,-0.23,0.18,-0.13
5447,50.68,49.78,50.17,0.22,-0.11,0.06
5457,49.40,50.39,49.54,-0.20,0.09,-0.10
5467,50.66,49.32,50.51,0.22,-0.18,0.16
5477,49.54,50.47,49.49,-0.18,0.18,-0.16
5487,50.24,49.74,50.76,0.10,-0.11,0.20
5497,49.56,50.35,49.21,-0.11,0.09,-0.24
5507,50.42,49.71,50.87,0.15,-0.12,0.29
5517,49.58,50.14,49.14,-0.13,0.07,-0.26
5527,49.51,49.72,50.72,-0.01,-0.07,0.25
5537,50.43,49.57,49.58,0.14,-0.02,-0.18
5548,49.76,50.62,50.24,-0.10,0.16,0.10
5558,50.33,49.64,49.72,0.09,-0.15,-0.08
5568,49.72,50.33,49.63,-0.10,0.10,-0.01
5578,50.74,49.94,50.27,0.16,-0.06,0.10
5588,49.33,50.47,49.54,-0.22,0.08,-0.11
5598,50.75,49.32,50.53,0.25,-0.20,0.17
5608,49.42,50.60,49.39,-0.20,0.20,-0.18
5618,50.70,49.67,50.52,0.20,-0.14,0.17
5628,49.27,50.47,49.56,-0.22,0.12,-0.15
5638,50.75,49.34,50.55,0.26,-0.19,0.17
5648,49.38,50.62,49.41,-0.21,0.20,-0.18
5658,50.66,49.65,50.78,0.20,-0.15,0.22
5668,49.58,50.47,49.36,-0.17,0.13,-0.22
5678,50.29,49.32,50.51,0.12,-0.20,0.19
5688,49.33,50.56,49.41,-0.15,0.19,-0.17
5698,50.68,49.61,50.76,0.21,-0.15,0.21
5708,49.60,50.37,49.34,-0.17,0.12,-0.22
5719,49.57,49.74,50.68,-0.00,-0.10,0.21
5729,50.31,49.27,49.76,0.11,-0.07,-0.15
5739,49.82,50.68,49.55,-0.08,0.22,-0.03
5749,50.64,49.92,50.29,0.13,-0.12,0.11
5760,49.21,50.20,49.73,-0.22,0.04,-0.09
5769,50.29,49.17,50.35,0.18,-0.18,0.11
5779,49.76,50.66,49.59,-0.08,0.23,-0.12
5789,50.66,49.92,50.31,0.14,-0.12,0.11
5799,49.02,50.24,49.50,-0.25,0.05,-0.13
5809,50.84,49.17,50.57,0.32,-0.18,0.18
5819,49.46,50.70,49.47,-0.21,0.24,-0.17
5829,50.58,49.92,50.41,0.18,-0.12,0.14
5839,49.54,50.37,49.60,-0.16,0.07,-0.13
5849,50.20,49.47,50.61,0.11,-0.15,0.17
5859,49.40,50.26,49.49,-0.12,0.12,-0.18
5869,50.64,49.90,50.84,0.19,-0.06,0.21
5879,49.58,50.37,49.27,-0.17,0.07,-0.24
5889,50.22,49.49,50.64,0.11,-0.15,0.23
5899,49.60,48.80,49.50,-0.10,-0.10,-0.18
5909,49.74,51.45,50.84,0.02,0.42,0.21
5919,50.35,50.47,49.29,0.09,-0.15,-0.24
5929,49.66,49.50,50.74,-0.11,-0.15,0.23
5939,50.22,50.69,49.28,0.10,0.21,-0.25
5949,49.74,49.55,50.84,-0.07,-0.17,0.25
5959,50.37,50.31,49.29,0.10,0.12,-0.24
5969,49.58,49.70,50.76,-0.12,-0.10,0.23
5979,50.27,50.27,49.24,0.12,0.10,-0.26
5989,49.70,49.59,50.82,-0.09,-0.10,0.25
