
MotorSpeedMeasurement
1000,0,0,0
1025,28.37,25.54,23.34,0.04,0.04,0.04
1050,42.38,42.07,39.57,0.88,1.03,0.99
1075,58.97,59.32,56.81,1.07,1.10,1.12
1100,71.26,72.81,69.28,0.76,0.84,0.77
1125,80.10,82.51,79.25,0.57,0.63,0.64
1150,87.28,89.38,86.10,0.45,0.43,0.43
1176,92.75,95.47,91.43,0.35,0.39,0.34
1201,96.82,99.76,96.09,0.26,0.28,0.30
1226,100.62,102.92,99.23,0.23,0.20,0.19
1251,102.23,105.71,101.83,0.10,0.18,0.17
1276,105.94,107.92,104.40,0.23,0.14,0.16
1301,107.08,109.55,105.60,0.07,0.11,0.08
1326,108.44,111.03,107.34,0.09,0.10,0.11
1351,109.88,112.02,108.51,0.09,0.06,0.07
1376,110.25,112.98,109.12,0.02,0.06,0.04
1401,111.29,113.81,109.79,0.06,0.05,0.04
1426,112.21,114.58,110.64,0.06,0.05,0.06
1452,112.07,114.59,110.94,-0.01,0.00,0.02
1477,112.89,115.52,111.25,0.05,0.06,0.02
1502,112.09,115.45,111.32,-0.05,-0.00,0.00
1527,114.53,115.96,111.76,0.15,0.03,0.03
1552,113.59,116.09,112.04,-0.06,0.01,0.02
1577,113.83,116.24,111.95,0.02,0.01,-0.01
1602,113.85,116.28,112.02,0.00,0.00,0.00
1627,113.95,116.45,112.22,0.01,0.01,0.01
1652,114.51,116.75,112.56,0.04,0.02,0.02
1677,114.19,116.60,112.32,-0.02,-0.01,-0.02
1702,114.23,116.63,112.50,0.00,0.00,0.01
1727,114.75,116.95,112.21,0.03,0.02,-0.02
1752,114.37,116.17,112.57,-0.02,-0.05,0.02
1777,114.39,117.44,112.41,0.00,0.08,-0.01
1802,114.73,117.03,112.79,0.02,-0.03,0.02
1827,114.48,116.78,112.67,-0.02,-0.02,-0.01
1852,114.88,117.11,112.24,0.03,0.02,-0.03
1878,114.60,116.89,112.82,-0.02,-0.01,0.04
1902,114.82,116.09,112.71,0.01,-0.05,-0.01
1927,114.62,117.96,112.56,-0.01,0.12,-0.01
1952,114.20,116.80,112.71,-0.03,-0.07,0.01
1977,115.31,117.18,112.42,0.07,0.02,-0.02
2002,114.96,116.21,112.77,-0.02,-0.06,0.02
2027,114.62,117.69,112.82,-0.02,0.10,0.00
2052,114.88,117.03,112.69,0.02,-0.04,-0.01
2077,114.96,116.75,112.58,0.01,-0.02,-0.01
2102,114.67,117.44,112.79,-0.02,0.04,0.01
2127,114.91,116.79,112.52,0.01,-0.04,-0.02
2152,114.65,117.21,112.89,-0.02,0.03,0.02
2177,114.62,116.94,112.86,-0.00,-0.02,-0.00
2202,114.82,117.16,112.48,0.01,0.01,-0.02
2227,114.95,116.88,111.79,0.01,-0.02,-0.04
2252,114.59,116.86,113.94,-0.02,-0.00,0.13
2277,114.95,117.27,112.66,0.02,0.03,-0.08
2302,114.51,116.87,112.95,-0.03,-0.02,0.02
2327,114.58,117.22,112.74,0.00,0.02,-0.01
2352,114.90,116.94,112.97,0.02,-0.02,0.01
2377,114.57,117.21,112.58,-0.02,0.02,-0.02
2402,114.92,116.91,113.04,0.02,-0.02,0.03
2427,114.66,117.22,112.87,-0.02,0.02,-0.01
2452,114.88,116.98,112.62,0.01,-0.02,-0.02
2477,114.93,117.18,112.71,0.00,0.01,0.01
2502,114.66,116.92,113.03,-0.02,-0.02,0.02
2527,114.82,116.85,112.88,0.01,-0.00,-0.01
2552,114.60,117.26,112.49,-0.01,0.03,-0.02
2577,114.88,116.94,113.14,0.02,-0.02,0.04
2603,114.57,117.19,112.89,-0.02,0.02,-0.02
2627,114.52,116.90,112.52,-0.00,-0.02,-0.02
2652,114.86,117.28,112.81,0.02,0.02,0.02
2677,114.87,116.94,113.08,0.00,-0.02,0.02
2702,114.58,117.23,112.91,-0.02,0.02,-0.01
2727,114.89,116.84,112.62,0.02,-0.02,-0.02
2752,114.62,117.33,113.02,-0.02,0.03,0.03
2777,114.95,116.96,111.77,0.02,-0.02,-0.08
2802,114.57,117.27,113.84,-0.02,0.02,0.13
2827,114.90,116.94,112.86,0.02,-0.02,-0.06
2852,114.66,116.86,113.08,-0.01,-0.01,0.01
2877,114.93,117.31,113.01,0.02,0.03,-0.00
2903,114.68,116.95,112.64,-0.02,-0.02,-0.02
2928,114.93,117.26,112.92,0.02,0.02,0.02
2953,114.50,116.96,113.12,-0.03,-0.02,0.01
2978,115.07,117.19,112.99,0.04,0.01,-0.01
3003,114.52,116.92,112.71,-0.04,-0.02,-0.02
3028,115.13,117.28,112.90,0.04,0.02,0.01
3053,114.56,116.96,113.08,-0.04,-0.02,0.01
3078,115.01,117.21,113.12,0.03,0.02,0.00
3103,114.43,116.91,112.90,-0.04,-0.02,-0.01
3128,115.33,117.20,112.70,0.06,0.02,-0.01
3153,115.03,116.90,113.08,-0.02,-0.02,0.02
3178,114.67,116.83,113.02,-0.02,-0.00,-0.00
3203,115.01,117.31,112.94,0.02,0.03,-0.01
3228,114.55,117.19,112.66,-0.03,-0.01,-0.02
3253,115.14,116.86,113.08,0.04,-0.02,0.03
3278,114.52,116.92,113.03,-0.04,0.00,-0.00
3303,115.08,117.18,112.83,0.04,0.02,-0.01
3329,114.62,116.94,112.79,-0.03,-0.01,-0.00
3354,115.02,117.32,113.12,0.02,0.02,0.02
3379,114.52,116.85,112.98,-0.03,-0.03,-0.01
3404,115.13,117.39,112.45,0.04,0.03,-0.03
3429,114.52,116.85,113.32,-0.04,-0.03,0.06
3454,115.04,117.35,113.06,0.03,0.03,-0.02
3479,115.01,116.93,113.00,-0.00,-0.03,-0.00
3504,114.69,117.25,113.08,-0.02,0.02,0.01
3529,115.03,117.00,112.70,0.02,-0.02,-0.02
3554,114.63,117.16,112.92,-0.03,0.01,0.01
3579,115.13,116.98,113.17,0.03,-0.01,0.02
3604,114.60,116.80,113.02,-0.03,-0.01,-0.01
3629,115.03,117.25,112.75,0.03,0.03,-0.02
3654,114.75,116.94,113.04,-0.02,-0.02,0.02
3679,114.91,117.20,112.96,0.01,0.02,-0.00
3704,114.68,116.80,113.01,-0.01,-0.02,0.00
3729,115.07,117.31,112.75,0.03,0.03,-0.02
3755,114.96,116.83,112.89,-0.01,-0.03,0.01
3779,114.71,116.16,113.15,-0.02,-0.04,0.02
3804,114.99,117.89,113.08,0.02,0.11,-0.00
3829,114.55,116.87,112.75,-0.03,-0.06,-0.02
3854,115.10,117.16,112.97,0.04,0.02,0.01
3879,114.50,116.94,113.13,-0.04,-0.01,0.01
3904,115.23,116.59,113.02,0.05,-0.02,-0.01
3929,114.54,117.58,113.09,-0.04,0.06,0.00
3954,115.02,117.24,112.86,0.03,-0.02,-0.01
3979,115.06,116.85,113.02,0.00,-0.03,0.01
4004,114.71,117.28,113.18,-0.02,0.03,0.01
4029,115.01,116.76,113.05,0.02,-0.03,-0.01
4055,114.66,117.32,113.06,-0.02,0.03,0.00
4080,114.96,117.00,112.72,0.02,-0.02,-0.02
4105,114.73,116.80,112.96,-0.02,-0.01,0.02
4130,115.16,117.35,113.33,0.03,0.03,0.02
4155,114.54,116.80,113.15,-0.04,-0.04,-0.01
4180,115.02,117.30,113.02,0.03,0.03,-0.01
4205,114.69,116.78,112.24,-0.02,-0.03,-0.05
4230,115.01,117.31,113.80,0.02,0.03,0.10
4255,114.94,116.82,113.04,-0.00,-0.03,-0.05
4280,114.65,117.25,113.07,-0.02,0.03,0.00
4305,114.87,117.00,113.13,0.01,-0.02,0.00
4330,114.56,116.85,112.84,-0.02,-0.01,-0.02
4355,114.91,117.25,113.01,0.02,0.03,0.01
4380,114.66,117.02,113.33,-0.02,-0.01,0.02
4405,114.91,117.13,113.09,0.02,0.01,-0.02
4430,114.64,116.98,113.22,-0.02,-0.01,0.01
4455,114.93,117.07,113.14,0.02,0.01,-0.00
4481,114.55,116.94,112.85,-0.02,-0.01,-0.02
4506,115.09,117.24,113.30,0.03,0.02,0.03
4531,114.56,116.85,113.13,-0.03,-0.03,-0.01
4556,115.09,116.89,113.24,0.03,0.00,0.01
4581,114.50,117.33,113.07,-0.04,0.03,-0.01
4606,115.18,116.96,112.84,0.04,-0.02,-0.01
4631,114.56,117.07,113.13,-0.04,0.01,0.02
4656,114.95,116.98,113.22,0.03,-0.01,0.01
4681,114.77,117.30,113.29,-0.01,0.02,0.00
4706,114.82,116.80,113.16,0.00,-0.03,-0.01
4731,114.77,117.32,113.24,-0.00,0.03,0.00
4756,115.01,116.80,113.13,0.02,-0.03,-0.01
4781,114.99,116.97,112.87,0.00,0.01,-0.02
4806,114.64,117.14,113.35,-0.02,0.01,0.03
4831,114.99,116.90,113.14,0.02,-0.02,-0.01
4856,114.62,117.14,113.07,-0.02,0.01,-0.00
4881,115.08,116.94,113.22,0.03,-0.01,0.01
4907,114.69,117.16,113.22,-0.02,0.01,0.00
4931,114.93,116.92,112.93,0.02,-0.02,-0.02
4956,114.75,117.31,113.02,-0.01,0.03,0.01
4981,115.00,116.86,113.35,0.02,-0.03,0.02
5006,115.01,117.31,113.11,0.00,0.03,-0.02
5031,114.55,116.79,113.16,-0.03,-0.03,0.00
5056,115.01,117.33,113.23,0.03,0.04,0.00
5081,114.71,116.80,113.13,-0.02,-0.03,-0.01
5106,115.09,117.03,112.81,0.02,0.01,-0.02
5131,114.58,117.07,113.13,-0.03,0.00,0.02
5156,115.00,116.94,113.35,0.03,-0.01,0.01
5181,114.73,117.14,113.13,-0.02,0.01,-0.01
5207,114.93,116.91,113.22,0.01,-0.01,0.01
5232,114.73,117.19,112.86,-0.01,0.02,-0.02
5257,114.90,116.83,113.14,0.01,-0.02,0.02
5282,114.64,117.21,113.27,-0.02,0.02,0.01
5307,114.95,116.96,113.14,0.02,-0.02,-0.01
5332,114.61,116.87,113.24,-0.02,-0.01,0.01
5357,114.90,117.13,113.13,0.02,0.02,-0.01
5382,114.93,116.83,113.14,0.00,-0.02,0.00
5407,114.62,117.35,112.89,-0.02,0.03,-0.02
5432,114.91,116.95,113.16,0.02,-0.03,0.02
5457,114.66,117.21,113.38,-0.02,0.02,0.01
5482,114.95,116.85,113.16,0.02,-0.02,-0.01
5507,114.58,117.31,113.26,-0.02,0.03,0.01
5532,114.39,116.87,113.19,-0.01,-0.03,-0.00
5557,115.29,116.85,112.87,0.06,0.00,-0.02
5582,114.96,117.21,113.16,-0.02,0.02,0.02
5607,114.58,116.83,113.39,-0.02,-0.02,0.02
5633,115.14,117.19,113.18,0.04,0.02,-0.01
5658,114.55,116.92,113.14,-0.04,-0.02,-0.00
5683,114.97,117.20,113.28,0.03,0.02,0.01
5708,114.71,116.87,112.96,-0.02,-0.02,-0.02
5733,114.97,117.27,113.14,0.02,0.03,0.01
5758,115.02,116.84,113.18,0.00,-0.03,0.00
5783,114.77,117.18,113.34,-0.02,0.02,0.01
5808,115.05,116.92,113.13,0.02,-0.02,-0.01
5833,114.71,116.89,113.33,-0.02,-0.00,0.01
5858,115.03,117.11,113.11,0.02,0.01,-0.01
5883,114.55,116.91,112.97,-0.03,-0.01,-0.01
5908,115.05,117.14,113.10,0.03,0.01,0.01
5933,114.73,116.92,112.57,-0.02,-0.01,-0.03
