Áªbªrjú
MotorSpeedMeasurement
1000,0,0,0
1025,0.00,4.72,5.10
1051,0.26,0.54,0.37
1076,34.37,35.50,32.82
1101,51.75,53.03,49.26
1126,60.55,61.81,57.55
1152,63.20,64.03,59.27
1176,64.13,64.54,59.77
1201,64.18,64.37,59.90
1226,64.10,64.13,59.79
1251,64.01,63.80,59.85
1276,63.33,63.38,59.64
1301,63.33,62.64,59.46
1326,62.75,62.21,59.26
1351,62.82,61.78,59.14
1376,62.02,61.56,58.45
1401,61.62,61.00,58.69
1426,60.82,60.23,58.03
1452,60.87,59.91,58.24
1477,59.96,59.43,57.61
1502,59.63,59.12,57.30
1527,59.21,58.43,56.98
1552,58.61,58.36,56.43
1577,58.44,57.61,56.46
1602,57.87,57.44,56.29
1627,57.55,57.09,55.77
1652,57.21,56.78,55.49
1677,56.90,56.14,55.65
1702,56.52,56.07,55.17
1727,55.99,55.65,54.86
1752,55.96,55.71,54.67
1777,55.36,55.20,54.15
1802,55.23,54.90,54.20
1827,54.96,54.70,54.30
1852,54.69,54.23,53.48
1878,54.46,54.23,53.91
1902,54.45,54.14,53.35
1927,53.75,53.60,53.11
1952,53.99,53.76,53.33
1977,53.59,53.37,52.87
2002,53.70,53.13,52.80
2027,53.20,53.47,52.66
2052,53.44,53.00,52.50
2077,52.96,52.86,52.34
2102,52.73,52.56,52.21
2127,52.58,52.61,52.19
2152,52.39,52.40,51.75
2177,52.26,52.31,51.90
2202,51.82,52.27,52.00
2227,52.16,52.26,51.63
2252,52.06,51.72,51.81
2277,52.08,52.13,51.75
2302,51.56,51.99,51.23
2327,51.82,51.92,51.58
2352,51.90,51.40,51.18
2377,51.35,51.67,51.56
2402,51.55,51.33,50.89
2427,51.32,51.63,51.47
2452,51.51,51.15,51.01
2477,51.19,51.55,50.92
2502,51.41,51.12,51.19
2527,51.14,51.34,50.87
2552,51.30,50.92,50.95
2577,50.82,51.29,51.19
2603,50.87,50.89,50.71
2627,51.15,50.84,50.54
2652,50.67,51.09,51.02
2677,50.70,50.86,50.69
2702,50.83,50.71,50.58
2727,51.10,50.66,50.65
2752,50.61,50.91,50.43
2777,50.57,50.66,50.90
2802,50.70,50.61,50.61
2827,50.95,50.47,50.46
2852,50.60,50.63,50.50
2877,50.38,50.54,50.46
2903,50.50,50.90,50.43
2928,50.48,50.55,50.40
2953,50.34,50.39,50.20
2978,50.47,50.45,50.42
3003,50.79,50.41,50.47
3028,50.44,50.30,50.42
3053,50.35,50.47,50.65
3078,50.35,50.42,50.38
3103,50.31,50.38,50.31
3128,50.26,50.56,49.58
3153,50.28,49.90,51.02
3178,50.08,50.76,50.17
3203,50.26,50.38,50.25
3228,50.25,50.31,50.24
3253,50.25,50.27,50.24
3278,50.24,50.18,50.23
3303,50.19,50.25,50.21
3329,50.18,50.39,50.21
3354,50.18,50.24,50.20
3379,50.13,50.09,50.20
3404,50.28,50.27,50.16
3429,50.09,50.15,50.13
3454,50.12,50.17,49.56
3479,50.11,50.19,50.80
3504,50.13,50.07,50.22
3529,50.13,50.32,50.24
3554,50.08,50.22,50.05
3579,50.11,50.15,50.24
3604,50.10,50.13,50.12
3629,50.09,50.18,50.09
3654,49.80,50.12,50.06
3679,50.12,50.11,50.02
3704,50.21,50.13,49.80
3729,50.13,50.20,50.08
3755,50.17,50.17,50.09
3779,50.07,50.13,50.09
3804,50.15,50.08,50.13
3829,50.12,49.79,50.02
3854,50.04,49.82,50.13
3879,50.21,50.41,50.12
3904,49.93,50.18,50.08
3929,50.18,50.07,50.10
3954,50.10,50.17,50.25
3979,50.06,50.09,50.06
4004,50.06,50.06,50.05
4029,50.07,50.07,50.05
4055,50.17,50.06,50.19
4080,50.03,50.16,50.07
4105,49.99,50.06,50.08
4130,49.68,50.03,50.06
4155,50.11,50.15,50.02
4180,50.06,49.99,49.82
4205,50.10,50.01,50.07
4230,49.99,50.00,50.02
4255,50.18,49.67,50.06
4280,50.04,50.05,50.04
4305,49.99,50.18,50.07
4330,50.08,50.06,50.11
4355,49.99,50.01,50.07
4380,50.12,50.04,50.29
4405,49.99,50.04,50.00
4430,49.97,50.17,50.03
4455,49.67,50.01,49.99
4481,50.03,50.03,50.09
4506,50.06,50.17,49.99
4531,50.07,50.04,49.74
4556,50.17,50.03,50.01
4581,50.05,50.06,50.03
4606,50.06,49.80,50.06
4631,50.07,50.06,50.08
4656,50.06,50.03,49.99
4681,50.22,50.06,50.22
4706,49.99,50.07,49.96
4731,49.99,50.09,49.98
4756,49.99,50.03,50.05
4781,49.99,49.98,49.99
4806,49.74,49.98,49.99
4831,50.03,49.97,50.03
4856,50.01,50.09,49.76
4881,49.99,50.03,50.03
4907,50.04,49.70,50.01
4931,49.93,49.99,50.04
4956,49.96,50.08,50.04
4981,50.15,50.23,50.00
5006,50.07,50.03,50.17
5031,50.03,50.03,50.00
5056,50.04,50.00,50.00
5081,50.08,49.95,50.02
5106,49.76,50.11,50.08
5131,50.08,49.97,50.03
5156,49.50,50.09,49.98
5181,50.71,49.95,49.98
5207,50.02,49.95,49.68
5232,50.21,49.67,49.96
5257,50.00,50.09,50.14
5282,49.98,50.06,49.99
5307,49.97,50.07,49.95
5332,50.18,50.03,50.05
5357,50.04,50.08,49.99
5382,50.04,50.01,49.99
5407,50.01,49.94,49.98
5432,50.04,50.09,49.72
5457,49.74,49.91,49.95
5482,50.03,49.89,50.01
5507,50.07,49.97,49.92
5532,50.13,49.72,50.15
5557,50.01,50.06,49.95
5582,50.02,50.05,49.96
5607,50.08,50.02,49.97
5633,50.15,50.15,50.02
5658,50.18,50.02,49.74
5683,49.85,49.99,50.01
5708,50.09,50.03,49.91
5733,49.97,49.98,50.00
5758,49.74,49.42,50.17
5783,49.97,50.30,49.95
5808,50.07,50.05,49.97
5833,50.05,50.24,49.98
5858,50.04,50.08,50.09
5883,50.07,50.02,50.01
5908,50.11,49.97,50.01
5933,50.06,49.99,50.04
