
MotorSpeedMeasurement
1000,0,0,0
1025,19.82,25.67,18.18
1051,11.81,19.62,11.93
1076,36.85,41.10,34.05
1101,53.36,57.18,51.23
1126,66.38,69.45,63.90
1152,75.77,78.62,73.39
1176,83.49,84.51,81.02
1201,87.50,86.54,84.36
1226,87.77,87.37,85.27
1251,87.79,87.81,85.11
1276,87.37,88.00,84.69
1301,87.75,87.64,85.43
1326,87.59,87.86,84.93
1351,87.25,87.07,84.65
1376,86.87,88.63,84.65
1401,87.32,88.06,84.74
1426,87.42,87.76,84.83
1452,87.18,87.64,84.73
1477,87.13,87.73,84.73
1502,87.55,87.91,84.43
1527,87.04,88.05,84.71
1552,87.09,87.69,85.01
1577,87.49,88.04,84.71
1602,86.94,87.89,84.50
1627,87.56,87.69,84.97
1652,87.21,88.00,84.79
1677,86.91,87.93,84.54
1702,87.21,87.66,85.05
1727,87.32,87.87,83.87
1752,87.43,87.89,85.77
1777,87.19,87.50,84.70
1802,87.12,88.05,84.48
1827,86.98,87.63,84.78
1852,87.63,87.93,84.99
1878,87.33,87.67,84.81
1902,87.29,87.96,84.61
1927,87.08,88.03,84.92
1952,87.57,88.09,84.78
1977,86.90,87.89,84.88
2002,87.21,87.68,84.79
2027,87.42,87.92,84.45
2052,87.39,88.03,84.32
2077,87.30,87.74,85.46
2102,86.91,87.89,84.92
2127,87.19,87.77,84.44
2152,87.38,87.89,84.96
2177,87.46,87.99,84.89
2202,87.23,87.73,84.75
2227,86.88,87.94,84.63
2252,87.19,88.04,84.61
2277,87.49,87.33,85.08
2302,87.30,88.41,84.75
2327,87.41,88.01,84.46
2352,86.99,87.98,85.01
2377,87.17,87.64,84.74
2402,87.41,87.87,84.60
2427,87.28,87.75,85.13
2452,87.41,87.80,84.51
2477,86.92,88.09,85.08
2502,87.26,87.70,84.82
2527,87.43,87.91,84.45
2552,87.17,88.13,84.83
2577,87.45,87.59,85.04
2603,87.06,88.13,84.81
2627,87.11,87.96,84.54
2652,87.43,88.03,84.96
2677,87.18,87.70,84.82
2702,87.51,87.86,84.88
2727,87.14,87.70,84.73
2752,87.08,87.89,84.42
2777,87.44,87.84,85.03
2802,87.22,87.70,84.77
2827,87.29,87.81,84.61
2852,87.33,88.17,84.77
2877,87.45,87.61,84.98
2903,87.22,88.00,84.75
2928,87.23,87.82,84.79
2953,86.91,88.00,84.82
2978,87.62,88.08,84.77
3003,87.11,87.65,83.78
3028,87.17,88.09,85.49
3053,87.43,87.80,85.15
3078,87.46,87.87,84.83
3103,87.30,87.80,84.58
3128,86.97,87.86,84.85
3153,87.22,87.75,84.71
3178,87.48,87.93,84.83
3203,87.45,87.99,84.63
3228,87.26,87.74,84.56
3253,86.98,88.04,84.98
3278,87.18,88.16,84.83
3303,87.49,87.58,84.50
3329,87.18,88.13,84.71
3354,87.30,87.64,84.90
3379,87.43,88.03,84.89
3404,87.28,87.59,84.74
3429,87.41,88.05,84.60
3454,87.23,88.13,84.77
3479,86.93,87.86,84.87
3504,87.45,87.68,84.93
3529,87.23,87.98,84.70
3554,87.62,88.03,84.61
3579,87.08,87.64,84.77
3604,87.08,88.07,85.11
3629,87.45,87.77,84.59
3654,87.14,87.71,84.98
3679,87.45,87.90,84.65
3704,87.23,87.64,84.78
3729,87.45,88.08,84.86
3755,87.30,88.19,84.79
3779,86.94,87.84,84.53
3804,87.49,87.68,85.15
3829,87.28,88.06,84.74
3854,87.43,87.91,84.62
3879,87.14,87.74,85.07
3904,87.07,88.02,84.53
3929,87.41,87.93,85.05
3954,87.22,87.68,84.86
3979,87.48,87.87,84.51
4004,87.08,88.11,84.85
4029,87.08,87.64,85.07
4055,87.56,88.19,84.86
4080,87.26,87.67,84.81
4105,86.94,88.09,84.88
4130,87.28,87.75,84.83
4155,87.41,87.93,84.47
4180,87.25,88.05,84.78
4205,87.56,87.46,85.10
4230,87.01,87.95,84.68
4255,87.56,88.04,85.05
4280,86.99,87.86,84.72
4305,87.18,87.67,84.61
4330,87.52,87.95,85.17
4355,87.11,87.94,84.47
4380,87.57,87.75,84.94
4405,87.07,87.93,84.96
4430,87.18,87.79,84.75
4455,87.42,88.00,84.85
4481,87.29,88.22,84.79
4506,87.15,87.75,84.73
4531,87.42,87.74,84.68
4556,87.30,87.78,84.60
4581,87.39,87.93,85.17
4606,87.19,88.11,84.72
4631,86.94,87.28,84.89
4656,87.41,88.35,84.69
4681,87.33,88.13,84.77
4706,87.46,87.94,84.88
4731,87.26,87.67,84.83
4756,86.94,87.91,84.43
4781,87.41,87.98,85.08
4806,87.30,87.74,84.79
4831,87.48,87.86,84.56
4856,87.08,87.64,84.78
4881,87.45,87.89,84.98
4907,87.34,87.87,84.82
4931,86.95,87.79,84.86
4956,87.56,87.94,84.61
4981,87.13,88.02,84.65
5006,87.50,87.60,85.10
5031,87.34,88.12,84.68
5056,87.01,88.00,84.62
5081,87.42,88.02,85.05
5106,87.28,87.68,84.79
5131,87.43,87.86,84.92
5156,87.21,87.73,84.78
5181,87.12,87.99,84.46
5207,87.60,87.56,84.71
5232,87.32,88.17,84.90
5257,86.94,88.02,84.94
5282,87.60,87.67,84.77
5307,87.01,87.89,84.58
5332,87.32,87.78,84.73
5357,87.43,87.93,84.94
5382,87.56,87.97,84.85
5407,87.29,88.08,84.71
5432,86.95,87.69,84.58
5457,87.17,87.30,84.63
5482,87.55,88.62,84.89
5507,87.53,87.87,84.41
5532,87.17,87.64,84.75
5557,87.15,87.92,85.10
5582,87.18,87.66,84.77
5607,87.38,87.91,84.45
5633,87.25,87.78,84.74
5658,87.34,88.09,84.89
5683,87.42,87.56,84.93
5708,87.15,88.19,84.73
5733,87.61,87.94,84.61
5758,87.10,87.71,84.99
5783,87.38,87.99,84.61
5808,87.16,87.96,84.89
5833,87.17,87.70,84.71
5858,87.45,87.84,84.50
5883,87.23,88.11,84.75
5908,87.48,87.66,85.05
5933,86.97,87.87,84.62
