
MotorSpeedMeasurement
1000,0,0,0
1025,18.65,24.02,17.70
1051,12.65,18.65,8.85
1076,35.88,40.37,33.21
1101,52.98,56.42,50.55
1126,66.28,69.04,63.14
1152,76.13,78.88,73.00
1176,83.96,84.10,80.76
1201,87.42,86.34,84.26
1226,86.64,86.00,84.61
1251,85.33,85.04,83.76
1276,83.99,84.04,83.33
1301,84.09,84.35,82.42
1326,83.86,84.03,82.66
1351,83.62,84.36,82.54
1376,84.44,84.19,82.73
1401,84.23,84.51,82.57
1426,83.98,84.15,82.78
1452,83.73,84.54,82.68
1477,84.11,84.48,82.49
1502,84.58,84.50,82.88
1527,83.88,83.99,82.63
1552,84.25,84.47,82.36
1577,83.76,84.33,82.72
1602,84.06,83.54,82.92
1627,84.47,84.98,82.82
1652,84.12,84.71,82.52
1677,83.95,84.42,82.76
1702,83.68,83.94,82.64
1727,84.43,84.39,82.35
1752,84.00,84.30,82.96
1777,84.27,84.29,82.62
1802,83.95,84.21,82.88
1827,84.18,84.40,82.72
1852,83.95,84.60,82.70
1878,84.26,83.97,82.64
1902,83.92,84.46,82.43
1927,83.97,84.26,82.70
1952,84.26,84.26,82.75
1977,84.01,84.26,82.96
2002,84.17,84.37,82.72
2027,83.95,84.72,82.59
2052,84.34,84.19,82.43
2077,83.84,84.34,82.94
2102,84.27,84.09,82.39
2127,83.80,84.48,82.83
2152,84.34,84.34,82.92
2177,84.12,84.54,82.80
2202,84.00,84.36,82.53
2227,83.94,84.11,82.78
2252,83.80,84.40,82.68
2277,84.34,84.13,82.43
2302,84.31,84.59,82.97
2327,83.97,84.26,82.43
2352,83.89,84.36,82.94
2377,84.23,84.47,82.75
2402,83.87,84.21,82.65
2427,84.25,84.36,82.66
2452,83.95,84.09,82.76
2477,83.88,84.61,82.42
2502,84.34,84.01,82.87
2527,84.07,84.73,82.80
2552,84.19,84.32,82.69
2577,84.02,84.12,82.86
2603,84.09,84.24,82.73
2627,83.89,84.23,82.68
2652,84.42,84.64,82.35
2677,83.76,84.09,82.92
2702,84.33,84.68,82.46
2727,83.87,84.26,82.85
2752,84.36,84.12,82.70
2777,83.87,84.23,82.96
2802,84.14,84.38,82.68
2827,83.95,84.67,82.76
2852,84.23,84.40,82.59
2877,84.09,84.17,82.29
2903,84.00,84.20,83.02
2928,83.78,84.02,82.77
2953,84.38,84.62,82.36
2978,83.84,84.55,82.80
3003,84.36,84.04,82.76
3028,83.80,84.50,82.76
3053,83.96,84.25,82.94
3078,84.27,84.56,82.76
3103,84.29,83.98,82.62
3128,84.01,84.61,82.25
3153,83.93,84.33,82.97
3178,83.99,84.15,82.57
3203,83.97,84.58,82.90
3228,84.29,84.15,82.56
3253,83.91,84.45,83.00
3278,84.23,84.00,82.57
3303,83.93,84.57,82.74
3329,84.18,84.54,82.68
3354,83.79,84.21,82.56
3379,84.37,84.18,82.80
3404,84.20,84.40,82.69
3429,83.95,84.22,82.46
3454,83.67,84.40,82.94
3479,84.39,84.21,82.47
3504,84.03,84.60,82.92
3529,84.15,84.29,82.79
3554,83.97,84.19,82.65
3579,84.25,84.40,82.68
3604,83.89,84.10,82.78
3629,83.92,84.22,82.35
3654,84.25,84.85,82.76
3679,83.97,84.25,82.17
3704,84.29,84.35,83.49
3729,84.00,84.17,82.77
3755,84.15,83.75,82.94
3779,83.89,84.97,82.05
3804,83.97,84.75,83.41
3829,84.13,83.89,82.77
3854,84.41,84.45,82.26
3879,83.85,84.36,82.68
3904,83.80,84.12,82.66
3929,84.31,84.17,83.08
3954,83.80,84.42,82.56
3979,84.40,84.56,82.73
4004,83.81,83.97,82.58
4029,84.28,84.53,82.78
4055,83.82,84.48,82.72
4080,84.17,83.89,82.68
4105,83.97,84.62,82.38
4130,84.21,84.36,83.04
4155,83.95,84.17,82.43
4180,84.11,84.34,82.70
4205,83.95,84.25,82.77
4230,84.38,84.57,82.97
4255,83.80,84.08,82.68
4280,84.32,84.48,82.73
4305,83.76,84.43,82.59
4330,84.35,84.08,82.31
4355,83.97,84.15,82.94
4380,84.17,84.45,82.58
4405,84.02,84.64,82.89
4430,83.99,84.00,82.68
4455,84.12,84.42,82.68
4481,84.00,84.38,82.57
4506,83.78,84.05,82.63
4531,84.42,84.41,82.82
4556,83.83,84.51,82.59
4581,84.11,84.19,82.43
4606,84.18,84.24,83.09
4631,84.39,84.19,82.50
4656,84.02,84.65,82.84
4681,83.54,84.05,82.68
4706,84.37,84.50,82.78
4731,83.83,84.30,82.57
4756,84.41,84.18,82.43
4781,83.89,84.11,82.93
4806,84.21,84.36,82.58
4831,83.85,84.65,82.96
4856,84.18,84.16,82.72
4881,83.91,84.39,82.60
4907,84.18,84.25,82.64
4931,83.93,84.21,82.77
4956,84.08,84.26,82.32
4981,84.11,84.33,82.76
5006,84.10,84.41,82.87
5031,84.06,84.41,82.56
5056,83.99,84.61,82.90
5081,84.32,83.94,82.73
5106,83.79,84.39,82.67
5131,84.02,84.18,82.33
5156,84.18,84.30,82.33
5181,83.91,84.61,83.13
5207,84.19,84.16,82.90
5232,84.22,84.26,82.90
5257,83.87,84.51,81.58
5282,84.18,84.01,83.30
5307,83.87,84.62,83.23
5332,84.19,84.30,82.51
5357,83.97,84.12,82.87
5382,83.95,84.18,82.59
5407,84.19,84.36,82.57
5432,84.02,84.19,82.38
5457,84.19,84.56,82.81
5482,83.96,84.64,82.78
5507,84.39,84.06,82.90
5532,83.76,84.21,82.69
5557,84.30,84.25,82.72
5582,83.84,84.41,82.62
5607,84.25,84.62,82.38
5633,83.75,84.05,82.40
5658,84.25,84.33,83.49
5683,83.96,84.58,82.55
5708,84.22,84.01,82.85
5733,83.97,84.54,82.31
5758,84.21,84.33,82.74
5783,83.97,84.14,82.74
5808,84.25,84.17,82.94
5833,83.73,84.46,82.68
5858,84.01,84.60,82.66
5883,84.12,84.00,82.72
5908,84.39,84.41,82.45
5933,83.99,84.35,82.85
