
MotorSpeedMeasurement
1000,0,0,0
1026,5.78,5.69,4.28
1051,0.53,0.46,0.38
1076,35.31,35.26,32.78
1101,50.04,50.89,48.52
1126,57.52,58.76,57.31
1152,60.84,61.25,58.81
1176,62.15,62.45,59.49
1201,62.57,62.76,59.55
1226,63.36,63.06,59.54
1251,63.05,62.85,59.52
1276,63.55,62.91,59.48
1301,62.89,62.60,59.29
1326,63.14,62.22,59.25
1351,62.47,61.95,58.75
1376,62.26,61.72,58.89
1401,61.79,61.22,58.65
1426,61.56,60.73,58.15
1452,61.15,60.55,57.89
1477,60.41,59.77,58.01
1502,60.02,59.66,57.45
1527,59.67,59.12,57.10
1552,59.34,58.38,56.86
1577,58.87,58.49,56.30
1602,58.30,57.82,56.46
1627,58.31,57.45,55.87
1652,57.46,57.13,56.06
1677,57.22,56.91,55.45
1702,57.00,56.61,55.11
1727,56.18,55.96,55.05
1752,56.30,56.07,54.90
1777,55.75,55.46,54.63
1802,55.71,55.27,54.52
1827,55.12,55.08,54.22
1852,54.88,54.83,53.56
1878,54.64,54.56,54.00
1902,54.12,54.48,53.26
1927,54.26,53.76,53.70
1952,54.32,54.13,52.55
1977,53.56,53.90,53.67
2002,53.89,53.39,52.76
2027,53.15,53.28,52.76
2052,53.13,53.43,52.74
2077,53.35,53.00,52.47
2102,52.76,52.71,52.32
2127,52.88,52.68,52.41
2152,52.72,52.54,52.10
2177,52.48,52.41,52.05
2202,52.57,52.31,51.62
2227,52.37,52.21,51.96
2252,52.32,51.76,51.74
2277,52.30,52.16,51.50
2302,51.69,52.07,51.68
2327,51.78,51.93,51.58
2352,51.84,51.45,51.26
2377,51.48,51.93,51.12
2402,51.67,51.69,51.37
2427,51.30,51.32,50.97
2452,51.46,51.62,51.43
2477,51.41,51.14,50.83
2502,50.99,51.50,51.07
2527,50.92,51.06,51.14
2552,51.26,51.05,50.94
2577,50.80,51.39,50.75
2603,50.82,50.94,51.03
2627,51.14,51.15,50.67
2652,50.71,50.87,50.47
2677,50.81,50.75,50.65
2702,50.68,51.10,51.00
2727,51.00,50.74,50.63
2752,50.68,50.61,50.49
2777,50.45,50.74,50.55
2802,50.58,50.93,50.34
2827,50.52,50.69,50.56
2852,50.48,50.48,50.48
2877,50.82,50.57,50.70
2903,50.46,50.45,50.40
2928,50.43,50.50,50.36
2953,50.25,50.39,50.26
2978,50.59,50.52,50.44
3003,50.26,50.90,50.24
3028,50.40,50.45,50.35
3053,50.29,50.21,50.37
3078,50.32,50.39,50.34
3103,50.37,50.37,50.30
3128,50.35,50.24,50.08
3153,50.34,50.38,50.47
3178,50.31,50.38,50.04
3203,50.59,50.32,50.22
3228,50.26,50.34,50.25
3253,50.18,50.20,50.26
3278,50.23,50.35,50.26
3303,50.20,50.61,50.24
3329,50.19,49.98,50.23
3354,49.86,50.20,50.23
3379,50.19,50.51,50.22
3404,50.20,49.98,50.36
3429,50.22,50.05,49.96
3454,50.20,50.24,50.13
3479,50.20,49.63,50.35
3504,50.20,51.30,50.12
3529,50.22,50.30,50.13
3554,49.89,50.20,49.98
3579,50.49,50.12,50.30
3604,50.18,50.06,50.14
3629,50.05,50.13,50.12
3654,50.05,49.76,50.09
3679,50.06,50.13,50.05
3704,50.03,50.19,50.05
3729,50.08,50.22,50.07
3755,50.15,50.27,50.13
3779,50.06,49.96,50.07
3804,50.08,50.17,50.08
3829,50.05,50.15,50.06
3854,50.03,50.06,50.04
3879,50.20,50.03,49.82
3904,49.99,50.13,50.04
3929,50.00,50.03,50.08
3954,49.96,50.02,50.03
3979,49.68,49.99,50.03
4004,50.06,50.09,50.04
4029,50.12,50.21,50.07
4055,50.08,50.06,50.21
4080,50.08,49.67,50.05
4105,50.13,50.48,50.04
4130,50.21,49.76,50.10
4155,50.06,50.07,50.00
4180,50.05,50.24,49.78
4205,50.03,50.06,50.20
4230,50.04,50.04,49.77
4255,50.19,50.08,49.91
4280,50.03,50.04,50.05
4305,50.00,50.21,50.26
4330,50.01,50.04,50.05
4355,49.95,50.02,49.85
4380,49.75,50.05,50.25
4405,49.89,50.08,50.03
4430,49.99,50.03,50.03
4455,50.04,50.05,50.01
4481,50.11,50.19,50.08
4506,50.02,50.01,50.01
4531,50.03,49.81,49.81
4556,50.13,50.04,49.98
4581,50.01,50.05,50.10
4606,49.74,50.07,50.07
4631,50.00,50.08,50.02
4656,50.07,49.96,50.07
4681,50.10,50.13,50.24
4706,50.07,50.03,50.01
4731,50.06,49.99,49.99
4756,50.11,49.95,49.97
4781,50.06,49.41,50.00
4806,50.12,50.75,50.13
4831,50.02,50.11,50.02
4856,49.98,50.03,50.00
4881,50.01,50.01,50.03
4907,50.12,49.80,49.71
4931,49.99,49.98,50.01
4956,49.97,50.04,50.01
4981,49.71,50.03,50.22
5006,50.05,50.08,49.99
5031,50.08,49.95,49.96
5056,50.11,49.97,50.03
5081,50.09,50.01,49.96
5106,50.09,50.08,50.12
5131,50.07,49.96,50.03
5156,49.50,50.00,49.96
5181,50.72,49.70,49.98
5207,50.14,50.11,49.74
5232,50.05,50.03,49.92
5257,50.01,50.01,49.98
5282,50.17,50.12,50.19
5307,50.01,50.04,49.97
5332,50.00,50.00,50.12
5357,49.71,49.99,49.97
5382,50.04,50.04,49.99
5407,50.02,50.11,49.98
5432,50.04,49.99,49.96
5457,50.02,49.96,49.73
5482,49.99,49.61,50.00
5507,50.13,50.06,49.89
5532,49.99,50.18,49.99
5557,49.96,50.05,50.22
5582,50.13,50.04,50.01
5607,49.99,49.99,49.99
5633,49.96,50.17,50.09
5658,49.69,50.00,50.00
5683,50.06,50.07,50.04
5708,50.02,49.96,49.75
5733,50.05,49.97,50.01
5758,50.06,49.78,49.98
5783,50.05,50.07,49.98
5808,50.04,50.06,50.02
5833,50.03,50.05,50.13
5858,50.11,50.02,50.02
5883,50.18,50.04,49.98
5908,50.03,50.07,49.36
5933,50.04,49.93,50.64
