bÂrªb²Â
MotorSpeedMeasurement
1000,0,0,0
1025,17.41,17.78,15.90
1051,3.00,11.65,2.70
1076,34.61,36.19,32.79
1101,52.23,54.11,49.73
1126,65.26,67.20,62.74
1152,75.35,77.66,72.71
1176,82.81,85.50,80.52
1201,85.07,74.22,83.86
1226,72.13,62.53,77.99
1251,62.32,74.82,75.78
1276,73.63,83.05,82.18
1301,82.80,83.81,84.58
1326,85.54,76.24,77.13
1351,68.93,73.76,66.69
1376,55.54,81.46,75.05
1401,69.98,85.05,81.49
1426,79.53,72.37,84.80
1452,84.89,64.15,74.15
1477,72.49,75.57,63.31
1502,63.90,83.53,73.02
1527,75.05,82.41,80.71
1552,84.66,77.37,84.24
1577,75.90,81.05,80.51
1602,69.03,85.98,68.98
1627,77.98,67.44,72.02
1652,82.85,54.01,78.21
1677,83.96,69.02,84.04
1702,76.17,80.79,84.47
1727,73.57,87.11,69.49
1752,80.10,67.93,59.04
1777,83.56,54.80,68.40
1802,79.39,69.75,77.76
1827,76.94,80.69,84.17
1852,84.86,85.82,83.82
1878,74.56,67.75,66.63
1902,66.02,54.33,66.49
1927,75.76,68.38,74.69
1952,82.75,78.89,82.06
1977,85.69,87.64,84.20
2002,68.47,72.37,76.52
2027,55.32,57.73,71.79
2052,68.46,70.37,78.20
2077,77.25,81.06,84.35
2102,86.48,85.48,82.99
2127,69.29,69.68,67.12
2152,54.15,58.78,69.33
2177,67.04,70.88,77.32
2202,77.27,81.29,83.19
2227,84.82,85.87,84.01
2252,75.34,67.57,77.25
2277,66.93,53.93,73.05
2302,76.68,68.29,79.78
2327,83.88,79.35,83.61
2352,79.68,88.01,80.49
2377,74.54,71.65,75.68
2402,79.04,56.26,78.67
2427,85.46,70.58,84.33
2452,72.15,80.80,81.99
2477,60.26,85.57,70.40
2502,72.51,69.03,71.94
2527,79.43,57.30,78.76
2552,85.09,71.43,84.55
2577,72.86,81.27,81.04
2603,63.60,85.56,66.47
2627,75.11,69.31,70.17
2652,81.39,57.77,76.93
2677,84.66,71.96,83.55
2702,73.89,82.93,82.96
2727,68.12,83.85,78.18
2752,79.02,76.48,79.72
2777,86.37,74.08,83.82
2802,69.06,82.44,79.99
2827,54.17,84.26,74.13
2852,68.94,75.70,78.51
2877,78.82,70.93,84.78
2903,86.09,81.28,79.62
2928,67.69,85.09,62.00
2953,52.08,71.90,67.81
2978,65.83,63.50,76.03
3003,76.02,75.16,82.11
3028,84.21,84.59,84.59
3053,79.13,79.88,77.51
3078,74.71,70.85,67.15
3103,82.80,78.74,76.92
3128,85.50,86.66,83.85
3153,68.76,71.18,82.04
3178,57.54,56.94,74.59
3203,70.41,70.52,76.88
3228,79.57,80.57,82.96
3253,84.94,86.29,85.11
3278,74.33,68.32,70.65
3303,64.85,53.75,61.41
3329,74.98,68.36,70.94
3354,82.65,78.70,79.26
3379,85.52,88.43,85.77
3404,69.56,72.84,71.82
3429,58.57,58.48,58.01
3454,70.07,71.28,69.54
3479,79.72,81.17,77.52
3504,84.67,86.10,84.94
3529,75.64,66.69,75.48
3554,68.31,52.91,64.44
3579,77.28,67.63,74.17
3604,84.33,79.20,81.22
3629,77.99,87.16,83.43
3654,71.47,71.06,81.33
3679,79.07,56.37,77.52
3704,86.23,70.75,80.07
3729,69.63,79.70,83.26
3755,55.28,84.28,80.06
3779,70.49,76.44,77.79
3804,79.75,72.11,81.99
3829,85.26,82.93,83.88
3854,71.61,86.07,80.68
3879,59.31,64.86,72.93
3904,70.21,50.42,75.90
3929,78.63,66.05,81.76
3954,85.59,78.05,84.23
3979,72.43,86.35,80.58
4004,58.17,69.04,68.23
4029,68.91,54.32,71.92
4055,78.13,68.71,79.30
4080,85.14,79.83,85.15
4105,73.93,85.44,77.93
4130,63.33,69.74,61.87
4155,72.60,58.90,71.14
4180,81.43,71.72,78.86
4205,84.45,82.53,85.40
4230,74.74,85.44,74.41
4255,69.27,70.26,59.42
4280,76.96,58.49,69.77
4305,84.02,72.24,78.21
4330,79.82,82.05,84.55
4355,74.64,86.46,82.15
4380,79.35,65.98,64.73
4405,84.72,51.79,68.75
4430,74.39,66.85,76.99
4455,67.52,77.90,83.05
4481,78.04,86.50,84.23
4506,84.75,70.10,78.68
4531,75.50,54.81,69.64
4556,68.53,69.07,77.53
4581,78.29,79.79,84.08
4606,86.33,85.69,82.85
4631,70.89,71.50,70.85
4656,56.22,59.12,73.22
4681,69.63,71.75,79.95
4706,79.21,82.31,83.65
4731,86.41,85.76,79.04
4756,72.48,71.25,75.62
4781,56.93,58.89,78.64
4806,71.04,71.64,84.00
4831,80.32,82.32,83.00
4856,85.38,85.77,72.77
4881,71.87,69.89,72.29
4907,61.05,57.86,77.59
4931,72.52,70.85,83.27
4956,81.65,81.80,83.50
4981,85.72,85.77,77.89
5006,69.23,69.35,75.22
5031,57.18,57.45,79.52
5056,69.91,71.03,83.38
5081,79.91,81.46,80.75
5106,85.42,86.56,77.91
5131,71.79,68.24,78.70
5156,61.11,55.15,81.84
5181,72.54,69.50,83.66
5207,82.21,80.72,78.88
5232,85.84,86.42,78.71
5257,69.40,69.06,82.74
5282,57.07,56.56,81.81
5307,70.25,70.57,80.76
5332,80.36,81.67,80.00
5357,85.79,85.90,81.01
5382,69.56,69.09,81.43
5407,57.09,56.75,80.29
5432,70.58,70.81,80.56
5457,80.11,81.32,80.84
5482,85.86,86.07,81.62
5507,69.57,68.68,80.55
5532,56.98,55.50,80.33
5557,70.14,70.41,80.58
5582,80.16,80.88,81.38
5607,85.68,86.08,81.21
5633,69.61,68.16,80.27
5658,57.17,54.39,79.88
5683,70.04,69.10,80.94
5708,80.24,80.17,81.44
5733,85.59,86.13,81.49
5758,70.40,68.77,80.06
5783,57.94,54.70,80.18
5808,70.87,69.10,80.81
5833,80.37,80.26,81.43
5858,85.68,86.28,81.09
5883,69.11,68.73,80.17
5908,56.83,54.80,79.77
5933,69.66,69.20,80.79
