
MotorSpeedMeasurement
1000,0,0,0
1025,0.00,0.00,0.00
1050,0.00,0.04,-0.01
1075,4.38,4.48,2.36
1100,6.93,6.98,4.32
1125,8.21,8.44,5.03
1150,8.77,8.45,6.18
1175,8.47,9.01,6.52
1200,9.00,9.20,6.39
1225,9.10,9.27,7.03
1250,9.31,9.26,7.15
1275,9.15,9.34,7.57
1300,9.21,9.49,7.35
1325,9.27,9.39,7.39
1351,9.21,9.46,7.34
1376,8.99,9.50,7.55
1400,9.65,9.41,8.04
1425,9.03,9.48,7.67
1451,9.67,9.62,7.55
1476,9.37,9.74,8.06
1501,9.29,9.51,7.67
1526,9.31,9.48,7.60
1551,9.27,9.44,8.05
1576,9.31,9.52,7.74
1601,9.35,9.50,7.58
1627,8.94,9.44,8.05
1651,9.38,9.46,7.74
1676,9.37,9.48,7.58
1701,9.34,9.61,8.13
1727,9.36,9.53,7.73
1751,9.29,9.51,7.62
1776,9.26,9.44,8.15
1802,9.33,9.49,7.71
1826,9.31,9.46,7.71
1852,9.25,9.61,8.09
1878,9.34,9.71,7.71
1901,9.30,9.49,7.70
1927,9.47,9.57,8.17
1951,9.22,9.47,7.71
1976,9.36,9.53,7.70
2001,9.17,9.43,8.01
2027,9.46,9.55,7.63
2051,9.30,9.56,7.87
2076,9.31,9.49,8.03
2102,9.28,9.55,7.61
2127,9.38,9.42,8.07
2151,9.36,9.49,7.75
2176,9.29,9.55,7.76
2201,9.34,9.60,7.61
2227,9.50,9.46,8.13
2251,9.09,9.49,7.53
2277,9.46,9.91,7.87
2301,9.30,9.50,8.04
2326,9.25,9.56,7.66
2352,9.32,9.46,7.86
2377,9.29,9.43,8.00
2402,9.25,9.65,7.62
2426,9.30,9.35,8.16
2452,8.95,9.58,7.67
2477,9.36,9.49,7.59
2501,9.35,9.53,8.17
2527,9.31,9.47,7.66
2552,9.29,9.52,7.54
2576,9.37,9.48,8.15
2601,9.19,9.48,7.68
2626,9.25,9.48,7.58
2652,9.28,9.61,7.93
2676,9.23,9.92,7.95
2701,9.43,9.47,7.59
2726,9.16,9.48,8.15
2751,9.39,9.47,7.72
2776,9.26,9.44,7.79
2801,9.20,9.46,7.92
2827,9.41,9.48,7.75
2851,9.08,9.61,7.60
2876,9.37,9.54,8.14
2902,9.23,9.42,7.71
2927,9.20,9.61,7.58
2953,9.17,9.56,8.09
2977,9.24,9.73,7.77
3002,8.89,9.58,7.61
3027,9.59,9.43,8.06
3052,9.00,9.46,7.76
3077,9.28,9.57,7.60
3102,9.24,9.37,8.14
3128,9.31,9.59,7.73
3153,9.28,9.49,7.66
3177,9.30,9.54,8.11
3203,9.36,9.56,7.71
3228,9.22,9.43,7.72
3252,9.42,9.47,8.12
3277,9.19,9.61,7.55
3302,9.21,9.53,7.93
3328,9.23,9.77,8.04
3354,9.19,9.54,7.62
3378,9.26,9.47,8.18
3403,9.23,9.44,7.74
3429,9.35,9.51,7.57
3453,9.21,9.61,8.14
3478,9.23,9.61,7.73
3504,8.82,9.51,7.61
3528,9.58,9.46,8.12
3553,8.96,9.64,7.81
3579,9.24,9.43,7.66
3603,9.29,9.66,8.11
3628,9.33,9.96,7.78
3653,9.23,9.53,7.69
3678,9.25,9.58,8.08
3704,9.24,9.36,7.53
3728,9.37,9.58,7.93
3753,9.23,9.51,7.99
3778,9.15,9.51,7.64
3804,9.36,9.60,7.96
3828,9.21,9.39,7.97
3854,9.09,9.47,7.59
3879,9.11,9.64,8.15
3903,8.78,9.55,7.72
3928,9.14,9.51,7.78
3954,9.06,9.87,7.90
3979,9.16,9.54,7.74
4003,9.04,9.57,7.61
4028,9.24,9.58,8.18
4054,9.09,9.43,7.76
4079,9.08,9.49,7.66
4104,9.16,9.55,8.10
4130,9.15,9.52,7.79
4155,8.89,9.62,7.64
4180,9.21,9.35,7.96
4204,9.25,9.61,7.85
4230,9.27,9.93,7.66
4255,9.32,9.50,8.06
4279,9.32,9.52,7.73
4305,9.25,9.51,7.68
4330,9.14,9.46,8.14
4354,9.32,9.60,7.73
4379,9.06,9.40,7.74
4404,9.35,9.61,8.12
4430,9.16,9.46,7.56
4454,9.17,9.48,8.20
4480,9.14,9.64,7.74
4505,9.18,9.82,7.57
4531,8.90,9.52,8.18
4555,9.19,9.60,7.76
4581,9.33,9.49,7.58
4605,9.32,9.47,8.12
4630,9.15,9.55,7.72
4656,9.35,9.56,7.62
4681,9.12,9.49,8.13
4705,9.16,9.56,7.82
4730,9.20,9.51,7.68
4755,9.38,9.63,8.14
4780,9.17,9.52,7.80
4805,9.16,9.42,7.96
4830,8.81,9.53,7.70
4855,9.22,9.87,7.60
4880,9.25,9.54,8.21
4905,9.22,9.53,7.73
4931,9.32,9.47,7.63
4955,9.32,9.54,8.21
4980,9.15,9.35,7.74
5005,9.36,9.53,7.58
5031,9.13,9.54,8.17
5055,9.14,9.43,7.73
5080,9.32,9.54,7.58
5105,9.13,9.42,8.19
5130,9.09,9.45,7.78
5156,9.12,9.61,7.65
5181,8.82,9.57,8.15
5207,9.12,9.75,7.57
5232,9.24,9.60,8.13
5256,9.21,9.47,7.69
5281,9.24,9.45,7.61
5306,9.29,9.52,8.20
5331,9.17,9.54,7.72
5356,9.39,9.60,7.63
5381,9.14,9.48,8.22
5406,9.16,9.40,7.72
5431,9.35,9.64,7.59
5456,9.16,9.54,8.20
5481,9.10,9.44,7.72
5507,8.83,9.56,7.63
5531,9.17,9.90,8.22
5556,9.27,9.55,7.77
5582,9.29,9.54,7.67
5607,9.27,9.49,8.14
5632,9.27,9.44,7.60
5658,9.32,9.51,8.08
5682,9.18,9.59,7.77
5707,9.18,9.44,7.60
5732,9.36,9.51,8.15
5757,9.17,9.45,7.72
5783,9.16,9.54,7.60
5808,9.33,9.58,8.14
5832,9.12,9.93,7.71
5857,9.12,9.51,7.63
5883,9.10,9.39,8.21
5907,8.85,9.50,7.74
5932,9.21,9.43,7.66
