B3.78,101.89,
MotorSpeedMeasurement
1000,0,0,0
1025,28.99,32.45,26.58
1051,21.04,24.40,18.84
1076,41.46,44.59,38.49
1101,57.22,59.78,53.78
1126,69.05,71.44,65.87
1152,77.88,80.27,75.11
1176,85.04,87.41,81.58
1201,90.09,92.34,87.28
1226,93.64,96.49,91.48
1251,98.34,100.00,94.82
1276,99.75,102.17,97.14
1301,102.17,103.75,99.77
1326,102.62,102.79,101.45
1351,102.28,101.77,101.74
1376,101.04,101.51,100.97
1401,101.44,101.33,100.50
1426,101.34,102.04,100.27
1452,101.55,102.22,100.12
1477,101.53,101.60,100.78
1502,101.13,101.98,100.80
1527,101.79,101.60,100.74
1552,101.28,101.86,100.76
1577,101.79,102.01,100.07
1602,101.23,101.58,101.03
1627,101.73,101.89,101.05
1652,101.34,101.73,100.88
1677,101.56,101.91,100.50
1702,101.44,101.61,100.47
1727,101.68,101.89,99.93
1752,101.28,102.04,101.08
1777,101.73,101.55,101.41
1802,101.34,101.81,100.67
1827,101.65,102.11,100.49
1852,101.28,101.53,100.28
1878,100.81,101.82,100.18
1902,102.39,101.79,100.40
1927,101.99,101.84,100.59
1952,101.22,102.09,100.39
1977,101.36,101.40,100.30
2002,101.36,102.04,100.17
2027,100.72,102.04,100.32
2052,102.44,101.51,100.33
2077,101.98,101.88,100.69
2102,101.21,101.58,100.32
2127,101.12,102.08,100.20
2152,101.78,101.92,100.27
2177,101.33,101.56,100.36
2202,101.85,101.98,100.42
2227,101.21,101.87,100.15
2252,101.79,101.69,100.38
2277,101.26,101.81,100.52
2302,101.80,101.54,100.56
2327,101.29,101.94,100.16
2352,101.74,101.94,100.50
2377,101.22,101.68,100.40
2402,101.79,101.86,100.36
2427,101.30,101.58,100.17
2452,101.68,101.92,100.28
2477,101.21,101.99,100.47
2502,101.77,101.60,100.48
2527,101.29,101.93,100.23
2552,101.76,101.61,100.21
2577,101.29,101.96,100.43
2603,101.38,101.71,100.49
2627,101.61,101.74,100.23
2652,101.66,102.01,100.35
2677,101.45,101.71,100.09
2702,101.10,101.91,100.88
2727,101.79,101.80,101.10
2752,101.48,101.48,100.55
2777,101.69,101.89,100.41
2802,101.33,101.28,100.30
2827,101.59,102.74,100.17
2852,101.41,102.04,100.53
2877,101.59,101.31,100.42
2903,101.42,101.69,100.59
2928,101.44,101.81,100.25
2953,101.66,101.86,100.18
2978,101.44,101.87,100.50
3003,101.69,101.91,100.50
3028,101.35,101.93,100.41
3053,101.61,101.53,100.25
3078,101.66,101.81,100.23
3103,101.41,101.68,100.48
3128,101.12,102.06,100.31
3153,101.84,102.03,100.32
3178,101.34,101.44,100.27
3203,101.63,101.79,100.10
3228,101.41,102.01,100.79
3253,101.71,101.58,100.96
3278,101.42,102.08,100.96
3303,101.63,101.54,100.84
3329,101.39,102.01,99.99
3354,101.74,101.77,101.04
3379,101.23,101.89,101.71
3404,101.44,101.93,100.79
3429,101.81,101.53,100.38
3454,101.79,101.93,100.53
3479,101.26,101.51,100.10
3504,101.63,102.06,100.23
3529,101.30,101.99,100.79
3554,101.71,101.96,101.49
3579,101.44,101.49,100.62
3604,101.31,101.49,100.18
3629,101.82,102.11,100.27
3654,101.46,102.06,100.46
3679,101.66,102.02,100.35
3704,101.36,101.52,100.41
3729,101.59,101.77,100.17
3755,101.39,101.61,100.06
3779,101.74,101.92,101.38
3804,101.15,101.91,101.29
3829,101.84,101.71,100.87
3854,101.31,101.87,100.68
3879,101.82,101.65,99.92
3904,101.31,101.74,101.11
3929,101.56,101.78,101.34
3954,101.36,101.96,100.62
3979,101.69,101.92,100.50
4004,101.50,101.46,100.21
4029,101.81,101.94,100.25
4055,101.19,101.74,100.49
4080,101.50,102.11,100.75
4105,101.59,101.79,100.06
4130,101.87,101.45,100.76
4155,101.34,101.94,101.53
4180,101.35,101.71,100.88
4205,101.76,101.87,100.23
4230,101.69,102.01,100.32
4255,101.33,101.60,100.42
4280,101.54,101.84,100.10
4305,101.45,101.50,100.61
4330,101.41,102.04,101.07
4355,101.78,101.96,100.57
4380,101.46,101.68,100.47
4405,101.68,101.77,100.28
4430,101.39,101.61,100.43
4455,101.58,101.99,100.14
4481,101.44,101.95,100.44
4506,101.81,101.61,100.77
4531,101.23,101.91,100.56
4556,101.77,101.68,100.38
4581,101.25,101.92,100.20
4606,101.87,101.57,100.21
4631,101.16,101.92,100.50
4656,101.86,102.11,100.64
4681,101.47,101.50,100.41
4706,101.66,101.93,100.23
4731,101.34,101.54,100.22
4756,101.69,101.91,100.41
4781,101.31,101.99,100.40
4806,101.85,101.69,100.21
4831,101.36,101.86,100.25
4856,101.66,101.55,100.43
4881,101.39,101.91,100.36
4907,101.82,101.66,100.32
4931,101.38,101.96,100.12
4956,101.59,102.02,100.38
4981,101.41,101.49,100.64
5006,101.63,101.96,100.58
5031,101.44,101.63,100.45
5056,101.71,101.94,100.11
5081,101.18,101.97,100.48
5106,101.79,101.61,100.96
5131,101.54,101.81,100.47
5156,101.69,101.98,100.41
5181,101.34,101.58,100.27
5207,101.35,101.96,100.36
5232,101.79,101.52,100.13
5257,101.69,101.86,100.45
5282,101.55,101.76,100.77
5307,101.16,101.94,100.56
5332,101.79,101.95,100.35
5357,101.40,101.54,100.18
5382,101.76,101.92,100.27
5407,101.46,101.95,100.57
5432,101.69,101.54,100.29
5457,101.36,101.90,100.50
5482,101.56,101.63,99.54
5507,101.41,102.01,101.46
5532,101.69,101.88,101.63
5557,101.76,101.54,100.58
5582,101.48,101.96,100.28
5607,101.17,101.53,100.09
5633,101.93,102.17,100.68
5658,101.39,101.69,101.13
5683,101.68,101.86,100.67
5708,101.25,101.84,100.44
5733,101.84,101.53,100.20
5758,101.39,102.00,100.38
5783,101.69,101.59,100.43
5808,101.26,101.91,100.23
5833,101.88,102.08,100.22
5858,101.29,101.59,100.41
5883,101.79,101.74,100.44
5908,101.29,101.99,100.25
5933,101.81,101.59,100.22
