
MotorSpeedMeasurement
1000,0,0,0
1025,11.19,10.48,9.06
1051,1.22,1.11,0.57
1076,34.67,35.41,32.73
1101,48.39,49.07,44.82
1126,54.93,55.35,49.99
1152,57.36,57.36,52.19
1176,59.08,58.37,53.92
1201,59.78,59.40,54.69
1226,60.02,59.92,55.12
1251,61.04,60.73,55.60
1276,60.82,60.40,56.39
1301,61.39,61.08,56.38
1326,61.67,60.71,56.64
1351,61.60,61.32,57.02
1376,61.68,61.36,57.16
1401,61.86,61.02,57.31
1426,61.86,61.58,57.51
1452,61.98,61.45,57.91
1477,61.95,61.66,57.66
1502,62.00,61.51,57.54
1527,62.04,61.71,57.55
1552,62.01,61.64,57.89
1577,61.91,61.13,58.05
1602,62.07,61.80,57.69
1627,62.14,61.75,57.82
1652,61.97,61.60,57.72
1677,62.06,61.80,58.17
1702,62.19,61.66,57.77
1727,62.04,61.72,57.68
1752,62.09,61.72,58.24
1777,62.36,61.57,57.80
1802,62.07,61.44,57.90
1827,62.05,61.62,57.73
1852,62.02,61.59,57.51
1878,61.41,61.78,58.51
1902,62.75,61.69,57.79
1927,62.18,61.75,58.24
1952,62.03,61.00,57.88
1977,62.07,62.43,57.72
2002,61.93,61.66,58.25
2027,62.06,61.19,57.92
2052,62.04,61.81,57.77
2077,62.01,61.66,58.26
2102,62.15,61.72,57.81
2127,62.46,61.70,57.71
2152,62.04,61.58,58.28
2177,62.05,61.70,57.85
2202,62.08,61.67,57.75
2227,61.91,61.60,58.29
2252,62.06,61.43,57.90
2277,62.08,61.63,57.93
2302,61.97,61.65,57.80
2327,62.17,61.83,58.23
2352,61.97,61.65,57.83
2377,62.19,61.79,57.75
2402,62.12,61.86,58.23
2427,62.42,61.58,57.86
2452,62.12,61.83,57.76
2477,62.11,61.72,58.26
2502,61.96,61.73,57.86
2527,62.11,61.49,57.73
2552,62.14,61.67,58.36
2577,62.09,61.79,57.87
2603,61.97,61.63,57.74
2627,62.16,61.88,58.28
2652,62.09,61.66,57.87
2677,62.45,61.69,57.74
2702,61.72,61.83,58.00
2727,62.44,61.68,58.18
2752,62.12,61.69,57.96
2777,62.06,61.28,57.79
2802,61.91,61.73,58.21
2827,62.08,61.88,57.83
2852,62.10,61.59,57.74
2877,62.01,61.68,58.20
2903,61.93,61.69,57.79
2928,62.05,61.78,57.68
2953,62.15,61.66,58.26
2978,62.14,61.60,57.83
3003,62.42,61.83,57.70
3028,62.16,61.70,58.05
3053,62.11,61.28,58.17
3078,62.03,61.70,57.73
3103,61.97,61.78,57.96
3128,62.10,61.67,58.21
3153,62.12,61.69,57.85
3178,62.08,61.72,57.67
3203,61.97,61.63,58.22
3228,62.21,61.64,57.85
3253,62.08,61.77,57.72
3278,62.14,61.70,57.95
3303,62.41,61.38,58.28
3329,62.09,61.78,57.64
3354,62.12,61.64,58.01
3379,61.26,61.69,58.21
3404,62.74,61.75,57.77
3429,62.16,61.80,57.69
3454,62.04,61.73,58.26
3479,62.17,61.69,57.79
3504,62.11,61.79,57.72
3529,62.45,61.67,58.26
3554,62.10,61.80,57.97
3579,62.13,61.76,57.74
3604,62.04,61.26,58.30
3629,62.07,61.81,57.92
3654,61.94,61.86,57.74
3679,62.10,61.71,58.33
3704,62.15,61.82,57.86
3729,62.09,61.73,57.74
3755,61.98,61.74,58.33
3779,62.18,61.87,57.87
3804,62.08,61.68,57.78
3829,62.39,61.70,58.32
3854,61.42,61.83,57.91
3879,62.69,61.59,57.75
3904,62.15,61.33,57.99
3929,62.07,61.82,58.18
3954,61.93,61.76,57.86
3979,62.10,61.72,57.67
4004,62.04,61.68,58.19
4029,62.13,61.80,57.87
4055,62.14,61.77,57.72
4080,62.11,61.69,58.28
4105,62.41,61.65,57.86
4130,62.13,61.71,57.74
4155,62.01,61.75,58.35
4180,62.09,61.62,57.82
4205,62.11,61.39,57.67
4230,61.93,61.84,58.01
4255,62.11,61.71,58.21
4280,62.14,61.84,57.78
4305,62.04,61.74,57.71
4330,62.14,61.80,58.26
4355,62.13,61.78,57.89
4380,62.43,61.88,57.72
4405,62.10,61.77,58.22
4430,62.14,61.67,57.86
4455,62.07,61.84,57.69
4481,61.98,61.16,57.96
4506,62.07,62.41,58.10
4531,62.18,61.83,57.71
4556,62.06,61.82,58.06
4581,62.08,61.93,58.18
4606,62.14,61.75,57.99
4631,62.10,61.75,57.26
4656,62.41,61.85,58.85
4681,62.12,61.36,57.87
4706,62.03,61.82,57.68
4731,62.13,61.96,58.27
4756,61.87,61.75,57.84
4781,62.12,61.83,57.73
4806,62.07,61.76,58.26
4831,62.11,61.88,57.89
4856,61.99,61.75,57.77
4881,62.11,61.87,58.23
4907,62.21,61.71,57.89
4931,62.41,61.69,57.69
4956,62.12,61.74,58.30
4981,62.14,61.79,57.80
5006,62.07,61.66,57.89
5031,61.96,61.75,57.81
5056,62.06,61.27,58.20
5081,62.15,61.85,57.79
5106,62.05,62.00,57.72
5131,62.09,61.75,58.29
5156,62.18,61.79,57.88
5181,62.09,61.82,57.72
5207,62.42,61.83,58.28
5232,62.16,61.76,57.80
5257,62.03,61.68,57.80
5282,61.96,61.94,58.20
5307,62.12,61.83,57.84
5332,62.05,61.71,57.75
5357,62.16,61.87,57.98
5382,62.10,61.82,58.25
5407,62.23,61.74,57.85
5432,62.05,61.86,57.80
5457,62.48,61.81,58.17
5482,62.11,61.80,57.81
5507,62.11,61.68,57.66
5532,61.95,61.84,58.25
5557,62.12,61.78,57.83
5582,62.18,61.82,57.76
5607,62.14,61.34,58.33
5633,62.00,61.94,57.89
5658,62.13,62.20,57.76
5683,62.12,61.53,58.04
5708,62.36,61.83,58.17
5733,62.01,61.80,57.96
5758,62.07,61.79,57.76
5783,62.00,61.82,58.08
5808,62.10,61.72,57.94
5833,61.94,61.89,57.79
5858,62.10,61.86,58.22
5883,62.13,61.81,57.86
5908,62.05,61.70,57.72
5933,61.95,61.80,58.29
