
MotorSpeedMeasurement
1000,0,0,0
1026,5.95,5.76,5.01
1051,0.52,0.50,0.33
1076,34.64,35.65,32.18
1101,49.40,50.35,47.83
1126,57.74,57.24,56.74
1152,60.35,60.15,58.24
1176,62.01,61.77,59.01
1201,62.72,62.31,59.23
1226,63.24,62.63,59.42
1251,63.26,63.01,59.50
1276,63.48,62.67,59.17
1301,63.43,62.56,59.41
1326,62.73,62.73,59.23
1351,63.01,62.06,59.21
1376,62.42,61.72,58.97
1401,61.95,61.18,58.46
1426,61.61,61.05,58.56
1452,60.85,60.38,57.96
1477,60.80,60.47,58.13
1502,60.19,59.70,57.61
1527,59.66,59.32,57.27
1552,59.47,58.65,56.98
1577,59.01,58.52,56.45
1602,58.19,57.99,56.63
1627,58.33,57.61,56.31
1652,57.54,57.72,55.68
1677,57.32,56.60,55.68
1702,57.10,56.81,55.70
1727,56.56,56.51,55.11
1752,56.09,55.95,54.95
1777,55.75,55.85,54.75
1802,55.07,55.24,54.57
1827,55.84,55.10,53.94
1852,55.00,54.88,54.29
1878,54.75,54.68,53.98
1902,54.59,54.48,53.51
1927,54.26,53.91,53.36
1952,53.77,54.18,53.52
1977,54.08,53.89,53.18
2002,53.37,53.44,52.81
2027,53.74,53.30,52.88
2052,53.13,53.50,52.99
2077,53.04,52.88,52.31
2102,52.83,52.86,52.39
2127,52.68,52.68,52.22
2152,52.56,52.52,52.19
2177,52.40,52.40,52.32
2202,52.27,52.28,52.06
2227,52.20,52.22,51.60
2252,52.22,51.75,51.91
2277,51.95,52.10,51.73
2302,51.64,52.09,51.27
2327,51.90,51.96,51.72
2352,51.83,51.45,51.23
2377,51.32,51.88,51.48
2402,51.78,51.68,51.08
2427,51.27,51.27,51.42
2452,51.66,51.68,50.84
2477,51.13,51.15,51.38
2502,51.53,51.51,50.96
2527,50.99,51.07,50.75
2552,51.35,51.41,51.25
2577,50.90,51.02,50.80
2603,50.86,50.92,50.81
2627,51.19,51.24,50.55
2652,50.68,50.84,51.01
2677,50.74,50.79,50.63
2702,51.05,51.09,50.67
2727,50.76,50.72,50.48
2752,50.54,50.69,50.66
2777,50.53,50.79,50.89
2802,50.65,50.91,50.57
2827,50.88,50.57,50.39
2852,50.56,50.64,50.48
2877,50.47,50.57,50.29
2903,50.29,50.61,50.46
2928,50.47,50.82,50.43
2953,50.50,50.53,50.43
2978,50.44,50.49,50.38
3003,50.30,50.37,50.64
3028,50.42,50.47,50.35
3053,49.82,50.39,50.27
3078,51.33,50.48,50.27
3103,50.45,50.41,50.26
3128,50.27,50.24,50.27
3153,50.30,50.35,50.24
3178,50.31,50.66,50.25
3203,50.17,50.29,50.16
3228,50.31,50.28,50.37
3253,50.28,50.29,50.15
3278,50.27,50.28,50.33
3303,50.24,50.27,50.17
3329,50.19,50.25,50.23
3354,50.18,50.25,50.32
3379,50.18,50.25,50.19
3404,50.36,50.24,50.14
3429,50.13,50.24,50.13
3454,50.17,50.20,50.13
3479,50.14,50.27,50.13
3504,50.04,50.04,50.19
3529,50.28,50.31,50.17
3554,50.15,50.17,50.12
3579,50.14,50.14,50.12
3604,50.13,50.15,49.86
3629,50.10,50.12,50.30
3654,50.11,50.13,49.84
3679,50.14,50.13,50.05
3704,50.11,50.16,49.98
3729,50.07,50.13,50.08
3755,49.78,50.14,50.08
3779,50.08,50.14,50.11
3804,50.13,50.10,50.13
3829,50.22,49.75,50.10
3854,50.02,50.06,50.11
3879,50.07,50.28,50.20
3904,50.10,50.09,50.03
3929,50.04,50.11,50.02
3954,50.10,50.09,50.01
3979,50.13,50.10,50.01
4004,50.24,50.08,50.17
4029,50.08,50.04,50.04
4055,50.06,50.21,50.08
4080,50.18,50.08,49.85
4105,49.96,50.00,50.08
4130,50.00,50.13,50.05
4155,50.00,49.98,50.04
4180,49.66,49.96,50.06
4205,50.09,50.01,50.05
4230,50.08,50.03,50.02
4255,50.13,49.74,50.21
4280,50.07,50.16,50.05
4305,50.05,50.07,50.02
4330,50.03,50.04,50.04
4355,49.98,50.04,49.45
4380,49.99,50.09,50.78
4405,50.00,50.04,50.10
4430,50.12,50.00,50.02
4455,49.95,50.01,49.97
4481,49.73,50.16,49.74
4506,49.99,50.02,50.00
4531,50.07,50.00,49.99
4556,50.04,49.09,50.33
4581,50.06,50.75,49.87
4606,50.12,50.26,50.28
4631,50.06,50.06,50.07
4656,49.99,49.98,50.02
4681,49.96,49.99,50.00
4706,50.25,50.01,49.96
4731,50.00,50.12,50.06
4756,50.02,50.03,49.98
4781,50.00,50.04,49.99
4806,50.04,50.00,49.73
4831,49.76,50.19,50.00
4856,50.05,50.04,50.03
4881,50.04,49.96,49.99
4907,50.04,49.83,50.25
4931,50.01,49.61,50.00
4956,50.05,50.30,49.99
4981,50.13,50.21,49.96
5006,50.00,49.99,49.95
5031,50.02,50.03,50.07
5056,50.19,49.99,50.03
5081,50.07,50.12,49.98
5106,50.02,50.02,49.81
5131,49.98,49.98,50.04
5156,50.00,50.09,50.02
5181,49.71,49.99,50.04
5207,50.02,49.98,50.01
5232,50.03,49.78,50.13
5257,50.04,50.06,49.98
5282,50.09,50.04,50.07
5307,50.01,50.03,50.00
5332,50.11,50.07,49.98
5357,49.99,49.98,49.97
5382,50.01,50.02,50.02
5407,50.01,50.06,49.72
5432,49.99,49.91,50.04
5457,49.77,49.89,50.04
5482,50.02,49.95,49.99
5507,50.12,49.67,50.22
5532,50.15,50.06,49.98
5557,50.07,50.04,49.97
5582,50.04,49.99,50.00
5607,50.06,49.99,50.13
5633,50.03,50.09,50.01
5658,49.98,49.98,49.99
5683,50.14,50.09,49.74
5708,49.94,49.96,49.97
5733,49.91,49.99,50.04
5758,49.69,49.75,50.14
5783,49.95,50.03,49.99
5808,49.98,50.01,49.95
5833,50.06,50.07,49.97
5858,50.06,50.08,50.08
5883,50.10,50.13,50.01
5908,50.00,50.04,49.99
5933,49.97,49.99,50.00
