
MotorSpeedMeasurement
1000,0,0,0
1025,29.68,32.65,27.09
1051,21.74,24.71,18.88
1076,41.45,44.83,38.34
1101,57.76,60.15,53.96
1126,69.19,71.75,65.32
1152,77.98,80.63,74.83
1176,84.49,87.38,81.29
1201,89.99,92.81,87.24
1226,94.09,96.66,90.81
1251,97.39,100.20,94.51
1276,99.74,102.31,96.91
1301,102.03,102.32,99.41
1326,102.20,101.14,100.92
1351,101.04,100.87,101.68
1376,100.54,101.15,100.69
1401,101.15,101.41,99.97
1426,101.07,101.66,100.54
1452,100.84,101.01,101.06
1477,101.00,101.07,100.83
1502,101.43,101.48,100.25
1527,100.98,101.26,100.04
1552,100.70,101.03,100.50
1577,100.93,101.46,100.84
1602,101.46,101.19,100.63
1627,100.90,100.98,100.39
1652,100.88,101.60,99.96
1677,101.26,101.18,100.95
1702,101.01,101.09,101.37
1727,100.81,101.56,100.45
1752,100.91,101.45,99.99
1777,101.47,101.07,100.73
1802,100.88,100.81,101.18
1827,100.85,101.36,100.84
1852,101.04,101.73,100.17
1878,101.44,101.20,100.14
1902,100.78,101.21,100.20
1927,100.85,100.98,100.16
1952,101.27,101.15,100.58
1977,100.99,101.63,100.33
2002,100.98,101.31,100.14
2027,100.78,100.91,100.20
2052,101.38,101.40,100.30
2077,101.17,101.25,100.21
2102,100.76,101.54,100.19
2127,100.98,101.17,99.84
2152,101.23,100.90,101.03
2177,101.04,101.51,101.21
2202,101.04,101.31,100.65
2227,101.29,100.97,100.12
2252,100.76,101.60,100.31
2277,100.76,101.16,100.35
2302,101.18,101.14,100.21
2327,101.45,101.54,100.14
2352,100.85,101.04,100.25
2377,100.90,101.39,100.39
2402,101.33,101.09,100.25
2427,101.07,101.12,100.25
2452,100.61,101.48,100.05
2477,101.31,101.29,100.46
2502,101.17,101.38,100.93
2527,100.86,100.93,100.71
2552,100.84,101.20,100.24
2577,101.49,101.61,99.96
2603,100.93,101.20,100.76
2627,100.78,100.93,101.13
2652,101.03,101.48,101.16
2677,101.42,101.25,99.87
2702,100.96,101.46,100.76
2727,100.98,101.12,100.98
2752,101.29,100.96,100.61
2777,100.90,101.51,100.14
2802,100.87,101.28,100.25
2827,101.43,101.49,100.30
2852,101.09,101.12,99.98
2877,100.68,100.88,100.97
2903,100.89,100.96,101.19
2928,101.26,102.17,100.86
2953,101.39,101.33,100.09
2978,101.02,101.28,100.19
3003,100.64,100.78,100.71
3028,101.06,101.09,100.49
3053,101.29,101.78,100.23
3078,101.04,101.23,100.10
3103,100.90,101.11,100.38
3128,101.07,101.41,100.63
3153,101.02,101.12,100.43
3178,101.01,101.03,100.18
3203,101.25,101.59,100.10
3228,100.99,101.42,100.43
3253,100.70,101.29,100.76
3278,100.90,100.90,100.44
3303,101.59,100.95,100.09
3329,101.01,101.84,100.47
3354,100.80,101.39,100.87
3379,100.81,100.82,100.51
3404,101.39,101.55,100.16
3429,100.98,101.13,100.12
3454,100.94,101.12,100.45
3479,100.96,101.68,100.47
3504,101.34,101.11,100.35
3529,100.93,101.36,100.25
3554,100.75,100.99,100.26
3579,101.49,101.22,100.07
3604,101.03,101.58,100.43
3629,100.80,101.33,100.85
3654,101.02,101.39,100.60
3679,101.28,100.95,100.22
3704,101.06,101.14,100.17
3729,100.78,101.66,100.12
3755,100.96,101.23,100.41
3779,101.39,100.90,100.56
3804,101.03,101.59,100.24
3829,100.87,101.31,100.31
3854,101.34,101.38,99.83
3879,100.81,101.01,100.96
3904,100.75,101.04,101.05
3929,101.49,101.48,100.69
3954,101.04,101.41,100.39
3979,100.76,101.53,99.91
4004,101.01,101.04,100.66
4029,101.43,100.80,101.48
4055,101.13,101.42,100.33
4080,100.90,101.71,100.05
4105,100.80,101.24,100.58
4130,101.39,101.36,101.25
4155,100.96,100.95,100.72
4180,100.92,101.15,99.89
4205,100.98,101.63,100.75
4230,101.33,101.13,101.09
4255,101.04,101.17,100.58
4280,100.75,101.59,100.10
4305,100.98,101.11,100.29
4330,101.28,101.41,100.62
4355,101.04,101.08,100.38
4380,100.92,101.26,100.21
4405,101.21,101.36,99.95
4430,100.99,101.30,100.80
4455,100.81,101.41,101.18
4481,101.22,101.06,100.71
4506,101.10,101.13,100.25
4531,100.78,101.51,99.86
4556,101.01,101.23,100.60
4581,101.38,100.97,101.11
4606,101.06,101.17,100.77
4631,100.67,101.76,100.11
4656,100.88,101.41,100.54
4681,101.61,100.96,100.26
4706,101.04,100.93,100.28
4731,100.75,101.25,100.10
4756,100.99,101.73,100.35
4781,101.33,101.10,100.72
4806,101.09,101.57,100.37
4831,100.80,100.96,100.09
4856,101.20,101.01,100.41
4881,100.86,101.59,101.11
4907,100.96,101.31,100.15
4931,101.14,100.90,99.93
4956,101.25,101.59,101.28
4981,100.94,101.28,101.26
5006,100.65,101.38,99.47
5031,101.42,101.12,101.60
5056,101.01,100.90,101.44
5081,100.88,101.69,100.25
5106,101.04,101.26,99.55
5131,101.33,101.41,100.38
5156,101.04,101.04,100.92
5181,100.85,100.93,101.06
5207,100.90,101.55,99.95
5232,101.47,101.36,100.61
5257,100.95,101.11,101.41
5282,100.93,101.49,100.71
5307,101.17,101.11,100.04
5332,101.04,101.14,100.56
5357,100.83,100.85,100.88
5382,100.88,102.06,100.81
5407,101.57,101.68,100.20
5432,100.91,100.72,99.99
5457,100.79,100.83,100.71
5482,101.01,101.51,101.59
5507,101.33,101.44,100.45
5532,101.09,101.25,99.80
5557,101.08,101.31,100.86
5582,100.54,101.13,101.03
5607,101.23,101.43,100.29
5633,101.29,101.20,100.41
5658,101.00,101.04,99.94
5683,101.18,100.84,100.59
5708,100.96,102.12,101.15
5733,100.72,101.29,100.64
5758,101.03,101.38,100.07
5783,101.59,100.86,100.36
5808,100.80,100.95,100.52
5833,100.94,101.69,100.55
5858,101.44,101.29,100.49
5883,100.93,101.25,100.20
5908,100.62,101.35,99.96
5933,100.95,101.14,100.50
