
MotorSpeedMeasurement
1000,0,0,0
1025,25.07,26.05,18.88
1050,21.55,22.91,13.55
1075,30.08,31.50,19.39
1100,36.95,38.20,24.99
1125,43.20,44.71,29.73
1150,48.95,50.18,34.59
1175,53.38,54.93,38.38
1200,57.54,59.39,41.68
1225,61.57,63.36,45.52
1250,65.03,66.70,48.30
1275,68.13,69.54,51.39
1300,71.06,72.68,53.69
1325,73.48,74.81,56.25
1350,75.54,77.21,58.08
1375,77.33,79.04,60.50
1400,79.35,80.86,61.98
1425,80.94,82.72,63.87
1451,82.46,84.13,64.97
1476,84.02,85.31,66.86
1501,84.85,86.45,68.39
1526,86.32,88.06,69.26
1552,87.42,88.70,70.85
1576,88.03,89.56,71.51
1601,88.94,90.65,72.96
1627,89.84,90.95,73.71
1652,90.73,92.27,74.25
1676,91.06,92.27,75.64
1702,91.52,93.18,76.01
1727,92.28,93.52,76.70
1752,92.39,94.22,77.66
1777,93.19,94.34,78.13
1802,93.34,94.84,78.74
1826,93.74,94.95,79.41
1852,94.34,95.43,79.69
1878,94.19,95.71,80.06
1902,94.77,95.76,80.93
1927,94.53,96.34,81.10
1952,95.14,96.28,81.60
1976,95.26,96.28,81.72
2001,95.24,96.60,82.24
2027,95.84,96.93,82.61
2051,95.73,97.12,82.56
2077,95.77,96.87,83.44
2101,95.84,97.35,83.45
2127,95.98,97.05,83.37
2152,95.93,97.36,83.95
2177,95.99,97.60,84.34
2202,96.27,97.63,84.05
2226,96.67,97.59,84.65
2252,96.31,97.50,84.71
2277,96.34,97.83,84.96
2302,96.87,97.95,84.93
2327,96.37,97.18,84.99
2352,97.02,98.52,85.46
2377,96.60,98.09,85.49
2402,96.92,98.02,85.22
2427,96.87,98.10,85.95
2451,96.56,98.10,85.77
2477,97.03,97.95,85.79
2502,96.78,97.68,85.71
2527,97.06,98.89,86.03
2552,97.27,98.22,86.28
2577,96.75,98.49,86.02
2603,97.32,98.03,85.86
2627,96.78,98.62,86.92
2652,97.27,98.24,86.20
2677,97.25,98.33,86.38
2702,96.78,98.27,86.46
2727,97.41,98.36,86.74
2752,97.14,98.28,86.36
2777,96.86,98.83,86.92
2801,97.38,98.45,86.69
2827,96.92,98.29,86.60
2852,97.32,98.56,86.81
2877,97.35,98.41,86.58
2903,96.98,98.72,86.84
2928,97.22,98.53,86.93
2953,96.89,98.40,87.15
2978,97.41,98.56,86.93
3003,96.93,98.48,86.82
3028,97.40,98.59,87.00
3052,97.36,98.80,87.09
3078,97.36,98.51,86.89
3103,97.08,98.58,86.87
3128,97.38,98.85,87.34
3153,97.21,98.59,87.07
3178,97.35,98.51,86.80
3203,97.46,98.49,87.31
3228,97.54,98.70,87.11
3253,97.37,98.86,86.98
3278,97.23,98.51,87.10
3303,97.42,98.56,87.31
3329,97.60,98.59,87.11
3354,97.31,99.01,86.95
3378,97.45,98.72,87.46
3404,97.60,98.58,87.04
3429,97.22,98.56,86.94
3454,97.54,98.96,87.17
3479,97.63,98.60,87.28
3504,97.45,98.54,87.01
3529,97.21,98.56,87.33
3554,97.53,98.96,87.05
3579,97.59,98.20,86.99
3603,97.73,99.35,87.38
3629,97.47,98.86,86.90
3654,97.37,98.79,87.17
3679,97.55,98.51,87.38
3704,97.83,99.12,87.19
3729,97.48,98.01,87.25
3755,97.37,99.43,87.17
3779,97.61,98.98,86.91
3804,97.50,98.62,87.42
3829,97.77,98.87,87.10
3854,97.76,99.11,86.44
3879,97.30,98.78,88.01
3904,97.65,99.01,87.12
3928,97.58,98.77,87.29
3953,97.69,98.76,87.19
3979,96.95,99.11,86.06
4004,98.31,98.74,88.33
4029,97.35,98.77,87.09
4055,97.74,99.10,87.17
4080,97.76,98.84,86.99
4105,97.59,98.78,87.54
4130,97.38,98.71,87.11
4155,97.66,99.01,87.05
4180,97.74,98.25,87.45
4205,97.69,99.30,87.12
4230,97.74,99.06,87.32
4255,97.58,98.81,87.08
4280,97.41,98.85,87.09
4305,97.83,98.74,87.19
4330,97.66,98.61,87.38
4354,97.66,98.78,87.11
4380,97.85,98.98,87.44
4405,97.75,98.53,87.01
4430,97.41,98.76,87.48
4455,97.71,98.98,87.15
4481,97.80,98.61,87.06
4506,97.83,98.71,87.27
4530,97.67,98.65,87.42
4556,97.41,98.58,87.21
4581,97.70,98.91,87.36
4606,97.82,98.68,87.15
4631,97.69,98.62,87.05
4656,97.70,98.90,87.46
4681,97.86,98.58,87.25
4705,97.62,98.54,87.35
4731,97.43,98.62,87.28
4756,97.67,98.90,86.98
4781,97.64,98.46,87.43
4806,97.79,98.68,87.25
4831,97.67,98.85,87.32
4856,97.52,98.65,87.29
4881,97.96,98.59,87.00
4907,97.49,98.56,87.52
4931,97.66,98.98,86.98
4956,97.72,98.53,87.49
4981,97.82,98.73,87.30
5006,97.64,98.82,87.36
5030,97.55,98.68,87.28
5056,98.00,98.46,86.99
5081,97.38,98.73,87.39
5106,97.72,98.87,87.32
5131,97.70,98.60,87.36
5156,97.98,98.73,87.19
5181,97.69,98.45,86.97
5207,97.44,99.04,87.29
5232,97.77,98.73,87.48
5257,97.81,98.54,87.15
5282,97.72,98.63,87.02
5307,97.74,98.96,87.43
5332,97.56,98.71,87.19
5357,97.75,98.56,87.04
5382,98.06,98.99,87.39
5407,97.53,98.70,87.18
5431,97.78,98.73,87.31
5457,97.89,98.70,87.26
5482,97.77,98.96,86.93
5507,97.75,98.65,87.39
5532,97.92,98.96,87.14
5556,97.69,98.75,87.32
5582,97.43,98.71,87.18
5607,97.74,98.48,86.85
5633,97.77,99.02,87.21
5658,97.91,98.82,87.15
5683,97.64,98.61,87.36
5708,97.41,98.82,87.14
5733,97.74,98.99,87.25
5758,97.80,98.59,87.13
5782,97.75,98.64,86.96
5808,97.69,98.80,87.33
5833,97.82,98.82,87.15
5858,97.62,98.54,86.64
5883,97.46,98.59,87.66
5908,97.75,98.99,86.90
5933,97.67,98.67,87.38
