
MotorSpeedMeasurement
1000,0,0,0
1010,7.52,7.52,2.70
1020,-4.52,-4.51,-2.39
1030,31.71,32.05,19.91
1040,33.75,34.44,28.74
1050,40.51,37.22,30.80
1060,46.80,44.42,37.72
1070,45.47,36.93,42.75
1080,50.28,43.56,47.92
1090,-10.10,-7.43,-9.55
1100,53.96,51.93,51.95
1110,54.30,56.66,53.43
1120,59.53,45.42,57.40
1130,56.60,57.20,60.75
1140,55.75,37.60,64.37
1150,-10.87,-11.70,-12.20
1160,55.75,52.59,57.34
1170,55.22,50.30,66.09
1180,49.24,48.34,54.06
1190,58.56,66.50,62.89
1200,60.69,50.42,57.44
1210,60.06,55.03,62.94
1220,-9.79,-5.82,-12.18
1230,59.62,49.70,68.16
1240,44.70,53.58,51.06
1250,69.23,51.34,69.85
1260,61.25,64.15,66.27
1270,55.68,45.14,62.14
1280,-7.01,-8.32,-9.90
1290,67.58,54.11,56.25
1300,58.22,58.22,76.80
1310,52.26,55.06,51.99
1320,55.51,46.99,70.34
1330,60.14,53.81,66.50
1340,56.23,59.09,53.30
1350,-11.41,-11.40,-11.67
1360,57.33,55.90,53.05
1370,65.71,60.09,62.53
1380,58.22,61.11,63.90
1390,57.49,63.82,63.16
1400,58.17,53.96,63.90
1410,-9.35,-8.03,-10.13
1420,62.72,61.37,68.48
1430,63.07,64.47,64.50
1440,59.69,54.74,60.36
1451,58.83,57.42,63.82
1461,67.42,53.07,57.38
1471,50.94,60.46,63.31
1481,-11.14,-8.49,-11.94
1491,68.16,50.21,61.68
1501,55.18,61.53,64.66
1511,55.11,54.44,71.07
1521,64.40,58.70,72.14
1531,63.68,62.99,65.85
1541,-9.61,-9.10,-9.59
1551,69.61,46.91,54.00
1561,64.57,58.11,56.73
1571,60.13,57.99,70.10
1581,54.40,56.00,60.80
1591,68.91,53.92,58.20
1601,63.14,50.24,60.27
1611,-12.45,-10.07,-12.18
1622,59.32,50.03,65.75
1632,60.34,50.28,61.73
1642,60.08,58.65,74.39
1652,49.70,51.12,62.50
1662,60.15,62.99,68.75
1672,-10.40,-9.36,-9.88
1682,56.98,59.14,71.30
1692,64.52,53.81,68.77
1702,60.27,51.68,60.25
1712,65.31,57.34,70.12
1722,65.19,49.58,58.11
1732,77.89,59.16,69.21
1742,-12.71,-9.27,-11.39
1752,60.82,49.00,60.06
1762,65.19,58.72,70.18
1772,64.45,58.72,61.56
1782,65.39,51.20,71.14
1792,63.83,57.47,57.47
1802,-11.39,57.90,-13.78
1812,61.56,-10.88,60.08
1822,64.50,54.44,61.61
1832,65.16,55.05,65.91
1842,64.61,54.47,61.43
1852,59.50,54.44,61.63
1862,64.47,46.41,71.07
1872,-11.10,-9.29,-12.21
1882,60.70,59.80,70.82
1892,60.94,58.79,65.96
1902,60.82,54.38,70.12
1912,51.58,60.20,58.77
1922,60.69,57.44,65.42
1932,64.42,57.29,65.85
1942,-9.29,-10.35,-12.20
1952,56.03,58.20,63.24
1963,60.32,55.27,64.52
1973,64.32,60.06,65.78
1983,70.04,62.92,61.49
1993,68.83,58.77,55.90
2003,-11.12,-10.84,-12.71
2013,68.35,47.11,65.14
2023,56.65,55.23,58.11
2033,64.47,54.42,60.15
2043,60.18,61.63,57.33
2053,59.77,57.42,62.20
2063,60.29,50.24,61.68
2073,-9.04,-8.75,-10.61
2083,64.88,63.44,61.95
2093,50.56,52.14,58.51
2103,60.20,46.41,65.27
2113,60.15,58.72,69.34
2123,57.24,62.19,65.80
2134,-10.86,-10.86,-12.98
2144,64.20,58.45,61.34
2154,60.15,55.86,67.31
2164,64.40,58.72,64.40
2174,65.14,57.90,70.18
2184,60.01,48.33,64.69
2194,63.04,50.19,65.96
2204,-12.74,-10.07,-11.66
2214,59.96,51.40,65.68
2224,59.85,61.47,60.74
2234,65.04,58.65,67.18
2244,64.52,53.85,68.17
2254,59.59,51.06,53.96
2264,-9.88,-9.36,-11.46
2274,59.89,59.89,62.09
2284,69.53,58.70,69.28
2294,54.53,58.08,63.89
2304,57.76,53.05,57.76
2314,60.91,58.79,61.63
2324,56.54,62.92,70.10
2334,-11.92,-10.06,-11.92
2344,59.85,59.85,66.37
2354,63.97,51.88,56.80
2364,60.96,53.90,65.98
2374,60.29,55.27,62.41
2384,65.14,62.94,62.92
2394,-9.64,-9.34,-10.37
2404,59.96,55.02,64.87
2414,47.37,58.13,65.42
2424,70.12,57.97,60.80
2434,63.88,58.23,55.90
2444,68.56,60.01,71.39
2454,60.20,49.58,70.20
2464,-11.41,-9.55,-11.38
2475,68.91,40.69,66.69
2485,60.25,58.06,60.91
2495,56.75,51.12,61.71
2505,68.74,62.19,64.38
2515,67.90,58.63,65.02
2525,-11.46,-8.86,-10.94
2535,65.93,58.04,63.87
2545,60.22,58.08,62.33
2555,55.86,59.44,63.76
2565,59.93,57.59,57.61
2575,65.11,59.32,65.11
2585,65.07,55.17,64.42
2595,-10.33,-11.65,-11.68
2605,65.11,49.23,65.11
2615,68.00,49.19,70.87
2625,56.75,55.31,61.04
2635,64.35,55.79,72.93
2646,60.20,58.77,65.93
2656,-11.12,-8.98,-10.59
2666,56.75,58.91,62.43
2676,67.95,58.52,76.66
2686,60.85,58.75,69.28
2696,55.78,58.96,65.37
2706,64.42,47.24,70.12
2716,60.10,58.67,68.69
2726,-11.12,-10.33,-11.39
2736,55.58,58.76,60.32
2746,64.68,45.97,56.72
2756,60.13,51.54,73.52
2766,68.53,59.96,72.84
2776,59.83,58.28,65.48
2786,-11.12,-9.77,-10.61
2796,60.22,58.06,65.29
2806,60.89,55.09,73.61
2816,54.61,53.05,64.77
2826,61.51,60.08,72.96
2836,68.80,51.60,67.39
2846,64.50,58.77,64.50
2856,-11.12,-10.33,-12.71
2866,58.76,49.25,61.96
2876,65.19,58.72,65.88
2886,60.85,60.08,65.78
2896,60.08,60.08,70.98
2906,54.83,52.59,65.98
2916,72.17,55.81,-11.39
2926,-10.33,-11.66,61.54
2936,64.88,58.47,64.96
2946,60.88,45.82,56.15
2956,64.55,50.21,61.68
2966,55.96,55.18,60.27
2976,64.57,49.64,64.57
2987,-11.41,-11.15,-11.92
2997,59.21,54.07,71.30
3007,68.75,53.79,71.01
3017,60.82,62.99,62.26
3027,54.76,51.10,68.16
3037,60.56,62.18,62.18
3047,60.34,50.88,56.05
3057,-11.92,-11.15,-12.98
3067,60.01,53.49,60.01
3077,60.11,57.78,58.53
3087,64.25,59.96,75.70
3097,55.92,58.79,68.83
3107,65.19,60.13,67.29
3117,-10.42,-8.86,-10.16
3127,65.19,55.16,55.96
3137,68.72,55.17,65.83
3147,60.48,56.14,61.18
3158,64.35,67.23,66.40
3168,60.18,60.18,60.15
3178,64.40,60.10,-11.12
3188,-12.72,-11.66,61.44
3198,69.80,59.82,65.55
3208,59.25,48.04,56.95
3218,63.14,50.22,66.01
3228,67.90,54.40,70.10
3238,68.80,53.81,65.93
3248,-11.17,-9.36,-9.36
3258,61.15,56.18,69.80
3268,60.39,53.94,60.29
3278,68.64,58.65,70.10
3288,59.07,53.62,69.42
3298,69.20,59.96,71.39
3308,72.90,64.32,61.49
3318,-11.91,-10.06,-10.59
3328,64.47,49.34,57.30
3338,63.60,58.63,73.82
3348,68.93,49.41,60.99
3358,68.77,49.56,65.88
3368,59.99,63.59,74.30
3378,-9.37,-8.87,-10.42
3388,59.23,59.23,56.30
3398,65.19,55.29,58.17
3408,68.64,62.92,68.61
3418,55.09,43.75,61.58
3428,60.36,51.93,61.76
3438,64.42,58.70,65.88
3448,-11.10,-11.12,-12.98
3458,58.10,54.09,57.27
3468,55.94,63.09,65.98
3478,60.20,50.80,74.03
3488,60.32,58.86,62.43
3499,60.94,58.84,66.61
3509,-12.43,-10.84,-12.96
3519,52.76,55.57,69.85
3529,60.13,62.99,69.56
3539,68.77,50.76,60.94
3549,65.39,59.09,62.18
3559,64.57,50.21,62.38
3569,60.73,60.03,69.45
3579,-11.92,-11.66,-12.48
3589,54.73,52.47,65.20
3599,63.70,55.81,71.53
3609,68.83,54.47,61.63
3619,60.15,54.40,73.04
3629,50.53,59.27,63.22
3639,-12.18,-10.07,-12.71
3649,64.17,47.91,67.00
3659,64.47,58.74,71.61
3670,68.75,51.56,58.74
3680,73.79,58.63,64.35
3690,52.38,63.02,65.85
3700,59.56,50.82,61.75
3710,-11.43,-9.04,-12.18
3720,69.55,62.26,61.43
3730,63.60,55.77,74.33
3740,68.69,58.67,58.70
3750,60.22,54.49,71.67
3760,59.07,59.07,62.23
3770,-10.88,-10.35,-11.67
3780,63.59,54.92,54.87
3790,60.85,65.12,65.17
3800,59.14,47.93,60.72
3810,60.84,59.39,63.02
3820,55.90,49.68,77.46
3830,56.08,67.97,58.81
3840,-10.37,-9.36,-11.46
3850,64.45,54.42,72.49
3860,67.50,50.30,56.78
3870,67.92,59.35,68.09
3880,65.17,54.60,63.00
3890,54.30,59.12,65.48
3900,-12.71,-10.86,-11.39
3910,64.15,62.72,66.97
3920,60.18,55.09,61.63
3930,59.14,57.55,57.55
3940,68.72,57.99,65.19
3950,60.77,67.23,65.02
3960,64.52,50.22,57.40
3970,-10.68,-8.84,-10.92
3980,64.60,53.94,61.06
