162
MotorSpeedMeasurement
1000,0,0,0
1010,0.00,1.16,0.62
1020,-0.78,-1.37,-0.54
1030,7.14,5.12,4.91
1040,10.86,8.30,6.73
1050,13.59,10.13,10.02
1060,11.10,12.60,6.93
1070,12.96,14.83,8.36
1080,16.04,18.94,14.43
1090,-3.46,-3.71,-2.64
1100,21.27,22.93,12.50
1110,22.08,24.66,17.76
1120,25.40,27.38,15.38
1130,27.35,29.43,16.59
1140,29.06,29.58,17.93
1150,-5.05,-5.81,-3.70
1160,27.29,28.55,20.16
1170,28.90,30.82,22.15
1180,31.12,32.86,23.35
1190,33.12,34.56,24.22
1200,32.59,34.52,25.14
1210,35.82,33.34,27.22
1220,-6.61,-7.14,-5.32
1230,38.27,40.07,28.95
1240,38.48,40.69,24.45
1250,40.40,43.30,29.99
1260,41.40,44.75,31.40
1270,42.37,36.48,31.76
1280,-7.02,-6.50,-4.69
1290,45.12,43.19,33.13
1300,45.88,35.17,34.47
1310,43.07,41.13,31.89
1320,48.42,36.30,31.25
1330,42.86,44.43,30.52
1340,45.79,43.88,32.91
1350,-8.49,-8.99,-6.37
1360,51.44,53.67,34.31
1370,45.37,34.10,32.87
1380,49.89,42.34,35.64
1390,49.04,42.73,36.84
1400,49.87,47.62,36.29
1410,-8.06,-8.32,-5.98
1420,51.84,49.26,38.41
1430,51.24,32.37,37.46
1440,52.36,45.99,39.71
1451,52.11,37.84,39.87
1461,53.12,48.26,40.16
1471,54.49,52.48,40.27
1481,-10.08,-8.21,-7.68
1491,41.94,40.50,41.96
1501,48.89,41.98,40.89
1511,51.52,58.08,42.99
1521,52.46,47.69,42.50
1531,57.18,50.62,44.35
1541,-8.03,-8.85,-6.75
1551,49.15,43.97,44.54
1561,58.61,52.87,40.94
1571,41.57,44.45,45.52
1581,52.36,46.01,44.37
1591,55.68,54.25,45.69
1601,59.23,54.07,44.78
1611,-10.31,-8.76,-8.50
1622,57.57,51.08,47.71
1632,59.70,63.39,47.54
1642,57.82,52.72,47.04
1652,53.30,59.82,44.68
1662,58.51,38.96,47.63
1672,-8.33,-8.05,-7.83
1682,62.72,53.50,48.43
1692,53.98,48.15,45.23
1702,63.31,41.28,49.26
1712,62.26,45.68,47.47
1722,59.69,54.02,48.64
1732,63.94,50.26,50.86
1742,-10.61,-10.57,-9.27
1752,61.61,38.99,48.37
1762,61.06,50.26,49.41
1772,60.43,46.93,47.78
1782,44.50,60.29,50.24
1792,58.51,33.21,49.04
1802,52.30,-9.53,-9.53
1812,-11.68,30.11,52.25
1822,60.82,56.47,48.11
1832,61.20,28.17,51.24
1842,59.78,52.52,47.77
1852,48.87,47.98,51.72
1862,57.99,45.39,49.33
1872,-10.87,-7.43,-9.04
1882,60.35,40.19,51.44
1892,61.75,35.53,49.39
1902,54.76,43.97,49.17
1912,58.04,43.54,49.64
1922,47.23,45.66,47.81
1932,54.42,49.27,49.84
1942,-11.65,-9.53,-9.29
1952,64.27,36.71,50.82
1963,46.43,52.23,53.68
1973,59.45,58.02,50.13
1983,59.45,46.73,51.80
1993,60.46,49.53,54.70
2003,-11.63,-9.29,-9.25
2013,57.07,45.97,48.49
2023,60.15,45.85,51.60
2033,60.10,47.23,54.36
2043,55.81,44.40,51.29
2053,53.51,46.15,48.79
2063,60.70,50.03,51.42
2073,-10.86,-10.33,-9.56
2083,59.45,54.36,52.93
2093,57.98,41.85,49.97
2103,60.75,50.84,51.46
2113,42.55,50.26,51.91
2123,47.80,50.96,51.54
2134,-9.82,-7.94,-9.53
2144,47.88,47.35,55.94
2154,48.20,47.26,53.01
2164,47.75,50.17,52.99
2174,51.56,46.30,52.11
2184,58.15,41.38,50.95
2194,55.79,50.92,52.30
2204,-10.07,-9.52,-9.52
2214,65.45,51.22,52.07
2224,49.38,40.88,50.95
2234,48.64,51.50,52.93
2244,59.99,52.07,53.49
2254,62.87,51.42,52.87
2264,-8.85,-8.32,-8.32
2274,62.14,52.83,52.26
2284,57.13,54.87,53.45
2294,43.92,47.65,53.79
2304,57.20,42.90,50.84
2314,62.12,51.13,53.22
2324,48.71,47.65,54.04
2334,-9.82,-9.54,-9.80
2344,58.63,60.03,52.91
2354,54.63,52.08,51.42
2364,57.78,44.29,54.92
2374,56.49,48.62,52.89
2384,57.29,48.62,53.75
2394,-10.38,-8.86,-8.58
2404,57.53,57.42,55.20
2414,42.08,46.79,53.92
2424,62.02,56.27,54.17
2434,45.15,47.73,51.89
2444,49.51,42.95,54.34
2454,57.74,52.17,54.23
2464,-8.50,-9.54,-10.07
2475,58.13,56.03,55.27
2485,57.95,51.46,55.10
2495,53.51,47.73,53.51
2505,53.71,47.23,55.14
2515,57.72,47.94,54.21
2525,-8.84,-7.01,-8.29
2535,62.82,57.06,55.02
2545,57.83,49.19,54.36
2555,61.97,53.52,54.79
2565,50.86,46.74,52.45
2575,50.05,48.02,55.08
2585,54.81,61.37,54.23
2595,-10.07,-9.79,-10.03
2605,50.91,53.19,51.82
2615,59.18,52.24,55.68
2625,55.06,48.54,54.23
2635,62.02,56.25,51.09
2646,61.42,56.36,55.10
2656,-10.58,-8.23,-10.07
2666,57.97,48.54,55.70
2676,58.42,57.74,55.64
2686,58.51,49.34,54.19
2696,54.61,47.56,53.90
2706,57.04,55.46,54.64
2716,53.49,56.54,50.92
2726,-9.27,-9.80,-10.35
2736,51.47,44.24,53.72
2746,52.81,52.81,55.64
2756,62.64,55.35,54.77
2766,53.56,57.79,51.28
2776,56.24,44.41,53.05
2786,-10.07,-10.58,-10.34
2796,54.04,47.50,55.53
2806,54.42,43.87,55.07
2816,51.38,57.80,53.85
2826,62.89,43.82,55.75
2836,53.71,47.73,55.14
2846,53.37,56.21,56.21
2856,-10.87,-9.30,-10.34
2866,51.38,58.66,53.03
2876,58.56,52.01,56.49
2886,62.72,56.21,54.74
2896,58.45,49.34,55.59
2906,51.44,44.45,54.66
2916,54.25,51.99,-10.36
2926,-10.87,-10.60,56.00
2936,59.04,56.98,55.70
2946,49.29,49.29,54.07
2956,54.21,47.62,55.66
2966,45.69,53.61,56.27
2976,54.74,62.00,55.55
2987,-10.88,-8.48,-10.33
2997,62.72,51.97,55.68
3007,64.10,57.00,56.21
3017,57.88,41.02,56.56
3027,62.75,48.98,56.18
3037,51.38,44.41,53.03
3047,-10.36,56.27,-10.62
3057,53.83,-11.40,56.07
3067,55.02,49.12,55.66
3077,58.73,38.08,54.66
3087,54.34,45.21,55.79
3097,59.23,49.12,56.45
3107,50.03,48.07,55.75
3117,-8.34,-8.07,-8.83
3127,55.55,53.47,55.64
3137,55.00,62.75,51.36
3147,58.56,47.73,56.41
3158,55.64,57.02,56.41
3168,67.26,49.51,56.47
3178,54.79,57.67,56.21
3188,-8.74,-10.07,-10.62
3198,58.47,51.99,55.68
3208,51.44,48.52,54.63
3218,50.90,45.76,52.30
3228,58.58,48.58,55.72
3238,59.96,52.03,55.72
3248,-9.60,-6.51,-8.82
3258,58.54,49.95,56.45
3268,55.06,44.82,56.36
3278,62.92,40.96,56.49
3288,57.07,49.15,49.17
3298,57.65,56.88,56.21
3308,50.60,49.45,56.41
3318,-11.15,-8.99,-10.62
3328,55.56,52.36,53.97
3338,54.94,49.45,57.01
3348,50.03,54.30,56.51
3358,62.89,43.39,56.58
3368,59.14,57.00,56.18
3378,-10.17,-8.07,-8.85
3388,58.72,58.01,56.56
3398,56.41,48.06,56.54
3408,50.01,57.13,56.36
3418,56.46,43.46,54.89
3428,58.56,44.26,55.70
3438,51.48,45.23,57.06
3448,-10.58,-10.56,-10.62
3458,50.51,52.14,55.25
3468,51.38,53.58,55.62
3478,54.77,62.69,56.21
3488,54.87,48.54,56.99
3499,54.23,61.37,56.45
3509,-9.56,-10.09,-10.62
3519,59.92,58.47,57.04
3529,59.11,56.90,56.23
3539,55.75,43.78,57.13
3549,50.66,53.88,53.88
3559,55.70,44.28,56.41
3569,62.84,48.56,57.13
3579,-10.84,-9.78,-9.52
3589,47.42,44.26,54.61
3599,62.75,49.91,57.04
3609,55.70,45.70,55.68
3619,59.30,47.73,57.24
3629,46.62,44.49,54.66
3639,-11.16,-10.87,-10.61
3649,58.97,44.09,56.89
3659,58.49,52.57,55.49
3670,62.77,53.58,56.41
3680,55.68,49.97,57.11
3690,62.80,48.52,57.11
3700,55.83,62.32,56.50
3710,-10.05,-10.89,-10.62
3720,55.95,43.20,54.40
3730,60.78,48.54,57.13
3740,67.74,45.60,56.98
3750,58.45,51.92,56.23
3760,55.41,44.31,55.44
3770,-11.14,-10.08,-10.32
3780,58.88,48.85,56.78
3790,55.77,44.33,57.18
3800,55.44,49.10,53.88
3810,59.94,44.24,56.99
3820,53.54,47.75,56.49
3830,63.46,49.91,57.06
3840,-10.17,-7.02,-8.85
3850,50.22,58.08,56.63
3860,43.92,42.01,57.42
3870,54.90,47.67,56.32
3880,55.64,45.65,56.95
3890,65.00,44.39,54.87
3900,-10.33,-9.27,-10.60
3910,58.61,50.03,56.47
3920,51.54,43.46,55.88
3930,55.49,53.90,55.29
3940,51.52,44.38,56.62
3950,67.14,48.50,57.02
3960,58.58,44.24,56.34
3970,-7.04,-6.23,-8.84
3980,60.51,57.70,56.95
