
MotorSpeedMeasurement
1000,0,0,0
1025,28.51,23.60,22.98,0.04,0.04,0.03
1050,41.52,40.53,37.56,0.78,1.01,0.88
1075,57.46,58.46,54.15,1.00,1.13,1.02
1100,69.23,70.73,66.55,0.70,0.73,0.75
1126,77.42,80.00,75.78,0.51,0.58,0.58
1152,84.32,87.51,82.60,0.41,0.45,0.41
1176,89.48,92.23,87.97,0.32,0.30,0.33
1201,93.44,96.61,92.03,0.25,0.27,0.25
1226,96.78,99.92,95.07,0.20,0.20,0.18
1251,99.70,102.27,97.67,0.18,0.15,0.16
1276,100.57,104.19,99.76,0.05,0.12,0.12
1301,104.68,105.90,101.33,0.26,0.11,0.10
1326,104.26,107.15,102.65,-0.03,0.08,0.08
1351,106.06,108.31,103.93,0.11,0.07,0.08
1376,106.63,108.79,104.70,0.04,0.03,0.05
1401,107.09,109.65,105.40,0.03,0.05,0.04
1426,108.18,110.07,105.86,0.07,0.03,0.03
1452,108.23,110.59,106.26,0.00,0.03,0.02
1477,108.68,110.59,107.02,0.03,0.00,0.05
1502,109.18,111.03,107.17,0.03,0.03,0.01
1527,109.44,110.96,107.28,0.02,-0.00,0.01
1552,109.63,111.33,107.76,0.01,0.02,0.03
1577,109.76,111.15,107.88,0.01,-0.01,0.01
1602,109.70,111.62,108.22,-0.00,0.03,0.02
1627,109.91,111.57,107.97,0.01,-0.00,-0.02
1652,109.97,111.67,108.62,0.00,0.01,0.04
1677,109.98,111.52,108.40,0.00,-0.01,-0.01
1702,110.04,111.68,107.63,0.00,0.01,-0.05
1727,110.29,111.90,109.25,0.02,0.01,0.10
1752,110.16,110.74,108.33,-0.01,-0.07,-0.06
1777,109.95,112.83,108.83,-0.01,0.13,0.03
1802,110.16,111.86,108.41,0.01,-0.06,-0.03
1827,110.06,111.87,108.80,-0.01,0.00,0.02
1852,110.12,111.97,108.45,0.00,0.01,-0.02
1878,110.42,111.80,108.90,0.02,-0.01,0.03
1902,110.19,111.57,108.59,-0.01,-0.01,-0.02
1927,109.96,111.99,108.83,-0.01,0.03,0.02
1952,110.28,111.80,108.82,0.02,-0.01,0.00
1977,110.13,111.87,108.43,-0.01,0.00,-0.02
2002,110.21,111.86,109.11,0.00,0.00,0.04
2027,110.52,111.87,108.53,0.02,0.00,-0.04
2052,110.13,111.95,108.99,-0.02,0.00,0.03
2077,110.07,111.84,108.98,-0.00,-0.01,0.00
2102,110.27,111.95,108.53,0.01,0.01,-0.03
2127,110.52,111.96,109.21,0.02,0.00,0.04
2152,110.20,111.87,108.88,-0.02,-0.01,-0.02
2177,110.26,111.74,108.72,0.00,-0.01,-0.01
2202,110.06,111.83,108.39,-0.01,0.01,-0.02
2227,110.27,112.10,109.40,0.01,0.02,0.06
2252,110.61,111.89,109.03,0.02,-0.01,-0.02
2277,110.11,112.02,109.01,-0.03,0.01,0.00
2302,110.26,111.35,108.58,0.01,-0.04,-0.03
2327,109.83,112.62,109.15,-0.03,0.08,0.04
2352,110.94,112.06,108.99,0.07,-0.03,-0.01
2377,110.21,112.05,108.83,-0.04,0.00,-0.01
2402,110.11,112.00,108.96,-0.01,-0.00,0.01
2427,110.14,112.01,108.84,0.00,0.00,-0.01
2452,110.49,111.93,108.93,0.02,-0.01,0.01
2477,110.23,111.41,109.17,-0.02,-0.03,0.01
2502,110.22,112.72,108.69,0.00,0.08,-0.03
2527,109.99,111.85,109.15,-0.01,-0.05,0.03
2552,110.21,112.11,109.15,0.01,0.02,0.00
2576,110.20,112.09,108.81,0.00,0.00,-0.02
2603,110.49,111.99,109.03,0.02,-0.01,0.01
2627,110.11,111.98,109.24,-0.02,0.00,0.01
2652,110.21,112.13,109.11,0.01,0.01,-0.01
2677,110.11,111.98,108.75,-0.01,-0.01,-0.02
2702,110.58,112.04,109.25,0.03,0.00,0.03
2727,110.24,112.10,109.12,-0.02,0.00,-0.01
2752,110.05,112.04,108.85,-0.01,-0.00,-0.02
2777,110.19,111.79,108.93,0.01,-0.02,0.01
2802,110.14,112.32,109.22,-0.00,0.03,0.02
2827,110.49,112.09,109.11,0.02,-0.01,-0.01
2852,110.24,111.92,108.88,-0.01,-0.01,-0.01
2877,110.11,112.28,109.07,-0.01,0.02,0.01
2903,110.14,112.08,109.09,0.00,-0.01,0.00
2928,110.14,111.95,108.88,0.00,-0.01,-0.01
2953,110.40,112.30,108.96,0.02,0.02,0.01
2978,110.29,112.12,108.80,-0.01,-0.01,-0.01
3003,110.23,111.81,109.07,-0.00,-0.02,0.02
3028,110.09,112.43,109.02,-0.01,0.04,-0.00
3053,110.13,112.11,108.74,0.00,-0.02,-0.02
3078,110.18,112.09,109.10,0.00,0.00,0.02
3103,110.50,111.81,109.19,0.02,-0.02,0.01
3128,110.07,112.41,109.03,-0.03,0.04,-0.01
3153,110.26,112.20,108.72,0.01,-0.01,-0.02
3178,110.11,112.02,109.31,-0.01,-0.01,0.04
3203,110.18,112.11,109.17,0.00,0.01,-0.01
3228,110.61,112.19,108.75,0.03,0.00,-0.02
3253,110.09,112.04,109.34,-0.03,-0.01,0.04
3278,110.24,111.56,109.15,0.01,-0.03,-0.01
3303,110.13,112.71,108.88,-0.01,0.07,-0.02
3329,110.26,111.44,109.15,0.01,-0.08,0.02
3354,110.56,112.71,109.09,0.02,0.08,-0.00
3379,110.14,112.06,108.96,-0.03,-0.04,-0.01
3404,110.26,111.81,108.91,0.01,-0.01,-0.00
3429,110.16,112.19,109.04,-0.01,0.02,0.01
3454,110.19,111.90,108.76,0.00,-0.02,-0.02
3479,110.52,112.19,109.12,0.02,0.02,0.02
3504,110.09,112.09,109.13,-0.03,-0.01,0.00
3529,110.21,111.99,108.75,0.01,-0.01,-0.02
3554,110.07,112.09,109.15,-0.01,0.01,0.02
3579,110.25,112.13,109.07,0.01,0.00,-0.00
3604,110.52,112.06,108.42,0.02,-0.00,-0.04
3629,110.05,112.13,109.50,-0.03,0.00,0.07
3654,110.31,112.05,108.34,0.02,-0.00,-0.07
3679,110.11,112.06,109.42,-0.01,0.00,0.07
3704,110.56,112.15,108.96,0.03,0.01,-0.03
3729,110.26,112.09,109.30,-0.02,-0.00,0.02
3755,110.14,111.30,109.01,-0.01,-0.05,-0.02
3779,110.23,112.88,108.89,0.01,0.10,-0.01
3804,110.49,112.09,108.98,0.02,-0.05,0.01
3829,110.26,111.95,109.05,-0.01,-0.01,0.00
3854,110.14,112.07,108.76,-0.01,0.01,-0.02
3879,110.18,112.18,109.24,0.00,0.01,0.03
3904,110.21,112.13,109.11,0.00,-0.00,-0.01
3929,110.45,112.09,108.81,0.01,-0.00,-0.02
