Measurement Started!
0,0,0,0,0,0,0
3.00, 0.00, 0.00, 0.00, 0.00, 0.00, 0.00
13.00, 0.00, 0.00, 0.00, 0.00, 0.00, 0.00
23.00, 12.36, 13.02, 13.84, 1.60, 1.78, 2.23
33.00, 23.75, 23.60, 23.35, 1.89, 1.63, 1.37
43.00, 32.41, 32.38, 32.80, 1.28, 1.29, 1.47
53.00, 40.04, 40.00, 39.82, 1.28, 1.33, 1.17
63.00, 47.39, 46.71, 46.41, 1.18, 1.03, 1.03
74.00, 53.39, 53.02, 52.73, 0.91, 0.97, 0.97
83.00, 59.76, 58.81, 57.97, 1.02, 0.91, 0.84
94.00, 64.26, 62.68, 63.29, 0.76, 0.65, 0.90
104.00, 68.12, 68.87, 67.06, 0.60, 0.97, 0.59
114.00, 73.09, 72.22, 71.71, 0.75, 0.52, 0.70
124.00, 76.09, 76.15, 74.65, 0.48, 0.61, 0.46
135.00, 80.31, 78.91, 78.32, 0.66, 0.42, 0.58
145.00, 82.63, 82.41, 81.30, 0.36, 0.54, 0.45
155.00, 85.89, 85.86, 84.24, 0.50, 0.53, 0.45
165.00, 87.60, 88.13, 86.02, 0.27, 0.36, 0.28
176.00, 90.92, 89.59, 88.50, 0.51, 0.23, 0.38
186.00, 91.80, 91.72, 90.19, 0.15, 0.36, 0.28
195.00, 93.89, 93.02, 91.86, 0.34, 0.21, 0.27
205.00, 96.04, 95.80, 93.56, 0.33, 0.43, 0.26
216.00, 95.21, 96.56, 94.55, -0.13, 0.12, 0.15
226.00, 99.98, 97.88, 96.66, 0.82, 0.22, 0.36
236.00, 99.53, 99.41, 96.53, -0.07, 0.24, -0.02
246.00, 100.83, 100.19, 99.21, 0.21, 0.12, 0.42
256.00, 101.50, 101.61, 99.33, 0.10, 0.22, 0.02
266.00, 102.29, 102.25, 100.30, 0.13, 0.11, 0.16
276.00, 103.80, 103.29, 100.91, 0.24, 0.17, 0.10
286.00, 104.16, 103.25, 101.54, 0.06, -0.01, 0.10
296.00, 104.39, 105.18, 102.33, 0.04, 0.30, 0.13
307.00, 105.89, 105.93, 102.74, 0.24, 0.12, 0.06
317.00, 105.51, 105.81, 104.19, -0.06, -0.02, 0.23
327.00, 106.23, 106.62, 103.53, 0.11, 0.13, -0.10
337.00, 107.72, 106.39, 104.97, 0.23, -0.03, 0.22
348.00, 107.58, 108.65, 105.26, -0.02, 0.35, 0.04
358.00, 107.51, 107.68, 105.46, -0.01, -0.15, 0.03
368.00, 107.73, 107.68, 105.67, 0.03, 0.00, 0.03
378.00, 109.42, 109.28, 105.91, 0.27, 0.25, 0.04
389.00, 108.35, 108.95, 106.31, -0.16, -0.05, 0.06
399.00, 109.31, 107.73, 106.41, 0.15, -0.18, 0.02
409.00, 109.69, 111.06, 106.15, 0.06, 0.52, -0.04
420.00, 108.93, 110.13, 106.56, -0.12, -0.14, 0.06
431.00, 110.07, 109.10, 107.60, 0.18, -0.16, 0.16
441.00, 110.09, 110.54, 106.85, 0.00, 0.22, -0.12
451.00, 110.24, 110.38, 105.38, 0.02, -0.02, -0.22
461.00, 110.68, 110.67, 109.48, 0.07, 0.04, 0.63
472.00, 110.80, 110.68, 107.22, 0.02, 0.00, -0.35
482.00, 110.64, 110.59, 107.89, -0.02, -0.01, 0.10
492.00, 110.89, 110.81, 107.34, 0.04, 0.03, -0.08
503.00, 110.77, 111.19, 107.90, -0.02, 0.06, 0.08
513.00, 111.02, 111.02, 107.56, 0.04, -0.03, -0.05
524.00, 109.29, 111.15, 108.10, -0.26, 0.02, 0.08
534.00, 112.70, 111.11, 107.64, 0.52, -0.01, -0.07
544.00, 111.03, 111.79, 108.31, -0.25, 0.10, 0.10
555.00, 111.11, 111.37, 107.35, 0.01, -0.06, -0.14
566.00, 112.22, 111.24, 108.43, 0.17, -0.02, 0.16
576.00, 111.11, 111.62, 108.47, -0.17, 0.06, 0.01
586.00, 111.15, 111.83, 108.14, 0.01, 0.03, -0.05
597.00, 111.32, 111.75, 107.89, 0.03, -0.01, -0.04
608.00, 112.44, 111.45, 108.51, 0.17, -0.05, 0.09
618.00, 111.28, 111.24, 108.43, -0.18, -0.03, -0.01
628.00, 111.37, 112.47, 107.89, 0.01, 0.19, -0.08
638.00, 112.13, 111.58, 108.60, 0.11, -0.14, 0.11
650.00, 111.37, 112.34, 108.39, -0.12, 0.11, -0.03
660.00, 111.62, 111.66, 108.43, 0.04, -0.10, 0.01
670.00, 112.25, 111.84, 108.02, 0.10, 0.03, -0.06
680.00, 111.45, 111.41, 108.68, -0.12, -0.06, 0.10
692.00, 111.62, 112.25, 108.35, 0.03, 0.13, -0.05
702.00, 112.51, 112.22, 108.51, 0.13, -0.00, 0.03
712.00, 111.49, 112.55, 108.23, -0.15, 0.05, -0.04
722.00, 111.49, 111.84, 108.76, 0.00, -0.11, 0.08
733.00, 111.97, 111.92, 108.47, 0.07, 0.01, -0.04
744.00, 112.47, 112.47, 108.23, 0.08, 0.08, -0.04
754.00, 111.62, 111.84, 108.55, -0.13, -0.10, 0.05
764.00, 111.58, 111.96, 108.85, -0.01, 0.02, 0.04
775.00, 112.47, 112.47, 108.39, 0.13, 0.08, -0.07
786.00, 111.41, 112.00, 108.35, -0.16, -0.07, -0.01
796.00, 112.55, 112.47, 108.59, 0.17, 0.07, 0.04
806.00, 111.62, 111.96, 108.81, -0.14, -0.08, 0.03
817.00, 111.58, 112.01, 108.55, -0.01, 0.01, -0.04
828.00, 112.81, 112.33, 108.68, 0.19, 0.05, 0.02
838.00, 111.71, 112.22, 108.18, -0.17, -0.02, -0.08
848.00, 111.58, 112.51, 108.67, -0.02, 0.04, 0.07
859.00, 110.82, 111.75, 108.76, -0.11, -0.12, 0.01
870.00, 113.46, 112.67, 107.16, 0.40, 0.14, -0.24
880.00, 112.64, 111.96, 109.96, -0.12, -0.11, 0.42
890.00, 111.49, 109.48, 108.69, -0.17, -0.37, -0.20
901.00, 112.55, 115.09, 108.67, 0.16, 0.86, 0.00
911.00, 112.23, 112.14, 108.97, -0.05, -0.45, 0.05
922.00, 111.75, 111.71, 108.60, -0.07, -0.07, -0.06
932.00, 111.58, 112.86, 108.06, -0.03, 0.17, -0.08
943.00, 110.06, 112.09, 109.10, -0.23, -0.12, 0.16
953.00, 114.61, 112.60, 109.01, 0.70, 0.08, -0.01
964.00, 112.73, 112.00, 108.63, -0.28, -0.09, -0.06
974.00, 111.79, 112.60, 108.85, -0.14, 0.09, 0.03
985.00, 111.66, 111.88, 107.94, -0.02, -0.11, -0.14
995.00, 112.47, 111.92, 109.06, 0.12, 0.01, 0.17
1006.00, 112.01, 112.67, 108.80, -0.07, 0.11, -0.04
1016.00, 112.41, 111.49, 109.10, 0.06, -0.18, 0.05
1027.00, 112.50, 112.96, 108.39, 0.01, 0.22, -0.10
1038.00, 111.75, 112.45, 108.84, -0.11, -0.08, 0.07
1048.00, 112.24, 112.37, 108.39, 0.07, -0.01, -0.07
1059.00, 112.71, 112.13, 109.48, 0.07, -0.04, 0.16
1070.00, 111.58, 112.33, 108.80, -0.17, 0.03, -0.10
1080.00, 112.07, 112.37, 108.84, 0.07, 0.01, 0.01
1091.00, 112.77, 111.66, 108.79, 0.11, -0.11, -0.01
1101.00, 111.45, 112.88, 108.84, -0.19, 0.18, 0.01
1113.00, 112.50, 112.33, 108.72, 0.16, -0.08, -0.02
1123.00, 112.41, 112.67, 108.63, -0.01, 0.05, -0.01
1133.00, 111.58, 111.79, 108.84, -0.13, -0.13, 0.03
1144.00, 112.45, 112.48, 108.84, 0.13, 0.10, 0.00
1155.00, 112.90, 112.68, 108.84, 0.07, 0.03, 0.00
1165.00, 111.62, 112.00, 108.96, -0.19, -0.10, 0.02
1176.00, 112.45, 112.55, 108.80, 0.12, 0.08, -0.02
1186.00, 112.37, 112.48, 108.84, -0.01, -0.01, 0.01
1197.00, 111.66, 111.96, 109.31, -0.11, -0.08, 0.07
1208.00, 112.41, 112.45, 108.92, 0.11, 0.07, -0.06
1218.00, 112.67, 112.71, 108.79, 0.04, 0.04, -0.02
1229.00, 111.49, 111.45, 108.92, -0.17, -0.19, 0.02
1240.00, 112.45, 112.79, 108.72, 0.14, 0.20, -0.03
1250.00, 112.41, 112.54, 108.79, -0.01, -0.04, 0.01
1261.00, 112.75, 112.50, 108.84, 0.05, -0.01, 0.01
1271.00, 111.70, 112.17, 108.96, -0.16, -0.05, 0.02
1283.00, 112.50, 112.23, 109.31, 0.12, 0.01, 0.05
1293.00, 112.58, 112.58, 109.00, 0.01, 0.05, -0.05
1303.00, 111.87, 112.05, 108.84, -0.11, -0.08, -0.02
1314.00, 110.87, 112.44, 108.83, -0.15, 0.06, 0.00
1325.00, 114.21, 112.54, 109.09, 0.51, 0.01, 0.04
1335.00, 111.53, 111.79, 109.09, -0.40, -0.11, 0.00
1346.00, 112.81, 112.90, 108.88, 0.19, 0.17, -0.03
1356.00, 112.75, 112.32, 108.79, -0.01, -0.09, -0.01
1368.00, 111.62, 112.75, 109.00, -0.17, 0.06, 0.03
1378.00, 111.04, 112.04, 108.96, -0.09, -0.11, -0.01
1388.00, 114.26, 112.41, 108.59, 0.49, 0.06, -0.06
1399.00, 112.40, 112.45, 109.73, -0.27, 0.01, 0.17
1409.00, 111.96, 112.53, 109.08, -0.07, 0.01, -0.10
1420.00, 112.58, 112.04, 109.04, 0.09, -0.07, -0.00
1431.00, 112.54, 112.45, 109.04, -0.01, 0.06, 0.00
1441.00, 111.87, 110.35, 109.04, -0.10, -0.32, 0.00
1451.00, 112.50, 114.48, 109.13, 0.09, 0.63, 0.01
1463.00, 112.84, 112.62, 108.71, 0.05, -0.28, -0.06
1473.00, 111.79, 111.57, 109.13, -0.16, -0.16, 0.06
1484.00, 112.54, 112.75, 109.43, 0.11, 0.18, 0.04
1494.00, 112.62, 110.99, 109.09, 0.01, -0.26, -0.05
1505.00, 112.44, 114.26, 109.16, -0.03, 0.49, 0.01
1516.00, 111.75, 112.44, 109.00, -0.10, -0.27, -0.02
1526.00, 112.50, 112.08, 108.91, 0.11, -0.05, -0.01
1537.00, 112.32, 112.50, 108.67, -0.03, 0.06, -0.04
1548.00, 112.67, 112.36, 109.86, 0.05, -0.02, 0.18
1558.00, 111.87, 112.54, 109.08, -0.12, 0.03, -0.12
1569.00, 112.54, 112.17, 109.25, 0.10, -0.06, 0.03
1579.00, 112.58, 112.41, 108.87, 0.01, 0.04, -0.06
1591.00, 110.20, 112.58, 109.17, -0.35, 0.03, 0.04
1601.00, 113.92, 112.36, 108.83, 0.55, -0.03, -0.05
1611.00, 112.62, 112.17, 109.98, -0.19, -0.03, 0.17
1622.00, 112.84, 112.48, 109.20, 0.03, 0.05, -0.12
1633.00, 111.53, 112.37, 107.42, -0.19, -0.02, -0.26
1644.00, 112.50, 112.67, 110.69, 0.14, 0.04, 0.49
1654.00, 112.62, 111.66, 109.59, 0.02, -0.15, -0.16
1665.00, 112.36, 112.96, 109.20, -0.04, 0.20, -0.06
1676.00, 112.84, 112.41, 109.13, 0.07, -0.08, -0.01
1686.00, 111.58, 112.50, 108.87, -0.19, 0.01, -0.04
1697.00, 112.44, 112.40, 109.59, 0.13, -0.01, 0.11
1707.00, 112.71, 111.87, 109.36, 0.04, -0.08, -0.03
1719.00, 112.84, 113.01, 109.17, 0.02, 0.17, -0.03
1729.00, 112.40, 112.50, 108.99, -0.06, -0.08, -0.03
1739.00, 111.79, 112.75, 108.83, -0.09, 0.04, -0.02
1750.00, 112.23, 112.36, 109.98, 0.07, -0.06, 0.17
1761.00, 112.75, 112.13, 109.20, 0.08, -0.03, -0.12
1772.00, 112.92, 112.48, 108.99, 0.03, 0.05, -0.03
1782.00, 111.75, 112.50, 109.25, -0.18, 0.00, 0.04
1792.00, 112.84, 111.96, 109.21, 0.16, -0.08, -0.01
1804.00, 112.32, 112.88, 109.55, -0.08, 0.14, 0.05
1814.00, 112.75, 111.08, 109.33, 0.06, -0.27, -0.03
1825.00, 112.08, 114.26, 109.20, -0.10, 0.48, -0.02
1835.00, 112.48, 112.48, 108.99, 0.06, -0.26, -0.03
1846.00, 112.62, 112.17, 108.91, 0.02, -0.05, -0.01
1857.00, 112.71, 112.36, 110.02, 0.01, 0.03, 0.17
1867.00, 112.53, 112.62, 109.24, -0.03, 0.04, -0.12
1878.00, 112.04, 112.79, 108.99, -0.07, 0.03, -0.04
1889.00, 112.71, 111.66, 109.25, 0.10, -0.17, 0.04
1900.00, 112.53, 113.01, 109.71, -0.03, 0.20, 0.07
1910.00, 112.71, 112.44, 109.24, 0.03, -0.08, -0.07
1920.00, 111.57, 112.58, 109.33, -0.17, 0.02, 0.01
1932.00, 113.01, 112.75, 108.95, 0.21, 0.03, -0.06
1942.00, 112.79, 111.66, 109.42, -0.03, -0.16, 0.07
1953.00, 112.44, 113.05, 109.63, -0.05, 0.21, 0.03
1963.00, 112.75, 112.58, 109.16, 0.05, -0.07, -0.07
1974.00, 110.33, 112.67, 109.08, -0.36, 0.01, -0.01
1985.00, 114.22, 112.57, 109.42, 0.58, -0.01, 0.05
1995.00, 112.79, 111.70, 109.51, -0.21, -0.13, 0.01
2006.00, 112.61, 113.01, 109.32, -0.03, 0.20, -0.03
2017.00, 112.67, 112.44, 108.83, 0.01, -0.08, -0.07
2027.00, 103.57, 102.78, 100.95, -1.41, -1.51, -1.24
2035.00, 87.83, 87.24, 85.10, -2.63, -2.58, -2.66
2045.00, 71.66, 70.39, 70.50, -2.48, -2.59, -2.25
2055.00, 56.46, 55.22, 56.81, -2.57, -2.74, -2.40
2065.00, 41.95, 40.10, 42.53, -2.28, -2.27, -2.19
2074.00, 27.23, 24.85, 28.49, -2.47, -2.48, -2.20
2084.00, 13.82, 11.21, 15.77, -1.94, -2.29, -2.33
2095.00, 0.00, -4.30, 5.58, inf, -2.33, -2.98
2104.00, -5.57, -13.73, -5.15, -0.46, -1.51, -1.16
2115.00, -20.98, -23.89, -17.53, -2.26, -1.59, -1.75
2125.00, -30.91, -33.43, -27.19, -1.61, -1.45, -1.53
2136.00, -39.89, -41.17, -36.24, -1.34, -1.19, -1.37
2145.00, -47.39, -47.84, -42.38, -1.28, -1.15, -1.05
2155.00, -54.37, -54.34, -50.35, -1.10, -1.00, -1.24
2165.00, -60.36, -60.41, -55.59, -0.92, -0.96, -0.83
2175.00, -66.03, -65.38, -60.84, -0.89, -0.76, -0.80
2186.00, -70.74, -70.39, -66.43, -0.79, -0.86, -0.95
2196.00, -75.34, -74.68, -69.57, -0.71, -0.67, -0.49
2206.00, -78.76, -77.48, -74.30, -0.53, -0.43, -0.74
2216.00, -82.31, -81.73, -77.36, -0.55, -0.66, -0.48
2226.00, -85.82, -83.47, -80.31, -0.62, -0.30, -0.52
2236.00, -87.99, -86.98, -82.62, -0.33, -0.53, -0.35
2246.00, -90.84, -89.95, -86.02, -0.43, -0.45, -0.53
2256.00, -92.53, -91.36, -87.99, -0.26, -0.22, -0.30
2267.00, -94.96, -94.10, -89.97, -0.38, -0.43, -0.31
2277.00, -96.44, -95.32, -92.12, -0.24, -0.20, -0.35
2286.00, -98.65, -97.64, -93.57, -0.36, -0.38, -0.24
2296.00, -99.84, -98.08, -94.92, -0.19, -0.07, -0.21
2307.00, -101.37, -100.86, -95.99, -0.23, -0.42, -0.16
2317.00, -102.17, -101.57, -98.37, -0.13, -0.11, -0.38
2327.00, -102.89, -102.29, -99.18, -0.11, -0.11, -0.12
2338.00, -104.65, -104.28, -100.03, -0.27, -0.31, -0.13
2349.00, -104.78, -104.73, -100.99, -0.02, -0.07, -0.15
2359.00, -106.66, -105.14, -102.18, -0.28, -0.06, -0.18
2370.00, -106.42, -106.88, -102.92, 0.04, -0.26, -0.11
2380.00, -107.54, -107.77, -103.45, -0.17, -0.13, -0.08
2390.00, -108.14, -108.06, -105.10, -0.09, -0.04, -0.25
2402.00, -108.43, -108.39, -104.94, -0.04, -0.05, 0.02
2412.00, -110.23, -109.12, -105.76, -0.27, -0.11, -0.12
2423.00, -109.27, -108.66, -106.64, 0.14, 0.07, -0.13
2433.00, -110.41, -111.45, -106.82, -0.17, -0.42, -0.03
2445.00, -110.76, -110.95, -107.11, -0.05, 0.07, -0.04
2456.00, -110.53, -111.04, -107.70, 0.03, -0.01, -0.09
2466.00, -111.33, -111.82, -107.55, -0.12, -0.12, 0.02
2478.00, -111.53, -111.61, -109.06, -0.03, 0.03, -0.22
2488.00, -111.57, -111.98, -108.51, -0.01, -0.05, 0.08
2499.00, -111.77, -111.90, -109.17, -0.03, 0.01, -0.10
2510.00, -112.19, -112.44, -108.58, -0.06, -0.08, 0.09
2521.00, -112.23, -112.64, -109.81, -0.01, -0.03, -0.18
2532.00, -112.78, -113.19, -109.57, -0.08, -0.08, 0.04
2542.00, -112.51, -112.88, -109.53, 0.04, 0.05, 0.01
2553.00, -112.39, -111.57, -109.98, 0.02, 0.19, -0.06
2565.00, -112.47, -115.25, -110.46, -0.01, -0.54, -0.07
2575.00, -112.10, -112.99, -110.27, 0.05, 0.33, 0.03
2586.00, -114.36, -114.32, -110.58, -0.33, -0.19, -0.05
2597.00, -113.48, -113.28, -110.55, 0.13, 0.15, 0.00
2608.00, -112.80, -114.36, -110.64, 0.10, -0.16, -0.01
2619.00, -112.80, -113.64, -110.14, 0.00, 0.11, 0.07
2630.00, -113.78, -114.24, -110.80, -0.14, -0.09, -0.10
2640.00, -113.09, -113.53, -110.80, 0.10, 0.10, 0.00
2652.00, -113.09, -114.57, -110.83, 0.00, -0.15, -0.00
2663.00, -113.98, -113.86, -110.92, -0.13, 0.10, -0.01
2673.00, -112.99, -113.11, -111.04, 0.14, 0.11, -0.02
2684.00, -113.78, -115.46, -111.12, -0.11, -0.34, -0.01
2696.00, -113.03, -114.37, -111.45, 0.11, 0.16, -0.05
2706.00, -113.83, -114.62, -111.61, -0.11, -0.04, -0.02
2717.00, -113.38, -114.83, -111.17, 0.07, -0.03, 0.06
2728.00, -113.62, -113.90, -111.29, -0.03, 0.13, -0.02
2740.00, -113.32, -114.66, -111.29, 0.04, -0.11, 0.00
2750.00, -114.32, -114.99, -111.41, -0.15, -0.05, -0.02
2761.00, -113.19, -113.79, -110.92, 0.16, 0.17, 0.07
2772.00, -112.38, -114.95, -111.41, 0.12, -0.17, -0.07
2783.00, -115.67, -114.66, -112.22, -0.48, 0.04, -0.12
2794.00, -113.19, -115.08, -111.33, 0.36, -0.06, 0.13
2805.00, -113.95, -113.91, -111.57, -0.11, 0.17, -0.04
2816.00, -111.29, -114.78, -110.96, 0.38, -0.13, 0.09
2827.00, -116.14, -114.99, -111.85, -0.71, -0.03, -0.13
2838.00, -114.16, -114.95, -112.02, 0.29, 0.01, -0.02
2849.00, -113.28, -113.34, -111.70, 0.13, 0.23, 0.05
2859.00, -113.99, -115.67, -111.41, -0.10, -0.34, 0.04
2871.00, -113.28, -114.91, -111.17, 0.10, 0.11, 0.03
2882.00, -112.62, -114.78, -112.38, 0.09, 0.02, -0.17
2893.00, -115.59, -115.08, -111.57, -0.43, -0.04, 0.12
2904.00, -113.61, -114.12, -111.57, 0.29, 0.14, 0.00
2915.00, -114.28, -115.12, -111.70, -0.10, -0.15, -0.02
2926.00, -113.13, -114.66, -111.25, 0.16, 0.07, 0.06
2936.00, -114.12, -115.08, -112.25, -0.14, -0.06, -0.14
2948.00, -114.08, -114.91, -111.61, 0.01, 0.02, 0.09
2959.00, -113.64, -114.28, -111.70, 0.06, 0.09, -0.01
2970.00, -114.08, -115.04, -111.21, -0.06, -0.11, 0.07
2980.00, -112.74, -114.78, -111.77, 0.19, 0.04, -0.08
2992.00, -114.99, -115.04, -112.39, -0.33, -0.04, -0.09
3003.00, -112.58, -114.33, -111.45, 0.35, 0.10, 0.14
3013.00, -115.74, -114.66, -111.33, -0.46, -0.05, 0.02
3024.00, -113.53, -115.29, -111.81, 0.32, -0.09, -0.07
3036.00, -114.12, -114.83, -112.22, -0.09, 0.07, -0.06
3047.00, -114.16, -115.20, -111.37, -0.01, -0.06, 0.12
3057.00, -113.36, -114.91, -111.21, 0.12, 0.04, 0.02
3068.00, -114.41, -114.83, -111.13, -0.15, 0.01, 0.01
3080.00, -114.37, -114.24, -113.18, 0.01, 0.09, -0.30
3091.00, -113.57, -115.20, -111.57, 0.12, -0.14, 0.23
3101.00, -114.16, -114.70, -110.92, -0.09, 0.07, 0.09
3112.00, -114.24, -115.37, -112.14, -0.01, -0.10, -0.18
3124.00, -113.48, -114.91, -112.17, 0.11, 0.07, -0.00
3134.00, -114.33, -114.20, -111.74, -0.12, 0.10, 0.06
3145.00, -114.20, -114.99, -111.53, 0.02, -0.12, 0.03
3156.00, -113.61, -114.99, -111.82, 0.09, 0.00, -0.04
3168.00, -114.57, -115.47, -112.14, -0.14, -0.07, -0.05
3178.00, -113.05, -114.99, -111.53, 0.22, 0.07, 0.09
3189.00, -114.78, -114.28, -111.78, -0.25, 0.10, -0.04
3200.00, -114.20, -115.25, -111.33, 0.08, -0.14, 0.06
3211.00, -113.48, -114.91, -112.46, 0.10, 0.05, -0.16
3222.00, -114.28, -114.87, -111.49, -0.12, 0.01, 0.14
3233.00, -114.20, -115.20, -111.61, 0.01, -0.05, -0.02
3245.00, -113.65, -114.24, -111.41, 0.08, 0.14, 0.03
3255.00, -114.20, -115.16, -112.50, -0.08, -0.13, -0.16
3266.00, -114.37, -114.95, -111.57, -0.02, 0.03, 0.13
3277.00, -113.38, -115.16, -111.45, 0.14, -0.03, 0.02
3289.00, -114.41, -114.99, -112.38, -0.15, 0.02, -0.13
3299.00, -114.24, -115.29, -111.65, 0.02, -0.04, 0.10
3310.00, -113.65, -114.95, -111.82, 0.09, 0.05, -0.02
3321.00, -114.53, -114.32, -111.37, -0.13, 0.09, 0.07
3332.00, -114.04, -114.99, -112.42, 0.07, -0.10, -0.15
3343.00, -114.45, -114.99, -111.94, -0.06, 0.00, 0.07
3354.00, -113.85, -115.55, -111.69, 0.09, -0.08, 0.04
3365.00, -114.49, -114.99, -109.91, -0.09, 0.08, 0.26
3376.00, -113.69, -114.53, -113.48, 0.12, 0.07, -0.52
3387.00, -114.33, -114.74, -112.35, -0.09, -0.03, 0.17
3398.00, -114.08, -115.33, -111.69, 0.04, -0.09, 0.09
3408.00, -113.82, -115.07, -111.49, 0.04, 0.04, 0.03
3420.00, -114.33, -115.16, -111.94, -0.07, -0.01, -0.06
3431.00, -114.62, -114.41, -112.55, -0.04, 0.11, -0.09
3442.00, -113.34, -115.12, -111.73, 0.18, -0.10, 0.12
3452.00, -114.70, -114.87, -111.57, -0.20, 0.04, 0.02
3464.00, -114.33, -115.20, -112.47, 0.05, -0.05, -0.13
3475.00, -114.24, -115.16, -111.69, 0.01, 0.01, 0.11
3486.00, -113.82, -114.99, -111.65, 0.06, 0.02, 0.01
3496.00, -114.41, -115.42, -112.47, -0.09, -0.06, -0.12
3508.00, -114.41, -114.28, -110.47, 0.00, 0.17, 0.29
3519.00, -113.78, -115.12, -113.34, 0.09, -0.12, -0.42
3529.00, -114.37, -115.29, -111.45, -0.09, -0.03, 0.27
3540.00, -114.53, -114.99, -112.66, -0.02, 0.04, -0.17
3552.00, -112.89, -114.99, -111.73, 0.23, 0.00, 0.13
3563.00, -115.30, -115.33, -111.37, -0.35, -0.05, 0.05
3573.00, -114.37, -114.45, -112.26, 0.13, 0.13, -0.13
3584.00, -112.81, -115.03, -112.17, 0.22, -0.08, 0.01
3596.00, -115.12, -115.12, -111.86, -0.34, -0.01, 0.05
3607.00, -114.41, -115.33, -111.61, 0.10, -0.03, 0.04
3617.00, -114.53, -114.99, -112.55, -0.02, 0.05, -0.14
3629.00, -113.65, -115.12, -111.37, 0.13, -0.02, 0.17
3640.00, -114.29, -115.37, -111.94, -0.09, -0.04, -0.08
3651.00, -114.45, -114.99, -112.38, -0.02, 0.05, -0.06
3661.00, -114.41, -115.12, -111.94, 0.01, -0.02, 0.06
3673.00, -113.69, -114.53, -111.49, 0.10, 0.09, 0.06
3684.00, -114.49, -115.07, -112.64, -0.12, -0.08, -0.17
3694.00, -114.20, -115.25, -111.73, 0.04, -0.03, 0.13
3705.00, -113.54, -114.95, -111.41, 0.09, 0.04, 0.05
3717.00, -114.74, -115.42, -112.70, -0.18, -0.07, -0.19
3728.00, -114.33, -115.16, -111.77, 0.06, 0.04, 0.13
3738.00, -114.53, -114.99, -111.37, -0.03, 0.02, 0.06
3749.00, -113.82, -114.37, -112.22, 0.10, 0.09, -0.12
3761.00, -114.41, -115.12, -112.29, -0.09, -0.11, -0.01
3772.00, -114.25, -114.99, -111.65, 0.02, 0.02, 0.09
3782.00, -113.65, -115.29, -112.46, 0.09, -0.04, -0.12
3793.00, -114.49, -115.03, -111.98, -0.12, 0.04, 0.07
3805.00, -114.49, -115.46, -111.98, 0.00, -0.06, 0.00
3815.00, -114.14, -114.45, -111.94, 0.05, 0.15, 0.01
3826.00, -114.41, -115.33, -111.61, -0.04, -0.13, 0.05
3837.00, -114.58, -115.03, -112.66, -0.02, 0.04, -0.15
3849.00, -113.54, -114.95, -111.90, 0.15, 0.01, 0.11
3859.00, -114.37, -115.42, -111.41, -0.12, -0.07, 0.07
3870.00, -114.58, -114.99, -112.82, -0.03, 0.06, -0.20
3881.00, -114.45, -114.37, -111.77, 0.02, 0.09, 0.15
3892.00, -113.86, -115.29, -111.57, 0.09, -0.13, 0.03
3903.00, -114.41, -115.12, -112.78, -0.08, 0.02, -0.17
3914.00, -114.37, -115.03, -111.81, 0.01, 0.01, 0.14
3925.00, -114.70, -115.25, -111.57, -0.05, -0.03, 0.04
3936.00, -113.78, -115.24, -112.18, 0.13, 0.00, -0.09
3947.00, -114.53, -115.33, -112.64, -0.11, -0.01, -0.07
3958.00, -114.49, -114.99, -111.37, 0.01, 0.05, 0.18
3969.00, -113.86, -114.45, -112.78, 0.09, 0.08, -0.20
3980.00, -114.49, -115.16, -112.07, -0.09, -0.10, 0.11
3991.00, -114.58, -114.99, -111.90, -0.01, 0.02, 0.02
4002.00, -114.45, -115.37, -111.61, 0.02, -0.06, 0.04
4013.00, -113.82, -115.54, -112.59, 0.09, -0.02, -0.14
4023.00, -106.14, -105.54, -102.14, 1.15, 1.51, 1.57
4033.00, -88.23, -89.20, -87.08, 2.80, 2.54, 2.37
4042.00, -74.06, -73.28, -71.87, 2.24, 2.54, 2.43
4052.00, -56.71, -58.51, -56.09, 2.64, 2.32, 2.44
4062.00, -44.32, -42.51, -43.59, 2.21, 2.64, 2.11
4071.00, -30.24, -29.80, -30.57, 2.23, 2.09, 2.19
4081.00, -17.33, -15.74, -16.86, 2.13, 2.11, 2.02
4091.00, -7.03, -6.38, -5.98, 3.79, 6.25, 3.41
4102.00, 6.19, 4.42, 4.95, 1.22, 1.00, 1.13
4112.00, 20.53, 18.00, 16.75, 2.20, 1.97, 1.88
4122.00, 29.51, 27.73, 25.84, 1.39, 1.49, 1.37
4133.00, 37.41, 35.87, 34.88, 1.24, 1.22, 1.38
4144.00, 45.53, 43.52, 42.48, 1.25, 1.25, 1.21
4153.00, 51.93, 49.96, 49.40, 1.09, 1.05, 1.16
4163.00, 57.75, 56.27, 54.75, 0.90, 0.98, 0.83
4173.00, 62.56, 61.24, 60.51, 0.75, 0.78, 0.91
4184.00, 68.36, 66.30, 65.08, 0.90, 0.80, 0.69
4193.00, 71.90, 70.77, 70.24, 0.61, 0.75, 0.88
4203.00, 75.82, 74.76, 74.01, 0.60, 0.61, 0.59
4213.00, 78.95, 78.06, 77.16, 0.49, 0.51, 0.48
4223.00, 82.84, 81.80, 80.14, 0.61, 0.58, 0.47
4234.00, 85.27, 83.91, 83.63, 0.42, 0.37, 0.60
4243.00, 88.06, 86.99, 85.31, 0.43, 0.48, 0.26
4254.00, 89.81, 89.61, 88.32, 0.27, 0.39, 0.45
4264.00, 92.85, 91.24, 90.15, 0.47, 0.25, 0.28
4274.00, 94.12, 93.57, 91.95, 0.22, 0.41, 0.31
4284.00, 95.73, 93.28, 93.67, 0.25, -0.04, 0.26
4294.00, 98.23, 99.21, 95.07, 0.39, 0.93, 0.22
4304.00, 99.29, 98.23, 96.48, 0.16, -0.15, 0.22
4315.00, 100.00, 100.08, 97.91, 0.11, 0.29, 0.23
4325.00, 101.96, 100.68, 99.60, 0.32, 0.10, 0.27
4335.00, 102.70, 102.05, 99.76, 0.12, 0.21, 0.03
4344.00, 103.14, 103.03, 101.39, 0.07, 0.16, 0.26
4355.00, 104.81, 104.28, 101.78, 0.26, 0.19, 0.06
4366.00, 105.38, 104.98, 103.01, 0.09, 0.11, 0.19
4376.00, 105.62, 105.66, 103.82, 0.04, 0.10, 0.12
4386.00, 106.46, 106.78, 104.13, 0.13, 0.17, 0.05
4398.00, 107.77, 106.66, 104.82, 0.20, -0.02, 0.10
4408.00, 107.82, 107.74, 105.34, 0.01, 0.16, 0.08
4418.00, 108.63, 108.10, 105.74, 0.12, 0.05, 0.06
4429.00, 109.13, 108.67, 106.12, 0.07, 0.09, 0.06
4440.00, 109.79, 108.55, 106.10, 0.10, -0.02, -0.00
4451.00, 109.65, 110.40, 106.78, -0.02, 0.28, 0.10
4461.00, 109.67, 109.51, 106.94, 0.00, -0.13, 0.02
4472.00, 110.82, 110.37, 107.06, 0.17, 0.13, 0.02
4483.00, 111.28, 110.12, 107.38, 0.07, -0.04, 0.05
4494.00, 110.92, 110.80, 108.34, -0.05, 0.10, 0.14
4504.00, 110.50, 110.99, 107.79, -0.06, 0.03, -0.08
4515.00, 111.62, 111.45, 107.75, 0.16, 0.07, -0.01
4527.00, 111.33, 111.08, 108.54, -0.04, -0.05, 0.12
4537.00, 112.72, 111.45, 108.27, 0.20, 0.05, -0.04
4548.00, 111.86, 111.17, 108.54, -0.13, -0.04, 0.04
4559.00, 112.07, 111.45, 108.35, 0.03, 0.04, -0.03
4570.00, 111.94, 111.37, 108.66, -0.02, -0.01, 0.04
4581.00, 112.36, 111.86, 108.58, 0.06, 0.07, -0.01
4592.00, 112.22, 111.41, 108.94, -0.02, -0.07, 0.05
4602.00, 113.19, 111.57, 108.74, 0.14, 0.02, -0.03
4614.00, 112.26, 111.61, 109.13, -0.14, 0.01, 0.06
4624.00, 112.43, 111.74, 109.13, 0.02, 0.02, 0.00
4635.00, 112.65, 111.65, 108.99, 0.03, -0.01, -0.02
4646.00, 113.36, 111.74, 109.09, 0.10, 0.01, 0.01
4657.00, 112.78, 111.13, 108.70, -0.09, -0.09, -0.06
4668.00, 112.46, 112.51, 109.37, -0.05, 0.20, 0.10
4679.00, 113.44, 111.78, 109.29, 0.14, -0.11, -0.01
4689.00, 112.59, 111.45, 108.82, -0.12, -0.05, -0.07
4701.00, 112.59, 111.74, 109.53, 0.00, 0.04, 0.10
4712.00, 113.48, 111.70, 108.23, 0.13, -0.01, -0.19
4722.00, 112.76, 111.41, 109.93, -0.11, -0.04, 0.25
4733.00, 112.80, 111.49, 109.25, 0.01, 0.01, -0.10
4745.00, 113.57, 111.37, 109.49, 0.11, -0.02, 0.03
4755.00, 112.66, 112.59, 109.06, -0.13, 0.18, -0.06
4766.00, 112.14, 111.70, 109.32, -0.08, -0.13, 0.04
4777.00, 114.24, 111.33, 109.57, 0.31, -0.05, 0.04
4788.00, 111.29, 111.78, 109.45, -0.42, 0.07, -0.02
4799.00, 115.25, 111.57, 108.98, 0.58, -0.03, -0.07
4810.00, 112.74, 111.70, 109.57, -0.36, 0.02, 0.09
4820.00, 113.69, 112.05, 109.20, 0.14, 0.05, -0.05
4832.00, 112.88, 111.78, 108.90, -0.12, -0.04, -0.04
4843.00, 112.72, 111.61, 109.81, -0.02, -0.02, 0.13
4853.00, 113.54, 111.57, 109.69, 0.12, -0.01, -0.02
4864.00, 112.97, 111.61, 109.37, -0.08, 0.01, -0.05
4876.00, 113.73, 111.74, 108.74, 0.11, 0.02, -0.09
4886.00, 112.78, 112.05, 109.77, -0.14, 0.04, 0.15
4897.00, 113.78, 111.70, 109.49, 0.14, -0.05, -0.04
4909.00, 112.88, 111.70, 109.69, -0.13, 0.00, 0.03
4919.00, 113.01, 111.49, 109.02, 0.02, -0.03, -0.10
4930.00, 113.73, 111.53, 109.81, 0.11, 0.01, 0.11
4941.00, 112.74, 111.65, 109.49, -0.14, 0.02, -0.05
4952.00, 113.73, 111.57, 107.24, 0.14, -0.01, -0.32
4963.00, 112.88, 111.90, 111.33, -0.12, 0.05, 0.60
4974.00, 113.62, 111.17, 109.81, 0.11, -0.11, -0.22
4985.00, 112.93, 112.51, 109.40, -0.10, 0.20, -0.06
4996.00, 112.78, 111.37, 109.61, -0.02, -0.16, 0.03
5007.00, 113.53, 111.45, 108.70, 0.11, 0.01, -0.13
5018.00, 113.09, 111.94, 109.77, -0.06, 0.07, 0.16
5028.00, 113.61, 111.65, 109.81, 0.07, -0.04, 0.01
5040.00, 112.82, 112.01, 109.53, -0.11, 0.05, -0.04
5051.00, 113.73, 111.61, 108.74, 0.13, -0.06, -0.11
5061.00, 112.97, 111.33, 109.85, -0.11, -0.04, 0.16
5072.00, 113.25, 111.65, 109.81, 0.04, 0.05, -0.01
5084.00, 113.09, 111.78, 109.48, -0.02, 0.02, -0.05
5094.00, 113.05, 111.65, 108.78, -0.01, -0.02, -0.10
5105.00, 113.57, 111.93, 109.98, 0.07, 0.04, 0.17
5116.00, 112.82, 111.65, 109.81, -0.11, -0.04, -0.02
5127.00, 113.82, 111.41, 109.52, 0.14, -0.04, -0.04
5138.00, 112.66, 111.69, 109.45, -0.17, 0.04, -0.01
5149.00, 113.53, 111.65, 107.40, 0.13, -0.01, -0.30
5160.00, 113.01, 111.21, 111.37, -0.08, -0.06, 0.58
5171.00, 113.30, 112.39, 109.89, 0.04, 0.17, -0.21
5182.00, 113.05, 111.49, 109.56, -0.04, -0.13, -0.05
5193.00, 112.74, 111.57, 109.49, -0.04, 0.01, -0.01
5203.00, 113.48, 111.57, 109.23, 0.11, 0.00, -0.04
5215.00, 113.09, 111.70, 109.63, -0.06, 0.02, 0.06
5226.00, 113.69, 111.53, 109.85, 0.09, -0.02, 0.03
5236.00, 112.88, 111.53, 109.16, -0.12, 0.00, -0.10
5247.00, 112.97, 111.53, 109.73, 0.01, 0.00, 0.08
5258.00, 111.33, 111.57, 109.77, -0.24, 0.01, 0.01
5269.00, 115.51, 111.65, 108.89, 0.62, 0.01, -0.13
5280.00, 112.66, 111.93, 109.89, -0.41, 0.04, 0.15
5290.00, 113.65, 111.49, 109.57, 0.14, -0.06, -0.05
5302.00, 112.62, 111.57, 109.98, -0.15, 0.01, 0.06
5313.00, 113.65, 111.61, 109.60, 0.15, 0.01, -0.05
5324.00, 112.76, 111.45, 108.89, -0.13, -0.02, -0.10
5334.00, 113.01, 111.70, 109.93, 0.04, 0.04, 0.15
5346.00, 113.69, 111.21, 109.81, 0.10, -0.07, -0.02
5357.00, 112.58, 112.43, 109.69, -0.16, 0.18, -0.02
5367.00, 113.61, 111.49, 109.56, 0.15, -0.14, -0.02
5379.00, 112.54, 111.65, 108.89, -0.15, 0.02, -0.10
5390.00, 113.65, 111.41, 109.93, 0.16, -0.04, 0.15
5400.00, 112.62, 111.74, 109.81, -0.15, 0.05, -0.02
5411.00, 113.61, 111.85, 109.40, 0.14, 0.02, -0.06
5423.00, 112.80, 110.15, 109.65, -0.12, -0.24, 0.04
5434.00, 112.74, 113.05, 109.09, -0.01, 0.42, -0.08
5444.00, 113.89, 111.57, 109.89, 0.17, -0.22, 0.12
5455.00, 112.58, 111.29, 109.89, -0.19, -0.04, 0.00
5467.00, 112.93, 111.74, 109.69, 0.05, 0.07, -0.03
5477.00, 113.40, 111.61, 109.27, 0.07, -0.02, -0.06
5488.00, 113.09, 111.13, 109.63, -0.05, -0.07, 0.05
5499.00, 113.65, 112.31, 109.77, 0.08, 0.17, 0.02
5510.00, 112.58, 111.53, 109.73, -0.15, -0.11, -0.01
5521.00, 113.57, 111.13, 109.52, 0.14, -0.06, -0.03
5532.00, 112.50, 111.85, 109.09, -0.15, 0.11, -0.06
5542.00, 113.73, 111.65, 110.06, 0.18, -0.03, 0.14
5554.00, 112.72, 111.93, 109.56, -0.15, 0.04, -0.07
5565.00, 112.70, 110.06, 109.92, 0.00, -0.27, 0.05
5575.00, 113.89, 113.05, 109.63, 0.17, 0.44, -0.04
5586.00, 112.84, 111.78, 109.18, -0.15, -0.19, -0.07
5598.00, 113.42, 111.33, 109.56, 0.08, -0.06, 0.05
5608.00, 112.80, 111.61, 110.02, -0.09, 0.04, 0.07
5619.00, 112.84, 111.65, 109.61, 0.01, 0.01, -0.06
5630.00, 113.69, 111.53, 109.14, 0.12, -0.02, -0.07
5641.00, 112.66, 111.85, 109.75, -0.15, 0.05, 0.09
5652.00, 113.69, 111.70, 109.89, 0.15, -0.02, 0.02
5663.00, 112.80, 111.65, 109.65, -0.13, -0.01, -0.04
5673.00, 112.70, 111.29, 108.86, -0.01, -0.05, -0.12
5685.00, 113.48, 111.69, 110.02, 0.11, 0.06, 0.17
5696.00, 112.88, 111.53, 109.56, -0.09, -0.02, -0.07
5707.00, 113.61, 111.61, 109.93, 0.11, 0.01, 0.06
5717.00, 112.74, 111.89, 109.57, -0.12, 0.04, -0.05
5729.00, 113.69, 111.70, 108.93, 0.14, -0.03, -0.09
5740.00, 112.76, 111.37, 110.02, -0.14, -0.05, 0.16
5750.00, 112.66, 111.53, 109.52, -0.01, 0.02, -0.07
5761.00, 113.61, 111.53, 109.85, 0.14, 0.00, 0.05
5773.00, 112.76, 111.65, 109.65, -0.12, 0.02, -0.03
5783.00, 113.61, 111.70, 109.35, 0.12, 0.01, -0.04
5794.00, 112.84, 111.85, 109.67, -0.11, 0.02, 0.05
5806.00, 112.66, 111.45, 109.69, -0.03, -0.06, 0.00
5816.00, 114.02, 111.57, 109.77, 0.20, 0.02, 0.01
5827.00, 112.72, 111.53, 109.10, -0.19, -0.01, -0.10
5838.00, 113.38, 111.49, 109.71, 0.09, -0.01, 0.09
5849.00, 112.84, 111.61, 109.77, -0.08, 0.02, 0.01
5860.00, 112.76, 111.61, 109.89, -0.01, 0.00, 0.02
5871.00, 113.82, 111.61, 109.27, 0.15, 0.00, -0.09
5881.00, 112.72, 111.57, 109.98, -0.16, -0.01, 0.10
5893.00, 113.05, 111.57, 109.57, 0.05, 0.00, -0.06
5903.00, 112.84, 111.61, 109.39, -0.03, 0.01, -0.03
5914.00, 113.40, 111.13, 109.77, 0.08, -0.07, 0.06
5925.00, 113.05, 112.43, 109.67, -0.05, 0.19, -0.01
5936.00, 113.44, 111.49, 109.65, 0.06, -0.14, -0.00
5947.00, 112.74, 111.45, 107.56, -0.10, -0.01, -0.30
5958.00, 113.73, 111.49, 111.49, 0.14, 0.01, 0.57
5969.00, 112.80, 111.53, 109.63, -0.14, 0.01, -0.27
5980.00, 112.66, 111.13, 109.93, -0.02, -0.06, 0.04
5991.00, 113.44, 112.43, 109.60, 0.11, 0.19, -0.05
6002.00, 112.70, 111.61, 109.65, -0.11, -0.12, 0.01
6012.00, 113.53, 111.41, 108.78, 0.12, -0.03, -0.13
6023.00, 104.37, 102.45, 99.68, -1.39, -1.35, -1.38
6032.00, 87.58, 84.84, 86.02, -2.75, -2.90, -2.28
6041.00, 72.46, 68.79, 70.40, -2.44, -2.57, -2.50
6051.00, 56.05, 53.57, 55.39, -2.53, -2.44, -2.42
6062.00, 41.39, 37.68, 40.86, -2.35, -2.41, -2.22
6071.00, 26.79, 22.22, 27.75, -2.41, -2.77, -2.38
6080.00, 14.40, 11.63, 14.39, -2.33, -2.58, -2.01
6090.00, 0.00, -2.20, 4.94, -2.07, -1.59, -4.89
6100.00, -12.15, -15.16, -6.09, -1.72, -2.06, -1.01
6111.00, -22.66, -24.26, -19.35, -1.92, -1.44, -2.24
6121.00, -32.59, -32.85, -28.50, -1.47, -1.34, -1.44
6131.00, -41.20, -41.43, -36.01, -1.33, -1.33, -1.13
6141.00, -48.89, -49.57, -44.77, -1.19, -1.24, -1.37
6151.00, -56.26, -54.90, -49.93, -1.28, -0.93, -0.87
6161.00, -61.19, -60.69, -56.78, -0.75, -0.90, -1.07
6172.00, -67.43, -66.73, -61.43, -0.96, -0.92, -0.71
6182.00, -71.98, -70.77, -67.16, -0.71, -0.62, -0.90
6193.00, -75.79, -74.48, -70.34, -0.60, -0.59, -0.50
6202.00, -80.19, -78.48, -74.52, -0.73, -0.67, -0.69
6212.00, -83.53, -82.44, -78.21, -0.53, -0.63, -0.59
6222.00, -86.38, -84.96, -80.56, -0.43, -0.37, -0.35
6233.00, -88.48, -87.27, -84.48, -0.34, -0.37, -0.63
6242.00, -92.04, -89.85, -86.45, -0.59, -0.43, -0.32
6252.00, -93.19, -92.97, -87.81, -0.18, -0.49, -0.21
6262.00, -95.93, -94.40, -91.17, -0.42, -0.22, -0.52
6272.00, -97.48, -96.47, -92.42, -0.25, -0.33, -0.20
6283.00, -98.56, -97.87, -94.14, -0.17, -0.22, -0.27
6293.00, -100.59, -99.01, -96.09, -0.32, -0.18, -0.31
6303.00, -101.62, -100.91, -96.90, -0.16, -0.29, -0.13
6313.00, -103.04, -102.38, -98.00, -0.22, -0.22, -0.16
6325.00, -103.84, -103.58, -100.55, -0.12, -0.18, -0.38
6335.00, -105.06, -104.91, -100.97, -0.18, -0.19, -0.06
6346.00, -105.10, -105.76, -101.88, -0.01, -0.12, -0.13
6357.00, -107.63, -106.49, -102.60, -0.37, -0.11, -0.10
6369.00, -107.17, -108.11, -102.15, 0.07, -0.24, 0.06
6379.00, -108.38, -107.79, -106.33, -0.18, 0.05, -0.60
6390.00, -108.85, -109.17, -105.22, -0.07, -0.20, 0.16
6401.00, -108.62, -109.67, -106.74, 0.03, -0.07, -0.22
6413.00, -110.57, -110.05, -105.90, -0.28, -0.05, 0.12
6423.00, -110.33, -110.76, -107.91, 0.03, -0.10, -0.29
6434.00, -110.45, -111.41, -107.57, -0.02, -0.09, 0.05
6446.00, -111.65, -111.21, -107.56, -0.17, 0.03, 0.00
6457.00, -111.37, -112.64, -108.34, 0.04, -0.21, -0.11
6468.00, -111.13, -111.41, -108.77, 0.03, 0.17, -0.06
6479.00, -112.73, -112.97, -109.28, -0.23, -0.22, -0.07
6491.00, -112.44, -113.09, -110.14, 0.04, -0.02, -0.12
6502.00, -112.93, -113.15, -109.50, -0.07, -0.01, 0.09
6513.00, -112.04, -113.31, -109.99, 0.13, -0.02, -0.07
6524.00, -113.17, -112.28, -109.79, -0.16, 0.15, 0.03
6535.00, -113.19, -115.20, -111.01, 0.00, -0.42, -0.17
6546.00, -113.23, -113.81, -109.99, -0.01, 0.19, 0.14
6557.00, -113.35, -114.04, -111.37, -0.02, -0.03, -0.20
6568.00, -113.60, -113.97, -110.18, -0.03, 0.01, 0.17
6580.00, -113.64, -114.33, -111.57, -0.01, -0.05, -0.19
6591.00, -113.80, -115.03, -110.77, -0.02, -0.10, 0.11
6602.00, -113.41, -112.83, -110.98, 0.05, 0.31, -0.03
6613.00, -114.70, -115.89, -111.92, -0.18, -0.43, -0.13
6625.00, -113.61, -115.27, -111.65, 0.15, 0.09, 0.04
6636.00, -114.21, -114.83, -110.93, -0.09, 0.06, 0.10
6647.00, -113.89, -114.22, -111.72, 0.04, 0.08, -0.11
6659.00, -113.85, -115.60, -112.08, 0.01, -0.19, -0.05
6670.00, -114.70, -114.62, -111.21, -0.12, 0.14, 0.12
6681.00, -114.09, -114.70, -111.57, 0.09, -0.01, -0.05
6692.00, -114.33, -115.72, -112.32, -0.03, -0.14, -0.11
6704.00, -113.82, -114.58, -111.84, 0.07, 0.16, 0.07
6715.00, -114.99, -115.72, -111.88, -0.17, -0.16, -0.01
6726.00, -114.05, -114.78, -112.12, 0.13, 0.13, -0.03
6737.00, -114.38, -115.71, -111.92, -0.05, -0.13, 0.03
6749.00, -114.82, -114.87, -111.17, -0.06, 0.12, 0.11
6761.00, -112.70, -115.67, -112.35, 0.30, -0.11, -0.17
6772.00, -115.39, -115.03, -111.96, -0.38, 0.09, 0.06
6783.00, -115.53, -115.71, -112.56, -0.02, -0.09, -0.09
6795.00, -114.10, -115.03, -112.15, 0.20, 0.10, 0.06
6806.00, -115.03, -115.55, -112.08, -0.13, -0.07, 0.01
6817.00, -114.58, -115.19, -112.40, 0.06, 0.05, -0.05
6829.00, -114.14, -115.87, -112.00, 0.06, -0.09, 0.06
6840.00, -114.30, -115.07, -111.76, -0.02, 0.11, 0.03
6851.00, -115.28, -115.15, -112.15, -0.14, -0.01, -0.05
6862.00, -114.18, -115.80, -112.12, 0.15, -0.09, 0.00
6874.00, -114.91, -115.91, -112.19, -0.10, -0.02, -0.01
6885.00, -114.42, -114.82, -112.15, 0.07, 0.15, 0.01
6896.00, -114.42, -116.09, -112.69, 0.00, -0.18, -0.08
6907.00, -114.54, -115.19, -110.90, -0.02, 0.13, 0.25
6919.00, -114.82, -115.91, -113.64, -0.04, -0.10, -0.39
6930.00, -114.46, -114.91, -112.19, 0.05, 0.14, 0.20
6941.00, -115.11, -116.09, -112.27, -0.09, -0.17, -0.01
6952.00, -114.38, -114.99, -112.27, 0.10, 0.15, 0.00
6964.00, -114.54, -116.18, -111.65, -0.02, -0.17, 0.09
6975.00, -114.91, -114.95, -112.00, -0.05, 0.17, -0.05
6986.00, -114.50, -116.22, -112.85, 0.06, -0.18, -0.12
6997.00, -114.54, -114.99, -112.19, -0.01, 0.17, 0.09
7009.00, -115.23, -116.13, -112.23, -0.10, -0.16, -0.01
7020.00, -114.26, -114.98, -112.27, 0.13, 0.16, -0.01
7031.00, -115.03, -115.89, -112.08, -0.11, -0.13, 0.03
7043.00, -114.58, -115.23, -110.94, 0.06, 0.09, 0.16
7054.00, -114.46, -115.89, -113.88, 0.02, -0.09, -0.42
7065.00, -115.03, -115.96, -112.31, -0.08, -0.01, 0.22
7076.00, -114.54, -115.03, -112.27, 0.07, 0.13, 0.01
7088.00, -114.50, -116.18, -111.76, 0.01, -0.16, 0.07
7099.00, -115.07, -113.69, -112.27, -0.08, 0.35, -0.07
7110.00, -114.50, -117.49, -112.16, 0.08, -0.54, 0.02
7121.00, -114.46, -115.15, -112.35, 0.01, 0.33, -0.03
7133.00, -114.98, -116.05, -112.73, -0.07, -0.13, -0.05
7144.00, -114.54, -114.99, -112.23, 0.06, 0.15, 0.07
7155.00, -115.19, -115.83, -112.27, -0.09, -0.12, -0.01
7166.00, -114.34, -115.27, -112.27, 0.12, 0.08, 0.00
7178.00, -114.58, -115.85, -112.48, -0.03, -0.08, -0.03
7190.00, -115.03, -114.01, -112.27, -0.06, 0.26, 0.03
7200.00, -114.50, -117.19, -112.27, 0.07, -0.45, 0.00
7211.00, -114.50, -115.53, -111.81, 0.00, 0.24, 0.07
7223.00, -114.50, -115.27, -112.69, 0.00, 0.04, -0.12
7234.00, -115.23, -115.85, -112.27, -0.10, -0.08, 0.06
7245.00, -114.54, -115.96, -112.27, 0.10, -0.02, 0.00
7257.00, -114.38, -115.28, -112.52, 0.02, 0.10, -0.04
7268.00, -115.19, -115.87, -112.39, -0.11, -0.08, 0.02
7279.00, -114.54, -115.19, -111.76, 0.09, 0.10, 0.09
7290.00, -112.89, -116.00, -112.31, 0.23, -0.11, -0.08
7302.00, -116.76, -115.28, -112.19, -0.55, 0.10, 0.02
7314.00, -114.30, -115.87, -112.32, 0.34, -0.08, -0.02
7325.00, -115.19, -115.11, -112.35, -0.12, 0.11, -0.00
7336.00, -113.13, -115.75, -111.25, 0.29, -0.09, 0.15
7348.00, -116.53, -116.00, -113.65, -0.48, -0.03, -0.34
7359.00, -114.30, -115.19, -112.12, 0.31, 0.11, 0.22
7370.00, -114.78, -115.91, -112.43, -0.07, -0.10, -0.04
7381.00, -115.15, -115.19, -112.31, -0.05, 0.10, 0.02
7393.00, -114.26, -115.71, -112.39, 0.12, -0.07, -0.01
7404.00, -115.15, -115.23, -112.23, -0.12, 0.07, 0.02
7415.00, -114.42, -116.05, -112.47, 0.10, -0.12, -0.03
7427.00, -114.34, -115.91, -112.43, 0.01, 0.02, 0.01
7438.00, -115.11, -115.19, -112.73, -0.11, 0.10, -0.04
7449.00, -114.38, -116.00, -112.47, 0.10, -0.11, 0.04
7460.00, -115.03, -114.99, -112.39, -0.09, 0.14, 0.01
7472.00, -114.42, -116.22, -112.39, 0.09, -0.17, 0.00
7483.00, -114.54, -115.03, -112.56, -0.02, 0.17, -0.02
7494.00, -115.11, -116.18, -112.35, -0.08, -0.16, 0.03
7505.00, -114.42, -114.95, -112.43, 0.10, 0.17, -0.01
7517.00, -114.50, -116.00, -112.27, -0.01, -0.15, 0.02
7528.00, -115.19, -114.50, -112.35, -0.10, 0.21, -0.01
7539.00, -114.30, -116.49, -112.35, 0.12, -0.28, 0.00
7550.00, -114.17, -116.13, -112.35, 0.02, 0.05, 0.00
7562.00, -115.61, -115.32, -111.69, -0.20, 0.12, 0.09
7573.00, -114.38, -114.62, -110.94, 0.17, 0.10, 0.11
7584.00, -114.22, -116.63, -114.21, 0.02, -0.29, -0.47
7595.00, -115.15, -115.96, -112.39, -0.13, 0.09, 0.25
7607.00, -114.46, -115.11, -112.27, 0.10, 0.12, 0.02
7618.00, -115.03, -116.22, -112.31, -0.08, -0.16, -0.01
7629.00, -114.46, -114.95, -112.31, 0.08, 0.18, 0.00
7641.00, -114.42, -116.18, -112.52, 0.01, -0.17, -0.03
7653.00, -115.03, -115.23, -112.35, -0.09, 0.13, 0.02
7663.00, -114.50, -115.75, -112.35, 0.07, -0.07, 0.00
7674.00, -114.38, -115.19, -111.72, 0.02, 0.08, 0.09
7687.00, -114.30, -116.34, -112.16, 0.01, -0.16, -0.06
7698.00, -115.07, -115.07, -112.39, -0.11, 0.18, -0.03
7709.00, -114.62, -116.13, -112.81, 0.06, -0.15, -0.06
7720.00, -115.11, -115.02, -111.80, -0.07, 0.15, 0.14
7732.00, -114.38, -115.89, -112.77, 0.10, -0.12, -0.14
7743.00, -115.02, -115.83, -111.87, -0.09, 0.01, 0.12
7754.00, -114.38, -113.69, -112.85, 0.09, 0.30, -0.14
7765.00, -114.58, -117.49, -112.23, -0.03, -0.54, 0.09
7777.00, -115.15, -114.95, -112.39, -0.08, 0.36, -0.02
7788.00, -112.93, -115.96, -112.43, 0.31, -0.14, -0.01
7799.00, -116.36, -114.62, -112.35, -0.48, 0.19, 0.01
7811.00, -114.54, -116.63, -112.35, 0.26, -0.29, 0.00
7822.00, -114.54, -115.40, -112.61, 0.00, 0.18, -0.04
7833.00, -114.66, -114.46, -112.35, -0.02, 0.13, 0.04
7844.00, -115.07, -115.27, -110.94, -0.06, -0.11, 0.20
7856.00, -114.26, -117.19, -113.23, 0.11, -0.27, -0.32
7867.00, -115.15, -116.12, -112.39, -0.12, 0.15, 0.12
7878.00, -114.34, -115.15, -112.89, 0.11, 0.14, -0.07
7889.00, -115.15, -115.75, -112.39, -0.11, -0.08, 0.07
7901.00, -114.46, -115.35, -111.80, 0.10, 0.06, 0.08
7912.00, -114.58, -115.93, -112.39, -0.02, -0.08, -0.08
7923.00, -115.15, -116.00, -112.27, -0.08, -0.01, 0.02
7934.00, -114.38, -115.15, -112.55, 0.11, 0.12, -0.04
7946.00, -115.11, -116.18, -112.43, -0.10, -0.15, 0.02
7958.00, -114.38, -114.90, -112.11, 0.10, 0.18, 0.04
7969.00, -115.02, -115.97, -112.67, -0.09, -0.15, -0.08
7981.00, -114.46, -115.96, -112.20, 0.08, 0.00, 0.07
7992.00, -114.62, -115.28, -112.89, -0.02, 0.10, -0.10
8003.00, -115.19, -115.35, -110.67, -0.08, -0.01, 0.31
