0,0,0,0,0,0,0
11.00, 0.00, -0.00, 0.00, 0.00, 0.00, 0.00
22.00, 1.47, -1.68, 0.00, 136.78, -162.18, 0.00
32.00, 2.56, -2.95, 0.00, 103.13, -123.49, 0.00
42.00, 3.56, -3.86, 0.00, 97.15, -88.39, 0.00
52.00, 4.26, -4.71, 0.00, 75.02, -90.85, 0.00
62.00, 4.98, -5.47, 0.00, 70.75, -77.24, 0.00
72.00, 5.62, -6.01, 0.00, 61.14, -50.82, 0.00
82.00, 6.23, -6.49, 0.00, 59.88, -48.41, 0.00
93.00, 6.71, -6.93, 0.00, 47.21, -42.44, 0.00
102.00, 7.18, -7.34, 0.00, 49.94, -42.84, 0.00
112.00, 7.51, -7.75, 0.00, 32.15, -40.14, 0.00
122.00, 7.84, -7.90, 0.00, 33.55, -15.39, 0.00
132.00, 8.15, -8.30, 0.00, 29.20, -38.19, 0.00
142.00, 8.52, -8.42, 0.00, 40.51, -13.25, 0.00
152.00, 8.63, -8.70, 0.00, 10.60, -27.36, 0.00
162.00, 8.75, -8.92, 0.00, 11.61, -20.97, 0.00
172.00, 8.90, -9.15, 0.00, 15.25, -22.65, 0.00
182.00, 9.07, -9.39, 0.00, 19.04, -26.94, 0.00
193.00, 9.17, -9.42, 0.00, 8.99, -1.99, 0.00
202.00, 9.28, -9.71, 0.00, 10.44, -28.98, 0.00
212.00, 9.44, -9.72, 0.00, 16.04, 0.00, 0.00
223.00, 9.61, -9.95, 0.00, 16.96, -22.54, 0.00
234.00, 9.73, -10.16, 0.00, 11.49, -19.53, 0.00
243.00, 9.83, -10.28, 0.00, 10.29, -12.08, 0.00
254.00, 10.07, -10.36, 0.00, 22.48, -7.87, 0.00
265.00, 10.16, -10.48, 0.00, 9.08, -11.98, 0.00
274.00, 10.33, -10.57, 0.00, 18.11, -8.74, 0.00
284.00, 10.45, -10.54, 0.00, 11.90, 2.73, 0.00
294.00, 10.51, -10.70, 0.00, 5.53, -15.47, 0.00
305.00, 10.57, -10.67, 0.00, 6.46, 2.47, 0.00
314.00, 10.70, -10.82, 0.00, 13.78, -15.61, 0.00
324.00, 10.74, -10.65, 0.00, 3.53, 17.02, 0.00
334.00, 10.70, -11.08, 0.00, -3.63, -41.66, 0.00
344.00, 10.78, -10.89, 0.00, 8.49, 18.60, 0.00
354.00, 10.79, -10.98, 0.00, 0.00, -9.54, 0.00
363.00, 10.96, -11.09, 0.00, 16.89, -10.58, 0.00
374.00, 10.95, -11.02, 0.00, 0.00, 5.97, 0.00
384.00, 10.91, -11.09, 0.00, -3.58, -6.66, 0.00
394.00, 11.10, -11.07, 0.00, 19.19, 0.00, 0.00
405.00, 11.04, -11.22, 0.00, -6.44, -14.63, 0.00
415.00, 11.05, -11.17, 0.00, 0.00, 5.02, 0.00
425.00, 11.11, -11.18, 0.00, 5.43, 0.00, 0.00
436.00, 11.13, -11.22, 0.00, 2.53, -3.36, 0.00
445.00, 11.17, -11.25, 0.00, 3.77, -3.28, 0.00
455.00, 11.12, -11.28, 0.00, -4.60, -3.44, 0.00
465.00, 11.10, -11.34, 0.00, 0.00, -5.60, 0.00
476.00, 11.13, -11.32, 0.00, 2.60, 2.65, 0.00
485.00, 11.29, -11.32, 0.00, 18.03, 0.00, 0.00
495.00, 11.20, -11.38, 0.00, -8.59, -5.99, 0.00
505.00, 11.30, -11.34, 0.00, 9.29, 3.84, 0.00
515.00, 11.31, -11.32, 0.00, 0.00, 2.13, 0.00
525.00, 11.26, -11.43, 0.00, -5.94, -12.60, 0.00
535.00, 11.22, -11.32, 0.00, -3.53, 10.69, 0.00
545.00, 11.19, -11.38, 0.00, -2.57, -5.28, 0.00
555.00, 11.25, -11.37, 0.00, 5.71, 0.00, 0.00
565.00, 11.21, -11.36, 0.00, -4.39, 0.00, 0.00
575.00, 11.29, -11.42, 0.00, 7.36, -5.47, 0.00
585.00, 11.14, -11.35, 0.00, -14.75, 7.30, 0.00
595.00, 11.25, -11.41, 0.00, 10.56, -5.79, 0.00
606.00, 11.22, -11.35, 0.00, -2.83, 5.93, 0.00
615.00, 11.22, -11.38, 0.00, 0.00, -4.05, 0.00
625.00, 11.34, -11.43, 0.00, 10.90, -4.82, 0.00
635.00, 11.20, -11.40, 0.00, -13.08, 2.83, 0.00
645.00, 11.11, -11.52, 0.00, -8.90, -11.77, 0.00
655.00, 11.28, -11.39, 0.00, 17.82, 14.77, 0.00
665.00, 11.20, -11.48, 0.00, -7.81, -9.08, 0.00
674.00, 11.21, -11.46, 0.00, 0.00, 0.00, 0.00
684.00, 11.22, -11.49, 0.00, 0.00, -2.49, 0.00
695.00, 11.25, -11.44, 0.00, 3.15, 4.51, 0.00
705.00, 11.26, -11.40, 0.00, 0.00, 4.74, 0.00
715.00, 11.24, -11.37, 0.00, -2.02, 2.22, 0.00
725.00, 11.29, -11.47, 0.00, 5.58, -9.42, 0.00
736.00, 11.28, -11.32, 0.00, 0.00, 14.89, 0.00
746.00, 11.29, -11.40, 0.00, 0.00, -8.36, 0.00
756.00, 11.01, -11.40, 0.00, -27.75, 0.00, 0.00
766.00, 11.49, -11.36, 0.00, 46.46, 4.00, 0.00
777.00, 11.29, -11.50, 0.00, -20.00, -13.94, 0.00
786.00, 11.25, -11.36, 0.00, -4.60, 14.62, 0.00
796.00, 11.36, -11.45, 0.00, 10.77, -8.33, 0.00
806.00, 11.30, -11.36, 0.00, -5.74, 9.09, 0.00
817.00, 11.27, -11.43, 0.00, -2.41, -7.07, 0.00
826.00, 11.39, -11.32, 0.00, 12.52, 11.61, 0.00
835.00, 11.39, -11.36, 0.00, 0.00, -4.13, 0.00
846.00, 11.27, -11.39, 0.00, -11.06, -1.96, 0.00
855.00, 11.28, -11.33, 0.00, 0.00, 5.61, 0.00
866.00, 11.31, -11.35, 0.00, 2.67, -2.48, 0.00
876.00, 11.28, -11.35, 0.00, -2.48, 0.00, 0.00
886.00, 11.29, -11.34, 0.00, 0.00, 0.00, 0.00
896.00, 11.36, -11.44, 0.00, 7.25, -9.62, 0.00
907.00, 11.27, -11.39, 0.00, -9.21, 4.57, 0.00
917.00, 11.25, -11.33, 0.00, -2.47, 6.09, 0.00
927.00, 11.31, -11.32, 0.00, 6.49, 0.00, 0.00
937.00, 11.25, -11.53, 0.00, -5.76, -20.54, 0.00
948.00, 11.41, -11.37, 0.00, 16.06, 15.30, 0.00
957.00, 11.27, -11.45, 0.00, -15.29, -7.77, 0.00
967.00, 11.23, -11.37, 0.00, -4.46, 7.05, 0.00
977.00, 11.28, -11.45, 0.00, 4.67, -8.06, 0.00
988.00, 11.32, -11.34, 0.00, 4.71, 10.85, 0.00
997.00, 11.29, -11.43, 0.00, -3.94, -9.54, 0.00
1007.00, 11.30, -11.41, 0.00, 0.00, 0.00, 0.00
1017.00, 11.32, -11.38, 0.00, 0.00, 3.20, 0.00
1027.00, 11.38, -11.41, 0.00, 6.43, -3.08, 0.00
1037.00, 11.38, -11.49, 0.00, 0.00, -7.97, 0.00
1047.00, 11.29, -11.38, 0.00, -8.96, 10.41, 0.00
1057.00, 11.47, -11.32, 0.00, 16.96, 6.05, 0.00
1067.00, 11.33, -11.44, 0.00, -12.82, -12.04, 0.00
1077.00, 11.44, -11.30, 0.00, 12.28, 15.91, 0.00
1087.00, 11.23, -11.41, 0.00, -20.53, -10.41, 0.00
1097.00, 11.35, -11.37, 0.00, 12.61, 3.76, 0.00
1107.00, 11.37, -11.34, 0.00, 0.00, 3.10, 0.00
1118.00, 11.35, -11.35, 0.00, -2.10, 0.00, 0.00
1127.00, 11.24, -11.43, 0.00, -11.37, -8.89, 0.00
1137.00, 11.38, -11.37, 0.00, 13.65, 5.73, 0.00
1147.00, 11.31, -11.29, 0.00, -7.14, 8.01, 0.00
1157.00, 11.25, -11.43, 0.00, -5.49, -13.00, 0.00
1167.00, 11.36, -11.45, 0.00, 11.58, 0.00, 0.00
1177.00, 11.26, -11.32, 0.00, -9.46, 12.09, 0.00
1187.00, 11.12, -11.41, 0.00, -14.83, -9.46, 0.00
1197.00, 11.37, -11.50, 0.00, 24.92, -8.10, 0.00
1207.00, 11.31, -11.42, 0.00, -6.39, 8.24, 0.00
1217.00, 11.16, -11.45, 0.00, -15.40, -2.72, 0.00
1227.00, 11.32, -11.41, 0.00, 15.19, 3.33, 0.00
1237.00, 11.24, -11.48, 0.00, -7.27, -6.27, 0.00
1248.00, 11.24, -11.41, 0.00, 0.00, 6.74, 0.00
1258.00, 11.23, -11.50, 0.00, 0.00, -9.10, 0.00
1268.00, 11.26, -11.38, 0.00, 3.05, 11.77, 0.00
1278.00, 11.25, -11.36, 0.00, 0.00, 0.00, 0.00
1289.00, 11.29, -11.42, 0.00, 4.27, -4.94, 0.00
1298.00, 11.20, -11.44, 0.00, -10.23, -2.66, 0.00
1308.00, 11.20, -11.39, 0.00, 0.00, 4.84, 0.00
1317.00, 11.20, -11.38, 0.00, 0.00, 0.00, 0.00
1329.00, 11.21, -11.44, 0.00, 0.00, -6.20, 0.00
1338.00, 11.34, -11.36, 0.00, 14.37, 8.62, 0.00
1348.00, 11.26, -11.46, 0.00, -7.81, -9.78, 0.00
1358.00, 11.25, -11.40, 0.00, 0.00, 6.75, 0.00
1368.00, 11.31, -11.49, 0.00, 6.06, -9.52, 0.00
1378.00, 11.33, -11.32, 0.00, 2.39, 18.05, 0.00
1388.00, 11.32, -11.40, 0.00, 0.00, -7.94, 0.00
1398.00, 11.31, -11.48, 0.00, 0.00, -7.13, 0.00
1408.00, 11.32, -11.32, 0.00, 0.00, 15.12, 0.00
1419.00, 11.24, -11.47, 0.00, -7.09, -15.04, 0.00
1429.00, 11.21, -11.35, 0.00, -2.83, 11.32, 0.00
1439.00, 11.32, -11.40, 0.00, 11.00, -4.57, 0.00
1449.00, 11.26, -11.45, 0.00, -6.21, -5.24, 0.00
1460.00, 11.29, -11.40, 0.00, 2.90, 4.57, 0.00
1469.00, 11.37, -11.47, 0.00, 9.08, -7.07, 0.00
1479.00, 11.32, -11.48, 0.00, -4.72, 0.00, 0.00
1489.00, 11.39, -11.43, 0.00, 5.98, 5.41, 0.00
1500.00, 11.29, -11.46, 0.00, -9.02, -3.15, 0.00
1509.00, 11.27, -11.38, 0.00, -2.54, 8.41, 0.00
1519.00, 11.31, -11.40, 0.00, 4.08, 0.00, 0.00
1529.00, 11.29, -11.42, 0.00, 0.00, -2.26, 0.00
1539.00, 11.30, -11.38, 0.00, 0.00, 4.17, 0.00
1549.00, 11.29, -11.48, 0.00, 0.00, -10.42, 0.00
1559.00, 11.39, -11.35, 0.00, 9.83, 12.65, 0.00
1569.00, 11.33, -11.43, 0.00, -6.55, -7.97, 0.00
1579.00, 11.32, -11.47, 0.00, 0.00, -4.24, 0.00
1589.00, 11.42, -11.48, 0.00, 10.31, 0.00, 0.00
1599.00, 11.35, -11.36, 0.00, -6.37, 12.08, 0.00
1609.00, 11.43, -11.48, 0.00, 7.49, -12.16, 0.00
1619.00, 11.36, -11.34, 0.00, -7.14, 13.28, 0.00
1630.00, 11.36, -11.44, 0.00, 0.00, -9.86, 0.00
1639.00, 11.26, -11.45, 0.00, -11.10, 0.00, 0.00
1649.00, 11.31, -11.35, 0.00, 4.63, 9.16, 0.00
1659.00, 11.09, -11.46, 0.00, -21.37, -10.38, 0.00
1669.00, 11.46, -11.34, 0.00, 36.13, 11.12, 0.00
1679.00, 11.40, -11.48, 0.00, -5.96, -14.83, 0.00
1689.00, 11.32, -11.27, 0.00, -8.34, 19.68, 0.00
1699.00, 11.38, -11.38, 0.00, 6.69, -11.02, 0.00
1709.00, 11.42, -11.49, 0.00, 3.31, -10.33, 0.00
1719.00, 11.29, -11.43, 0.00, -14.00, 6.27, 0.00
1729.00, 11.45, -11.41, 0.00, 16.73, 0.00, 0.00
1739.00, 11.28, -11.45, 0.00, -16.82, -3.80, 0.00
1749.00, 11.21, -11.49, 0.00, -7.12, -3.95, 0.00
1760.00, 11.23, -11.49, 0.00, 2.11, 0.00, 0.00
1770.00, 11.24, -11.46, 0.00, 0.00, 3.03, 0.00
1780.00, 11.26, -11.37, 0.00, 2.62, 8.51, 0.00
1790.00, 11.28, -11.43, 0.00, 0.00, -5.81, 0.00
1801.00, 11.33, -11.43, 0.00, 5.13, 0.00, 0.00
1810.00, 11.29, -11.46, 0.00, -3.88, -3.78, 0.00
1820.00, 11.33, -11.44, 0.00, 3.94, 2.01, 0.00
1830.00, 11.41, -11.39, 0.00, 7.71, 5.45, 0.00
1841.00, 11.11, -11.42, 0.00, -29.57, -3.45, 0.00
1850.00, 11.36, -11.42, 0.00, 27.05, 0.00, 0.00
1860.00, 11.18, -11.33, 0.00, -17.57, 8.58, 0.00
1870.00, 11.29, -11.36, 0.00, 11.47, -2.12, 0.00
1880.00, 11.21, -11.43, 0.00, -8.04, -7.75, 0.00
1890.00, 11.30, -11.38, 0.00, 10.30, 6.24, 0.00
1900.00, 11.22, -11.45, 0.00, -7.46, -7.00, 0.00
1910.00, 11.40, -11.38, 0.00, 16.80, 6.76, 0.00
1920.00, 11.23, -11.43, 0.00, -16.58, -5.08, 0.00
1931.00, 11.38, -11.45, 0.00, 14.76, 0.00, 0.00
1941.00, 11.36, -11.43, 0.00, -2.56, 2.45, 0.00
1951.00, 11.38, -11.47, 0.00, 2.53, -4.16, 0.00
1961.00, 11.27, -11.33, 0.00, -11.38, 13.41, 0.00
1972.00, 11.21, -11.44, 0.00, -5.40, -11.19, 0.00
1981.00, 11.22, -11.33, 0.00, 0.00, 12.68, 0.00
1991.00, 11.20, -11.42, 0.00, -2.27, -9.25, 0.00
2001.00, 11.36, -11.37, 0.00, 16.21, 5.04, 0.00
