0,0,0,0,0,0,0
3.00, 0.00, 0.00, 0.00, 0.00, 0.00, 0.00
13.00, 0.00, 0.00, 0.00, 0.00, 0.00, 0.00
23.00, 1.71, 1.71, 1.64, 166.58, 167.88, 153.82
34.00, 2.74, 2.72, 2.61, 99.54, 96.16, 94.23
43.00, 3.58, 3.69, 3.50, 89.60, 102.42, 93.89
53.00, 4.40, 4.46, 4.46, 79.00, 75.08, 92.26
64.00, 5.29, 5.30, 5.15, 87.15, 79.91, 67.66
73.00, 5.88, 5.93, 5.81, 57.57, 63.80, 65.29
84.00, 6.58, 6.56, 6.45, 76.54, 65.97, 68.92
94.00, 6.98, 7.04, 6.77, 38.69, 47.38, 30.79
104.00, 7.49, 7.53, 7.56, 49.62, 48.23, 76.74
114.00, 7.93, 7.98, 7.85, 41.73, 42.80, 28.14
124.00, 8.31, 8.35, 8.20, 41.44, 40.65, 38.37
134.00, 8.66, 8.66, 8.50, 34.75, 30.50, 30.46
144.00, 8.96, 8.97, 8.81, 29.29, 30.05, 28.57
154.00, 9.11, 9.25, 9.03, 14.26, 27.34, 22.05
165.00, 9.53, 9.43, 9.28, 40.56, 17.57, 23.84
175.00, 9.65, 9.73, 9.60, 12.27, 29.15, 31.40
185.00, 9.87, 9.88, 9.66, 20.88, 14.56, 6.42
196.00, 10.01, 10.04, 9.86, 13.45, 15.40, 19.36
207.00, 10.26, 10.20, 10.02, 24.83, 16.10, 15.36
216.00, 10.29, 10.38, 10.17, 3.56, 18.76, 15.33
226.00, 10.50, 10.43, 10.27, 20.56, 5.31, 10.41
236.00, 10.54, 10.56, 10.28, 3.64, 12.82, 0.00
247.00, 10.67, 10.62, 10.51, 12.91, 6.19, 22.90
256.00, 10.73, 10.86, 10.55, 6.19, 24.33, 3.97
266.00, 10.82, 10.81, 10.66, 9.47, -4.59, 11.82
276.00, 10.88, 10.91, 10.70, 5.84, 10.31, 3.86
286.00, 11.06, 11.00, 10.77, 16.99, 8.11, 6.73
296.00, 10.96, 11.06, 10.82, -10.24, 6.50, 4.79
306.00, 11.10, 11.11, 10.87, 14.57, 5.10, 4.82
316.00, 11.12, 11.13, 10.90, 2.08, 2.46, 2.80
326.00, 11.25, 11.20, 10.96, 12.39, 6.51, 6.51
337.00, 11.22, 11.26, 11.01, -2.70, 5.88, 5.15
346.00, 11.21, 11.28, 11.03, 0.00, 2.24, 0.00
356.00, 11.34, 11.30, 11.02, 12.89, 0.00, 0.00
366.00, 11.28, 11.29, 11.17, -5.46, 0.00, 14.33
377.00, 11.35, 11.36, 11.04, 6.53, 6.59, -13.30
387.00, 11.45, 11.39, 11.24, 10.81, 3.29, 20.51
396.00, 11.40, 11.40, 11.14, -5.19, 0.00, -9.81
406.00, 11.52, 11.20, 11.15, 12.47, -19.77, 0.00
417.00, 11.39, 11.65, 11.29, -12.28, 44.02, 13.69
427.00, 11.54, 11.46, 11.14, 14.09, -18.76, -14.26
437.00, 11.47, 11.41, 11.26, -6.51, -4.90, 11.08
446.00, 11.53, 11.57, 11.30, 5.81, 15.95, 4.42
456.00, 11.50, 11.51, 11.31, -2.55, -6.24, 0.00
467.00, 11.57, 11.43, 11.26, 6.33, -8.74, -5.33
476.00, 11.58, 11.58, 11.33, 0.00, 15.94, 7.50
486.00, 11.56, 11.54, 11.32, 0.00, -3.66, 0.00
496.00, 11.63, 11.54, 11.32, 7.05, 0.00, 0.00
507.00, 11.57, 11.57, 11.28, -5.52, 2.28, -3.71
517.00, 11.56, 11.55, 11.35, 0.00, 0.00, 7.41
527.00, 11.68, 11.59, 11.39, 11.43, 3.36, 4.23
537.00, 11.62, 11.56, 11.33, -5.66, -2.63, -6.46
548.00, 11.62, 11.60, 11.35, 0.00, 3.47, 0.00
558.00, 11.58, 11.59, 11.39, -3.97, 0.00, 4.35
567.00, 11.64, 11.58, 11.34, 6.50, 0.00, -4.75
577.00, 11.67, 11.63, 11.39, 2.33, 4.76, 4.93
588.00, 11.64, 11.65, 11.37, -2.18, 0.00, -2.46
598.00, 11.67, 11.61, 11.39, 2.79, -4.40, 0.00
607.00, 11.64, 11.63, 11.31, -3.39, 2.40, -8.34
617.00, 11.66, 11.61, 11.43, 0.00, 0.00, 12.61
627.00, 11.67, 11.55, 11.43, 0.00, -5.90, 0.00
638.00, 11.69, 11.69, 11.38, 0.00, 14.73, -5.68
647.00, 11.65, 11.67, 11.38, -3.37, -2.41, 0.00
657.00, 11.66, 11.63, 11.41, 0.00, -3.87, 2.41
667.00, 11.69, 11.65, 11.39, 3.63, 0.00, 0.00
678.00, 11.73, 11.64, 11.41, 3.26, 0.00, 1.95
688.00, 11.65, 11.60, 11.21, -7.98, -3.26, -19.05
698.00, 11.68, 11.64, 11.58, 3.11, 3.62, 36.03
708.00, 11.75, 11.68, 11.41, 6.58, 4.07, -16.99
719.00, 11.66, 11.64, 11.37, -8.42, -4.39, -4.07
729.00, 11.70, 11.61, 11.39, 4.83, -2.93, 0.00
738.00, 11.66, 11.65, 11.45, -4.32, 4.70, 6.21
748.00, 11.76, 11.64, 11.41, 10.31, 0.00, -4.23
759.00, 11.66, 11.69, 11.26, -10.36, 5.15, -14.74
769.00, 11.72, 11.63, 11.56, 5.44, -6.42, 30.19
779.00, 11.65, 11.69, 11.41, -6.85, 5.99, -14.92
788.00, 11.76, 11.61, 11.40, 11.69, -7.95, 0.00
798.00, 11.67, 11.67, 11.42, -9.89, 6.12, 2.28
809.00, 11.69, 11.69, 11.41, 2.38, 0.00, 0.00
818.00, 11.68, 11.61, 11.37, 0.00, -8.06, -4.19
828.00, 11.78, 11.71, 11.46, 10.15, 10.01, 9.84
838.00, 11.68, 11.63, 11.40, -10.03, -7.37, -6.13
849.00, 11.67, 11.65, 11.41, 0.00, 2.16, 0.00
859.00, 11.73, 11.67, 11.38, 5.89, 0.00, -3.19
869.00, 11.73, 11.64, 11.42, 0.00, -2.12, 3.65
879.00, 11.76, 11.65, 11.39, 3.10, 0.00, -2.87
890.00, 11.62, 11.68, 11.43, -13.91, 2.68, 4.49
900.00, 11.77, 11.65, 11.38, 15.23, -2.80, -5.03
910.00, 11.70, 11.67, 11.39, -7.00, 0.00, 0.00
920.00, 11.76, 11.67, 11.34, 6.48, 0.00, -4.81
931.00, 11.70, 11.71, 11.47, -5.89, 4.07, 12.55
941.00, 11.69, 11.63, 11.40, 0.00, -7.45, -6.93
950.00, 11.70, 11.65, 11.37, 0.00, 0.00, -3.14
960.00, 11.74, 11.68, 11.43, 4.01, 2.26, 6.01
971.00, 11.68, 11.65, 11.41, -6.01, -2.33, -2.71
981.00, 11.80, 11.59, 11.40, 11.77, -6.53, 0.00
990.00, 11.68, 11.79, 11.40, -11.82, 21.15, 0.00
1000.00, 11.65, 11.62, 11.32, -3.24, -17.27, -7.28
1010.00, 11.76, 11.70, 11.46, 11.41, 7.85, 13.33
1021.00, 11.73, 11.67, 11.37, -3.68, -2.71, -8.34
1031.00, 11.74, 11.63, 11.40, 0.00, -4.56, 2.83
1041.00, 11.70, 11.61, 11.43, -3.62, 0.00, 3.10
1051.00, 11.80, 11.72, 11.35, 10.53, 11.34, -8.08
1062.00, 11.70, 11.70, 11.38, -9.69, 0.00, 3.07
1072.00, 11.68, 11.67, 11.43, 0.00, -3.55, 4.92
1082.00, 11.72, 11.63, 11.41, 3.93, -3.66, -2.32
1092.00, 11.75, 11.70, 11.39, 2.48, 6.83, 0.00
1103.00, 11.68, 11.65, 11.45, -6.96, -5.44, 5.61
1113.00, 11.75, 11.68, 11.37, 7.26, 3.64, -7.81
1123.00, 11.79, 11.65, 11.36, 3.23, -3.66, 0.00
1133.00, 11.65, 11.70, 11.40, -13.76, 5.56, 3.67
1144.00, 11.75, 11.63, 11.49, 10.02, -7.35, 8.88
1153.00, 11.73, 11.67, 11.40, 0.00, 4.08, -8.91
1163.00, 11.71, 11.62, 11.40, -2.13, -5.02, 0.00
1173.00, 11.74, 11.75, 11.37, 3.54, 12.56, -2.28
1183.00, 11.76, 11.69, 11.41, 0.00, -5.10, 3.69
1194.00, 11.67, 11.63, 11.36, -9.17, -5.93, -4.93
1204.00, 11.75, 11.68, 11.48, 8.19, 4.53, 12.06
1214.00, 11.72, 11.68, 11.41, -3.22, 0.00, -6.69
1224.00, 11.68, 11.65, 11.36, -4.03, -3.20, -5.27
1234.00, 11.75, 11.67, 11.41, 7.28, 0.00, 5.02
1244.00, 11.75, 11.67, 11.41, 0.00, 0.00, 0.00
1254.00, 11.77, 11.68, 11.34, 0.00, 0.00, -6.22
1264.00, 11.71, 11.68, 11.46, -5.91, 0.00, 11.77
1275.00, 11.68, 11.60, 11.41, -3.58, -7.27, -5.85
1285.00, 11.58, 11.73, 11.44, -9.30, 12.71, 3.27
1295.00, 11.91, 11.68, 11.41, 32.65, -5.42, -2.96
1305.00, 11.71, 11.70, 11.36, -19.76, 2.26, -4.83
1316.00, 11.78, 11.66, 11.45, 6.93, -3.54, 9.04
1326.00, 11.63, 11.64, 11.40, -13.96, -2.30, -4.72
1336.00, 11.77, 11.69, 11.37, 13.66, 4.98, -3.08
1346.00, 11.73, 11.68, 11.44, -3.70, 0.00, 6.86
1357.00, 11.80, 11.65, 11.41, 6.35, -3.66, -3.80
1367.00, 11.73, 11.68, 11.41, -7.03, 3.17, 0.00
1376.00, 11.69, 11.66, 11.40, -4.05, 0.00, 0.00
1386.00, 11.78, 11.72, 11.42, 9.57, 5.58, 2.28
1396.00, 11.70, 11.64, 11.42, -7.64, -7.84, 0.00
1407.00, 11.69, 11.68, 11.41, 0.00, 4.08, 0.00
1417.00, 11.71, 11.68, 11.40, 0.00, 0.00, 0.00
1427.00, 11.77, 11.69, 11.35, 5.62, 0.00, -5.26
1437.00, 11.71, 11.68, 11.45, -5.87, 0.00, 9.62
1448.00, 11.79, 11.60, 11.41, 8.19, -8.17, -4.12
1458.00, 11.78, 11.74, 11.41, 0.00, 13.92, 0.00
1468.00, 11.67, 11.68, 11.37, -11.02, -5.98, -3.61
1478.00, 11.74, 11.62, 11.50, 6.62, -5.79, 13.04
1489.00, 11.75, 11.74, 11.38, 0.00, 11.76, -12.20
1499.00, 11.75, 11.68, 11.37, 0.00, -5.88, 0.00
1508.00, 11.72, 11.67, 11.47, -3.49, 0.00, 9.54
1518.00, 11.76, 11.68, 11.35, 3.98, 0.00, -11.37
1529.00, 11.80, 11.63, 11.51, 3.70, -5.48, 16.15
1539.00, 11.74, 11.73, 11.38, -5.53, 9.99, -13.21
1549.00, 11.73, 11.68, 11.41, 0.00, -4.52, 2.84
1559.00, 11.75, 11.67, 11.41, 2.23, 0.00, 0.00
1570.00, 11.76, 11.53, 11.45, 0.00, -14.00, 3.26
1580.00, 11.67, 11.87, 11.41, -9.04, 34.41, -3.84
1590.00, 11.77, 11.66, 11.40, 9.44, -20.12, 0.00
1600.00, 11.80, 11.70, 11.42, 2.88, 4.59, 2.64
1611.00, 11.69, 11.63, 11.36, -11.51, -6.89, -5.84
1621.00, 11.58, 11.70, 11.46, -10.39, 6.21, 9.05
1631.00, 11.93, 11.69, 11.41, 34.42, 0.00, -4.28
1641.00, 11.82, 11.68, 11.42, -9.78, 0.00, 0.00
1651.00, 11.69, 11.70, 11.41, -13.22, 2.38, 0.00
1662.00, 11.76, 11.66, 11.40, 7.28, -4.16, 0.00
1672.00, 11.71, 11.72, 11.41, -5.48, 6.05, 0.00
1681.00, 11.81, 11.64, 11.41, 10.43, -8.29, 0.00
1691.00, 11.75, 11.72, 11.39, -5.76, 8.35, 0.00
1702.00, 11.72, 11.66, 11.42, -3.01, -6.47, 2.81
1712.00, 11.77, 11.69, 11.46, 4.24, 3.16, 3.68
1722.00, 11.78, 11.70, 11.41, 0.00, 0.00, -5.14
1732.00, 11.73, 11.69, 11.39, -4.62, 0.00, 0.00
1743.00, 11.76, 11.68, 11.46, 3.21, 0.00, 6.94
1753.00, 11.82, 11.64, 11.40, 5.51, -4.64, -6.04
1763.00, 11.67, 11.71, 11.39, -14.29, 6.83, 0.00
1773.00, 11.78, 11.66, 11.44, 10.98, -4.56, 5.56
1784.00, 11.77, 11.68, 11.36, 0.00, 0.00, -7.64
1793.00, 11.80, 11.61, 11.50, 3.60, -6.84, 12.98
1803.00, 11.77, 11.74, 11.42, -3.50, 13.19, -7.60
1813.00, 11.77, 11.68, 11.40, 0.00, -5.89, -2.21
1823.00, 11.69, 11.70, 11.38, -7.66, 0.00, 0.00
1834.00, 11.81, 11.66, 11.42, 11.35, -4.17, 4.61
1844.00, 11.77, 11.53, 11.50, -3.52, -12.69, 7.21
1854.00, 11.77, 11.77, 11.39, 0.00, 23.93, -10.89
1864.00, 11.67, 11.74, 11.45, -9.38, -2.75, 5.99
1875.00, 11.78, 11.68, 11.44, 10.52, -5.89, 0.00
1885.00, 11.79, 11.71, 11.41, 0.00, 2.26, -2.59
1894.00, 11.80, 11.66, 11.38, 0.00, -4.56, -3.63
1904.00, 11.71, 11.72, 11.43, -9.21, 6.05, 5.07
1915.00, 11.76, 11.62, 11.45, 5.24, -10.10, 2.36
1925.00, 11.79, 11.72, 11.42, 2.44, 9.33, -2.96
1935.00, 11.77, 11.73, 11.42, 0.00, 0.00, 0.00
1945.00, 11.76, 11.67, 11.39, 0.00, -5.43, -3.66
1956.00, 11.76, 11.69, 11.42, 0.00, 2.20, 3.07
1966.00, 11.72, 11.67, 11.42, -4.43, -2.70, 0.00
1976.00, 11.78, 11.71, 11.42, 6.36, 4.18, 0.00
1986.00, 11.83, 11.65, 11.36, 4.94, -5.54, -5.39
1997.00, 11.76, 11.71, 11.51, -6.73, 5.43, 14.36
