0,0,0,0,0,0,0
12.00, 0.00, -0.00, 0.00, 0.00, 0.00, 0.00
23.00, 1.75, -1.75, 0.00, 160.41, -147.88, 0.00
33.00, 2.83, -2.97, 0.00, 121.32, -133.97, 0.00
43.00, 3.68, -3.95, 0.00, 78.24, -93.73, 0.00
53.00, 4.46, -4.63, 0.00, 78.75, -68.57, 0.00
63.00, 5.21, -5.40, 0.00, 72.35, -74.67, 0.00
74.00, 5.72, -5.88, 0.00, 49.54, -47.34, 0.00
84.00, 6.27, -6.48, 0.00, 53.00, -56.93, 0.00
94.00, 6.73, -6.92, 0.00, 45.53, -43.90, 0.00
104.00, 7.07, -7.34, 0.00, 33.48, -40.71, 0.00
115.00, 7.38, -7.56, 0.00, 30.38, -21.68, 0.00
124.00, 7.73, -7.90, 0.00, 37.33, -35.99, 0.00
134.00, 7.86, -7.99, 0.00, 12.49, -8.85, 0.00
144.00, 8.17, -8.33, 0.00, 30.49, -33.42, 0.00
154.00, 8.47, -8.40, 0.00, 29.14, -6.99, 0.00
164.00, 8.70, -8.68, 0.00, 24.52, -30.18, 0.00
174.00, 8.80, -8.79, 0.00, 10.43, -10.46, 0.00
184.00, 8.98, -9.05, 0.00, 17.72, -25.53, 0.00
194.00, 9.17, -9.05, 0.00, 18.74, 0.00, 0.00
204.00, 9.30, -9.30, 0.00, 12.93, -26.14, 0.00
214.00, 9.33, -9.38, 0.00, 2.98, -8.01, 0.00
224.00, 9.41, -9.64, 0.00, 8.30, -25.33, 0.00
234.00, 9.49, -9.60, 0.00, 7.41, 4.04, 0.00
245.00, 9.73, -9.89, 0.00, 23.83, -28.68, 0.00
256.00, 9.70, -9.92, 0.11, -2.71, -3.38, 7.99
265.00, 9.67, -10.15, 0.00, -2.18, -21.61, inf
275.00, 9.81, -10.13, 0.00, 13.37, 0.00, 0.00
286.00, 9.89, -10.24, 0.00, 7.91, -10.53, 0.00
295.00, 9.97, -10.40, 0.00, 8.87, -17.14, 0.00
306.00, 10.16, -10.59, 0.00, 18.13, -18.01, 0.00
316.00, 10.33, -10.61, 0.00, 16.52, -2.48, 0.00
327.00, 10.31, -10.50, 0.00, -2.16, 11.25, 0.00
336.00, 10.49, -10.98, 0.00, 18.81, -52.44, 0.00
345.00, 10.42, -10.82, 0.00, -6.53, 15.69, 0.00
356.00, 10.54, -10.77, 0.00, 11.18, 4.78, 0.00
366.00, 10.58, -10.92, 0.00, 4.19, -14.67, 0.00
376.00, 10.73, -10.90, 0.00, 16.11, 2.72, 0.00
386.00, 10.71, -10.93, 0.00, -2.18, -3.74, 0.00
396.00, 10.81, -10.93, 0.00, 10.18, 0.00, 0.00
406.00, 10.72, -11.00, 0.00, -9.40, -7.16, 0.00
416.00, 10.86, -10.93, 0.00, 15.64, 8.04, 0.00
425.00, 10.78, -10.94, 0.00, -7.94, 0.00, 0.00
436.00, 10.89, -10.94, 0.00, 10.34, 0.00, 0.00
446.00, 10.86, -11.10, 0.00, -2.44, -15.52, 0.00
457.00, 10.93, -11.13, 0.00, 7.15, -2.79, 0.00
466.00, 10.82, -11.00, 0.00, -12.59, 13.29, 0.00
476.00, 10.81, -11.11, 0.00, 0.00, -9.96, 0.00
485.00, 10.83, -11.12, 0.00, 2.11, 0.00, 0.00
495.00, 10.89, -11.05, 0.00, 6.09, 6.71, 0.00
506.00, 10.86, -11.24, 0.00, -2.78, -20.31, 0.00
516.00, 10.76, -11.10, 0.00, -10.06, 13.48, 0.00
526.00, 10.98, -11.19, 0.00, 22.18, -9.43, 0.00
536.00, 10.91, -11.17, 0.00, -6.65, 2.14, 0.00
546.00, 10.93, -11.19, 0.00, 0.00, -2.41, 0.00
556.00, 11.04, -11.19, 0.00, 11.46, 0.00, 0.00
566.00, 11.07, -11.18, 0.00, 2.17, 0.00, 0.00
576.00, 11.08, -11.14, 0.00, 0.00, 3.48, 0.00
586.00, 10.94, -11.14, 0.00, -13.79, 0.00, 0.00
597.00, 11.09, -11.17, 0.00, 15.27, -2.98, 0.00
607.00, 11.07, -11.20, 0.00, -2.22, -2.72, 0.00
617.00, 11.09, -11.27, 0.00, 0.00, -7.21, 0.00
628.00, 11.10, -11.08, 0.00, 0.00, 18.50, 0.00
637.00, 11.09, -11.16, 0.00, 0.00, -8.29, 0.00
647.00, 11.08, -11.24, 0.00, 0.00, -7.53, 0.00
657.00, 11.13, -11.19, 0.00, 4.62, 4.87, 0.00
666.00, 11.14, -11.20, 0.00, 0.00, 0.00, 0.00
677.00, 11.13, -11.15, 0.00, 0.00, 6.19, 0.00
687.00, 11.08, -11.01, 0.00, -4.97, 13.62, 0.00
697.00, 11.06, -11.32, 0.00, -2.08, -30.27, 0.00
707.00, 11.14, -11.25, 0.00, 8.27, 6.82, 0.00
717.00, 11.08, -11.27, 0.00, -5.99, 0.00, 0.00
726.00, 11.18, -11.16, 0.00, 9.93, 10.19, 0.00
737.00, 11.10, -11.30, 0.00, -8.25, -13.29, 0.00
747.00, 11.06, -11.19, 0.00, -4.15, 11.01, 0.00
757.00, 11.08, -11.27, 0.00, 0.00, -8.11, 0.00
768.00, 11.13, -11.23, 0.00, 5.31, 4.07, 0.00
778.00, 11.26, -11.22, 0.00, 12.90, 0.00, 0.00
788.00, 11.15, -11.36, 0.00, -10.83, -12.74, 0.00
799.00, 11.03, -11.28, 0.00, -12.21, 7.47, 0.00
808.00, 11.15, -11.15, 0.00, 13.58, 14.31, 0.00
818.00, 11.10, -11.23, 0.00, -5.71, -8.42, 0.00
827.00, 11.06, -11.23, 0.00, -3.41, 0.00, 0.00
837.00, 11.15, -11.18, 0.00, 8.31, 5.03, 0.00
848.00, 11.22, -11.17, 0.00, 7.94, 0.00, 0.00
858.00, 11.12, -11.02, 0.00, -9.75, 14.07, 0.00
867.00, 11.11, -11.20, 0.00, 0.00, -17.48, 0.00
878.00, 11.31, -11.15, 0.00, 19.53, 4.45, 0.00
888.00, 11.17, -11.27, 0.00, -15.19, -12.37, 0.00
898.00, 11.18, -11.15, 0.00, 0.00, 11.45, 0.00
908.00, 11.15, -11.28, 0.00, -3.12, -12.76, 0.00
918.00, 11.07, -11.13, 0.00, -7.37, 14.58, 0.00
928.00, 11.08, -11.16, 0.00, 0.00, -3.88, 0.00
938.00, 11.07, -11.14, 0.00, 0.00, 2.16, 0.00
948.00, 11.12, -11.16, 0.00, 4.83, 0.00, 0.00
958.00, 11.09, -11.18, 0.00, -3.49, -2.40, 0.00
969.00, 11.07, -11.12, 0.00, -2.04, 6.62, 0.00
978.00, 10.97, -11.19, 0.00, -10.01, -7.88, 0.00
988.00, 11.16, -11.13, 0.00, 17.69, 5.60, 0.00
998.00, 11.03, -11.19, 0.00, -13.04, -6.62, 0.00
1008.00, 11.09, -11.21, 0.00, 5.79, 0.00, 0.00
1018.00, 11.05, -11.27, 0.00, -4.32, -7.40, 0.00
1028.00, 11.04, -11.20, 0.00, 0.00, 6.81, 0.00
1038.00, 10.98, -11.19, 0.00, -5.34, 0.00, 0.00
1048.00, 11.04, -11.18, 0.00, 5.44, 0.00, 0.00
1058.00, 10.90, -11.19, 0.00, -14.94, 0.00, 0.00
1068.00, 11.05, -11.24, 0.00, 14.28, -4.82, 0.00
1078.00, 11.03, -11.22, 0.00, -2.12, 0.00, 0.00
1088.00, 11.01, -11.24, 0.00, 0.00, 0.00, 0.00
1099.00, 11.10, -11.32, 0.00, 8.53, -7.73, 0.00
1109.00, 11.00, -11.23, 0.00, -9.47, 8.77, 0.00
1119.00, 11.17, -11.18, 0.00, 16.43, 4.47, 0.00
1129.00, 11.06, -11.22, 0.00, -11.52, -3.68, 0.00
1140.00, 11.04, -11.18, 0.00, 0.00, 3.87, 0.00
1149.00, 11.06, -11.16, 0.00, 0.00, 2.58, 0.00
1159.00, 11.01, -11.17, 0.00, -4.57, 0.00, 0.00
1169.00, 11.09, -11.25, 0.00, 7.47, -8.20, 0.00
1180.00, 11.13, -11.13, 0.00, 4.00, 12.08, 0.00
1189.00, 11.10, -11.28, 0.00, -3.42, -16.56, 0.00
1199.00, 11.12, -11.16, 0.00, 0.00, 11.58, 0.00
1209.00, 11.18, -11.23, 0.00, 6.41, -7.10, 0.00
1219.00, 11.16, -11.27, 0.00, 0.00, -3.90, 0.00
1229.00, 11.22, -11.19, 0.00, 6.36, 8.74, 0.00
1239.00, 11.17, -11.25, 0.00, -4.77, -6.39, 0.00
1249.00, 11.09, -11.31, 0.00, -7.17, -5.22, 0.00
1259.00, 11.12, -11.20, 0.00, 2.91, 10.50, 0.00
1270.00, 11.12, -11.19, 0.00, 0.00, 0.00, 0.00
1280.00, 11.14, -11.15, 0.00, 1.97, 3.55, 0.00
1290.00, 11.15, -11.27, 0.00, 0.00, -11.10, 0.00
1300.00, 11.10, -11.15, 0.00, -4.87, 10.72, 0.00
1311.00, 11.14, -11.24, 0.00, 3.92, -8.14, 0.00
1320.00, 11.14, -11.36, 0.00, 0.00, -13.30, 0.00
1330.00, 11.22, -11.26, 0.00, 7.83, 9.67, 0.00
1340.00, 11.18, -11.30, 0.00, -3.87, -3.86, 0.00
1351.00, 11.24, -11.26, 0.00, 5.19, 3.51, 0.00
1360.00, 11.14, -11.20, 0.00, -10.04, 6.67, 0.00
1370.00, 11.12, -11.18, 0.00, -2.45, 2.37, 0.00
1380.00, 11.18, -11.19, 0.00, 5.83, 0.00, 0.00
1390.00, 11.20, -11.29, 0.00, 2.23, -9.24, 0.00
1400.00, 11.15, -11.17, 0.00, -4.97, 12.83, 0.00
1410.00, 11.12, -11.17, 0.00, -3.17, 0.00, 0.00
1420.00, 11.05, -11.19, 0.00, -7.19, 0.00, 0.00
1430.00, 11.19, -11.20, 0.00, 13.08, 0.00, 0.00
1440.00, 11.17, -11.29, 0.00, 0.00, -9.51, 0.00
1450.00, 11.20, -11.35, 0.00, 2.58, -5.68, 0.00
1460.00, 11.12, -11.22, 0.00, -7.70, 11.63, 0.00
1470.00, 11.18, -11.28, 0.00, 6.12, -5.39, 0.00
1481.00, 11.11, -11.24, 0.00, -6.99, 3.50, 0.00
1490.00, 11.06, -11.33, 0.00, -5.10, -9.66, 0.00
1500.00, 11.15, -11.23, 0.00, 8.67, 10.51, 0.00
1510.00, 11.10, -11.20, 0.00, -4.39, 2.80, 0.00
1520.00, 11.04, -11.22, 0.00, -6.70, -1.98, 0.00
1530.00, 11.23, -11.20, 0.00, 21.11, 0.00, 0.00
1540.00, 11.16, -11.22, 0.00, -6.32, -2.02, 0.00
1550.00, 11.17, -11.33, 0.00, 0.00, -10.59, 0.00
1560.00, 11.22, -11.25, 0.00, 5.06, 8.12, 0.00
1570.00, 11.14, -11.26, 0.00, -7.96, 0.00, 0.00
1580.00, 11.16, -11.27, 0.00, 0.00, 0.00, 0.00
1590.00, 11.07, -11.33, 0.00, -7.97, -6.05, 0.00
1600.00, 11.09, -11.15, 0.00, 0.00, 17.84, 0.00
1611.00, 11.01, -11.28, 0.00, -7.62, -11.96, 0.00
1621.00, 10.95, -11.23, 0.00, -6.25, 4.59, 0.00
1631.00, 11.09, -11.23, 0.00, 14.01, 0.00, 0.00
1641.00, 11.05, -11.16, 0.00, -3.84, 6.54, 0.00
1652.00, 11.14, -11.25, 0.00, 8.26, -8.43, 0.00
1661.00, 11.11, -11.21, 0.00, -2.96, 3.64, 0.00
1671.00, 11.19, -11.32, 0.00, 7.65, -10.26, 0.00
1681.00, 11.23, -11.24, 0.00, 3.89, 7.91, 0.00
1692.00, 11.25, -11.22, 0.00, 2.61, 2.17, 0.00
1701.00, 11.30, -11.17, 0.00, 5.51, 5.54, 0.00
1710.00, 11.16, -11.17, 0.00, -13.58, 0.00, 0.00
1721.00, 11.17, -11.16, 0.00, 0.00, 0.00, 0.00
1731.00, 11.20, -11.27, 0.00, 2.51, -10.50, 0.00
1741.00, 11.26, -11.15, 0.00, 6.75, 12.56, 0.00
1751.00, 11.18, -11.27, 0.00, -7.80, -11.34, 0.00
1761.00, 11.18, -11.22, 0.00, 0.00, 4.26, 0.00
1771.00, 11.29, -11.21, 0.00, 9.70, 0.00, 0.00
1782.00, 11.31, -11.33, 0.00, 2.07, -12.62, 0.00
1792.00, 11.25, -11.26, 0.00, -5.05, 6.86, 0.00
1802.00, 11.32, -11.34, 0.00, 5.90, -7.13, 0.00
1812.00, 11.14, -11.25, 0.00, -17.36, 8.78, 0.00
1823.00, 11.19, -11.24, 0.00, 4.96, 0.00, 0.00
1832.00, 11.28, -11.23, 0.00, 10.12, 0.00, 0.00
1842.00, 11.19, -11.24, 0.00, -9.06, 0.00, 0.00
1852.00, 11.18, -11.32, 0.00, 0.00, -6.92, 0.00
1863.00, 11.23, -11.27, 0.00, 4.12, 4.89, 0.00
1872.00, 11.21, -11.20, 0.00, -2.30, 7.15, 0.00
1882.00, 11.25, -11.26, 0.00, 4.74, -5.64, 0.00
1892.00, 11.39, -11.29, 0.00, 13.50, -3.43, 0.00
1902.00, 11.28, -11.36, 0.00, -10.80, -6.52, 0.00
1912.00, 11.27, -11.22, 0.00, 0.00, 14.83, 0.00
1922.00, 11.35, -11.24, 0.00, 7.04, 0.00, 0.00
1932.00, 11.18, -11.29, 0.00, -16.48, -5.23, 0.00
1942.00, 11.20, -11.24, 0.00, 0.00, 4.92, 0.00
1952.00, 11.18, -11.18, 0.00, 0.00, 7.37, 0.00
1962.00, 11.20, -11.20, 0.00, 2.53, 0.00, 0.00
1972.00, 11.17, -11.13, 0.00, -3.58, 6.80, 0.00
1982.00, 11.20, -11.01, 0.00, 3.52, 11.33, 0.00
1993.00, 11.22, -11.44, 0.00, 0.00, -43.31, 0.00
2002.00, 11.31, -11.19, 0.00, 10.22, 26.67, 0.00
