
MotorSpeedMeasurement
1024,0.00,150.75,113.89
1049,0.00,116.54,14.88
1074,0.00,278.27,233.34
1099,0.00,402.97,356.15
1124,0.00,496.29,449.64
1149,0.00,564.35,515.46
1174,0.00,617.48,567.35
1199,0.00,656.18,605.69
1224,0.00,688.68,638.11
1249,0.00,713.47,660.99
1274,0.00,733.00,684.07
1299,0.00,747.97,699.64
1324,0.00,758.44,712.78
1349,0.00,772.06,718.08
1374,0.00,777.45,735.41
1399,0.00,783.33,738.05
1424,0.00,787.88,743.71
1449,0.00,793.16,746.38
1474,0.00,796.70,750.25
1499,0.00,797.57,750.81
1524,0.00,799.78,752.03
1549,0.00,802.49,757.08
1574,0.00,804.81,754.85
1599,0.00,803.44,756.10
1624,0.00,806.58,758.44
1649,0.00,805.19,756.87
1674,0.00,807.63,759.31
1699,0.00,807.84,759.11
1724,0.00,806.32,756.59
1750,0.00,808.59,759.82
1775,0.00,808.97,757.69
1800,0.00,807.11,760.53
1825,0.00,809.23,760.17
1850,0.00,806.71,757.82
1875,0.00,797.87,761.01
1900,0.00,788.11,760.66
1925,0.00,778.45,758.68
1950,0.00,766.10,761.14
1975,0.00,752.03,761.28
2000,0.00,739.76,759.35
2025,0.00,724.34,760.41
2050,0.00,707.24,762.02
2075,0.00,704.78,761.48
2100,0.00,687.44,758.81
2125,0.00,678.32,761.48
2150,0.00,674.03,760.78
2176,0.00,667.24,758.05
2201,0.00,671.11,760.65
2226,0.00,674.80,759.79
2251,0.00,676.62,757.81
2276,0.00,683.75,759.05
2301,0.00,688.72,756.39
2326,0.00,695.69,759.68
2351,0.00,697.49,755.48
2376,0.00,700.50,759.59
2401,0.00,701.81,751.82
2426,0.00,704.12,762.82
2451,0.00,703.71,755.86
2476,0.00,704.63,758.19
2501,0.00,704.12,756.15
2526,0.00,706.28,758.31
2551,0.00,703.78,755.91
2576,0.00,701.54,750.69
2601,0.00,701.70,746.56
2626,0.00,701.81,736.73
2651,0.00,701.35,728.47
2676,0.00,699.95,721.42
2701,0.00,700.10,712.41
2726,0.00,700.64,703.19
2751,0.00,698.85,699.64
2776,0.00,699.19,697.05
2801,0.00,697.71,691.08
2826,0.00,699.33,692.41
2851,0.00,700.06,688.47
2876,0.00,699.64,686.77
2902,0.00,699.41,689.36
2927,0.00,698.37,700.31
2952,0.00,702.68,701.81
2977,0.00,697.93,699.30
3002,0.00,700.21,696.94
3027,0.00,700.17,694.44
3052,0.00,699.76,697.03
3077,0.00,700.33,699.98
3102,0.00,700.97,701.52
3127,0.00,699.98,698.96
3152,0.00,700.17,695.96
3177,0.00,700.93,699.98
3202,0.00,699.16,702.91
3227,0.00,700.53,701.37
3252,0.00,699.87,698.76
3277,0.00,698.15,699.11
3302,0.00,699.76,698.28
3328,0.00,700.61,700.31
3353,0.00,700.97,700.50
3378,0.00,699.98,699.53
3403,0.00,699.84,697.27
3428,0.00,700.25,701.58
3453,0.00,700.06,703.84
3478,0.00,699.87,701.47
3503,0.00,700.33,698.53
3528,0.00,698.02,699.11
3553,0.00,699.98,698.51
3578,0.00,701.74,699.44
3603,0.00,700.33,699.87
3628,0.00,700.55,700.44
3653,0.00,700.50,699.95
3678,0.00,699.53,699.64
3703,0.00,700.97,697.71
3728,0.00,699.98,702.22
3753,0.00,699.63,701.96
3778,0.00,701.05,700.55
3803,0.00,699.98,698.73
3828,0.00,698.97,700.42
3853,0.00,699.76,698.85
3878,0.00,698.15,699.63
3903,0.00,699.30,699.53
3928,0.00,700.10,700.55
3953,0.00,700.31,701.08
3978,0.00,699.19,698.96
4003,0.00,700.50,697.38
4028,0.00,700.33,701.54
4054,0.00,700.97,702.91
4079,0.00,697.69,700.90
4104,0.00,703.37,698.28
4129,0.00,698.81,698.35
4154,0.00,700.10,699.30
4179,0.00,700.39,700.93
4204,0.00,700.21,700.67
4229,0.00,700.21,699.64
4254,0.00,700.42,697.06
4279,0.00,699.84,699.61
4304,0.00,700.31,706.88
4329,0.00,700.44,705.48
4354,0.00,700.55,701.39
4379,0.00,700.42,696.71
4404,0.00,699.87,696.37
4429,0.00,700.06,700.31
4454,0.00,699.53,700.44
4480,0.00,698.48,698.54
4505,0.00,700.39,698.78
4530,0.00,699.53,696.82
4555,0.00,700.97,702.03
4580,0.00,700.78,706.01
4605,0.00,699.87,701.81
4630,0.00,700.44,696.71
4655,0.00,699.53,698.39
4680,0.00,699.08,699.22
4705,0.00,699.53,699.87
4730,0.00,698.70,700.64
4755,0.00,699.07,698.76
4780,0.00,700.67,697.94
4805,0.00,700.83,698.13
4830,0.00,700.21,704.86
4855,0.00,701.74,702.25
4880,0.00,700.55,700.21
4905,0.00,700.28,695.64
4930,0.00,700.21,699.98
4955,0.00,700.10,703.02
4980,0.00,700.53,700.31
5005,0.00,699.98,698.17
5030,0.00,700.06,699.11
5055,0.00,700.21,699.07
5080,0.00,697.28,699.67
5105,0.00,700.86,699.52
5130,0.00,700.55,700.10
5155,0.00,699.95,698.67
5180,0.00,699.98,700.90
5206,0.00,700.75,700.20
5231,0.00,699.33,701.74
5256,0.00,699.98,698.96
5281,0.00,697.69,699.77
5306,0.00,699.30,699.30
5331,0.00,700.97,699.84
5356,0.00,700.44,698.87
5381,0.00,699.98,702.34
5406,0.00,700.39,701.37
5431,0.00,701.16,697.28
5456,0.00,699.74,699.66
5481,0.00,700.55,703.02
5506,0.00,700.33,703.48
5531,0.00,700.42,696.73
5556,0.00,699.16,698.96
5581,0.00,700.64,701.74
5606,0.00,699.41,699.53
5632,0.00,698.15,698.24
5657,0.00,699.30,696.50
5682,0.00,700.59,702.38
5707,0.00,700.50,705.05
5732,0.00,700.33,701.70
5757,0.00,700.28,696.71
5782,0.00,696.48,697.96
5807,0.00,705.09,700.67
5832,0.00,700.93,700.83
5857,0.00,701.16,700.70
5882,0.00,699.95,698.35
5907,0.00,699.64,697.26
5932,0.00,697.05,699.87
5957,0.00,700.75,702.36
5982,0.00,700.10,700.90
6007,0.00,699.63,697.80
6032,0.00,700.55,699.10
6057,0.00,700.86,702.14
6082,0.00,699.87,701.65
6107,0.00,699.87,699.90
6132,0.00,700.39,699.66
6157,0.00,699.53,697.71
6182,0.00,701.30,700.09
6207,0.00,699.64,700.78
6232,0.00,699.87,699.72
6257,0.00,699.14,700.64
6282,0.00,699.39,699.41
6307,0.00,701.08,697.16
6332,0.00,700.67,701.77
6358,0.00,700.61,703.67
6383,0.00,700.53,700.93
6408,0.00,700.33,698.76
6433,0.00,700.09,698.78
6458,0.00,699.76,698.62
6483,0.00,699.84,700.42
6508,0.00,697.28,700.21
6533,0.00,699.76,699.41
6558,0.00,700.75,697.38
6583,0.00,699.76,702.11
6608,0.00,700.86,703.13
6633,0.00,699.53,700.78
6658,0.00,699.64,694.22
6683,0.00,699.95,705.22
6708,0.00,699.90,706.97
6733,0.00,700.39,701.26
6758,0.00,699.76,697.16
6784,0.00,698.02,698.04
6809,0.00,700.86,697.04
6834,0.00,700.90,697.15
6859,0.00,700.06,694.66
6884,0.00,700.55,711.60
6909,0.00,701.19,709.36
6934,0.00,699.87,708.27
6959,0.00,700.10,702.57
6984,0.00,700.97,700.64
7009,0.00,699.41,695.01
7034,0.00,699.95,696.28
7059,0.00,699.98,693.54
7084,0.00,699.30,692.40
7109,0.00,698.48,699.84
7134,0.00,700.44,703.53
7159,0.00,699.98,701.26
7184,0.00,700.06,698.51
7209,0.00,700.64,695.42
7234,0.00,699.41,697.73
7259,0.00,700.10,701.54
7284,0.00,700.97,700.42
7309,0.00,699.19,694.67
7334,0.00,699.95,702.25
7359,0.00,699.53,708.24
7384,0.00,697.16,707.74
7409,0.00,701.41,699.74
7434,0.00,699.61,695.91
7459,0.00,701.63,696.40
7484,0.00,700.44,695.91
7510,0.00,700.83,694.99
7535,0.00,700.86,703.40
7560,0.00,700.21,703.66
7585,0.00,701.19,700.31
7610,0.00,699.39,698.51
7635,0.00,700.42,698.02
7660,0.00,700.21,697.39
7685,0.00,699.98,699.07
7710,0.00,697.82,698.26
7735,0.00,699.27,704.11
7760,0.00,701.08,699.80
7785,0.00,699.76,700.29
7810,0.00,699.87,698.85
7835,0.00,700.31,698.67
7860,0.00,699.76,701.39
7885,0.00,700.20,699.84
7910,0.00,699.53,699.53
7936,0.00,697.26,699.77
7961,0.00,700.86,697.04
7986,0.00,700.33,701.05
8011,0.00,700.20,703.73
8036,0.00,700.55,701.81
8061,0.00,700.17,698.89
8086,0.00,699.53,697.49
8111,0.00,700.67,700.36
8136,0.00,700.75,700.50
8161,0.00,699.16,699.07
8186,0.00,700.64,699.87
8211,0.00,697.96,699.64
8236,0.00,702.00,699.53
8261,0.00,698.67,698.89
8286,0.00,700.93,700.90
8311,0.00,700.50,701.59
8336,0.00,700.33,699.56
8361,0.00,699.95,699.41
8386,0.00,700.33,700.21
8411,0.00,700.36,700.21
8436,0.00,699.95,701.19
8461,0.00,699.87,699.53
8486,0.00,700.31,698.89
8511,0.00,700.21,699.19
8536,0.00,699.98,701.01
8561,0.00,696.61,700.93
8586,0.00,701.28,700.10
8611,0.00,699.84,697.27
8636,0.00,699.76,702.68
8662,0.00,700.64,698.67
8687,0.00,700.17,706.70
8712,0.00,700.10,702.34
8737,0.00,701.19,696.51
8762,0.00,700.10,698.76
8787,0.00,697.82,699.00
8812,0.00,699.39,698.39
8837,0.00,703.37,699.07
8862,0.00,698.37,698.56
8887,0.00,699.98,701.01
8912,0.00,699.95,702.58
8937,0.00,699.87,699.76
8962,0.00,700.44,698.64
8987,0.00,699.98,699.66
9012,0.00,700.10,698.85
9037,0.00,700.86,700.20
9062,0.00,699.98,699.61
9088,0.00,696.71,701.41
9113,0.00,700.75,694.44
9138,0.00,700.10,710.44
9163,0.00,699.52,707.69
9188,0.00,700.36,702.57
9213,0.00,700.50,702.14
9238,0.00,700.21,698.28
9263,0.00,700.33,697.05
9288,0.00,700.97,692.60
9313,0.00,700.10,698.76
9338,0.00,699.74,701.26
9363,0.00,697.50,699.87
9388,0.00,702.45,697.37
9413,0.00,698.37,698.78
9438,0.00,699.87,699.76
9463,0.00,700.28,698.56
9488,0.00,699.90,700.67
9513,0.00,699.63,700.86
9538,0.00,700.21,699.98
9563,0.00,699.41,698.96
9588,0.00,700.64,700.42
9613,0.00,699.98,698.73
9638,0.00,699.63,700.97
9663,0.00,698.30,700.55
9688,0.00,702.34,699.41
9713,0.00,697.93,699.30
9738,0.00,700.21,699.53
9763,0.00,701.30,698.48
9788,0.00,698.82,702.34
9814,0.00,701.52,702.47
9839,0.00,700.72,699.44
9864,0.00,699.87,700.13
9889,0.00,700.97,698.11
9914,0.00,700.33,699.90
9939,0.00,697.91,696.17
9964,0.00,702.22,706.86
9989,0.00,700.33,705.84
10014,0.00,698.59,703.89
10039,0.00,700.33,699.76
10064,0.00,700.39,698.45
10089,0.00,700.55,693.77
10114,0.00,700.21,696.94
10139,0.00,700.97,702.03
10164,0.00,700.21,702.11
10189,0.00,699.41,698.78
10214,0.00,699.98,698.53
10240,0.00,700.64,697.58
10265,0.00,697.71,696.62
10290,0.00,699.98,705.02
10315,0.00,700.17,705.44
10340,0.00,699.87,701.47
10365,0.00,700.75,699.08
10390,0.00,701.24,694.79
10415,0.00,699.87,698.73
10440,0.00,700.39,701.92
10465,0.00,700.21,701.35
10490,0.00,700.42,700.20
10515,0.00,700.44,697.03
10540,0.00,699.76,697.62
10565,0.00,699.74,698.13
10590,0.00,697.39,704.40
10615,0.00,701.19,700.53
10640,0.00,700.33,702.00
10665,0.00,700.50,696.18
10690,0.00,700.78,699.19
10715,0.00,700.10,701.70
10740,0.00,700.39,700.93
10765,0.00,700.10,698.96
10790,0.00,700.97,699.33
10815,0.00,700.10,699.33
10840,0.00,699.87,698.39
10865,0.00,700.86,697.80
10890,0.00,698.85,703.82
10915,0.00,698.37,700.86
10940,0.00,698.71,700.10
10966,0.00,700.42,699.00
10991,0.00,700.86,700.53
11016,0.00,700.10,698.62
11041,0.00,699.95,700.28
11066,0.00,699.98,701.16
11091,0.00,701.30,699.63
11116,0.00,699.30,699.41
11141,0.00,699.76,699.53
11166,0.00,698.02,698.37
11191,0.00,699.19,703.88
11216,0.00,701.74,699.91
11241,0.00,700.67,701.09
11266,0.00,700.10,699.53
11291,0.00,701.04,698.92
11316,0.00,699.98,698.62
11341,0.00,701.19,699.95
11366,0.00,699.98,701.24
11392,0.00,699.95,700.64
11417,0.00,699.44,697.04
11442,0.00,699.87,699.98
11467,0.00,698.26,701.30
11492,0.00,699.64,700.44
11517,0.00,700.39,700.53
11542,0.00,700.21,698.96
11567,0.00,700.10,698.17
11592,0.00,701.08,700.64
11617,0.00,699.87,700.18
11642,0.00,700.17,701.30
11667,0.00,700.59,699.30
11692,0.00,699.50,698.17
11717,0.00,700.97,697.71
11742,0.00,699.98,702.45
11767,0.00,697.91,703.78
11792,0.00,702.57,700.10
11817,0.00,698.15,698.02
11842,0.00,699.76,699.67
11867,0.00,700.90,698.51
11892,0.00,699.41,699.98
11917,0.00,700.67,699.84
11942,0.00,700.86,701.08
11967,0.00,699.64,699.76
11992,0.00,700.44,699.19
12017,0.00,701.08,697.60
12042,0.00,699.53,703.25
12067,0.00,700.17,704.61
12092,0.00,699.76,700.44
12118,0.00,698.04,695.86
12143,0.00,700.28,700.97
12168,0.00,700.33,700.29
12193,0.00,700.31,702.07
12218,0.00,700.55,698.96
12243,0.00,700.06,698.24
12268,0.00,700.93,696.94
12293,0.00,699.16,703.02
12318,0.00,700.64,703.02
12343,0.00,699.87,699.76
12368,0.00,698.37,696.95
12393,0.00,698.82,699.64
12418,0.00,700.93,702.27
12443,0.00,699.84,700.93
12468,0.00,700.21,699.76
12493,0.00,700.42,699.44
12518,0.00,699.30,698.76
12544,0.00,700.64,696.82
12569,0.00,699.84,701.59
12594,0.00,697.05,705.55
12619,0.00,700.97,699.00
12644,0.00,700.78,699.64
12669,0.00,700.06,699.58
12694,0.00,700.78,696.91
12719,0.00,700.33,699.76
12744,0.00,700.42,702.84
12769,0.00,699.72,700.90
12794,0.00,700.86,698.89
12819,0.00,699.76,697.37
12844,0.00,700.10,699.30
12869,0.00,700.53,699.00
12894,0.00,699.07,703.82
12919,0.00,700.17,699.44
12944,0.00,699.98,699.76
12969,0.00,698.26,699.33
12994,0.00,699.30,701.16
13019,0.00,700.78,698.59
13044,0.00,700.86,701.41
13069,0.00,700.33,699.64
13094,0.00,700.28,699.98
13119,0.00,699.76,698.96
13144,0.00,699.98,699.19
13169,0.00,700.97,698.78
13194,0.00,700.10,700.67
13219,0.00,699.84,702.58
13244,0.00,699.98,700.33
13270,0.00,697.82,699.22
13295,0.00,696.06,700.53
13320,0.00,704.51,699.64
13345,0.00,701.41,699.44
13370,0.00,699.64,698.51
13395,0.00,700.64,698.13
13420,0.00,699.98,703.25
13445,0.00,699.41,703.53
13470,0.00,697.48,698.78
13495,0.00,698.73,699.30
13520,0.00,697.69,698.13
13545,0.00,706.89,699.98
13570,0.00,702.52,700.44
13595,0.00,697.93,702.07
13620,0.00,700.10,698.62
13645,0.00,700.42,698.89
13670,0.00,699.30,699.07
13696,0.00,699.84,700.50
13721,0.00,700.64,699.77
13746,0.00,698.96,699.67
13771,0.00,698.37,701.81
13796,0.00,700.33,700.55
13821,0.00,699.74,700.97
13846,0.00,699.98,697.60
13871,0.00,701.01,698.39
13896,0.00,699.98,701.59
13921,0.00,700.33,701.70
13946,0.00,700.17,701.19
13971,0.00,699.87,698.73
13996,0.00,700.55,698.62
14021,0.00,700.64,697.91
14046,0.00,699.64,702.84
14071,0.00,697.58,704.61
14096,0.00,699.98,701.24
14121,0.00,700.86,695.96
14146,0.00,699.98,698.87
14171,0.00,700.55,701.70
14196,0.00,700.61,700.83
14221,0.00,699.98,698.96
14246,0.00,700.75,699.80
14271,0.00,700.33,698.05
14296,0.00,699.53,698.51
14321,0.00,700.20,698.35
14346,0.00,699.30,703.82
14371,0.00,697.37,700.20
14396,0.00,700.33,699.98
14422,0.00,701.30,699.11
14447,0.00,700.39,700.53
14472,0.00,700.67,699.07
14497,0.00,701.63,699.66
14522,0.00,700.10,699.87
14547,0.00,700.61,700.39
14572,0.00,700.33,699.87
14597,0.00,699.41,699.41
14622,0.00,700.28,697.82
14647,0.00,699.98,704.68
14672,0.00,700.31,702.29
14697,0.00,699.98,702.22
14722,0.00,699.76,696.82
14747,0.00,697.93,698.48
14772,0.00,699.98,699.53
14797,0.00,700.64,698.97
14822,0.00,699.19,699.41
14848,0.00,699.74,700.42
14873,0.00,700.42,698.13
14898,0.00,699.41,700.78
14923,0.00,698.59,700.97
14948,0.00,699.72,701.31
14973,0.00,701.41,698.78
14998,0.00,700.18,700.48
15023,0.00,701.51,698.96
15048,0.00,701.26,699.98
15073,0.00,700.55,699.50
15098,0.00,700.50,701.08
15123,0.00,700.67,700.67
15148,0.00,699.87,699.41
15173,0.00,700.53,698.13
15198,0.00,699.98,700.44
15223,0.00,700.20,703.02
15248,0.00,695.01,702.45
15273,0.00,705.00,697.06
15298,0.00,699.98,698.85
15323,0.00,699.41,701.24
15348,0.00,698.15,701.85
15373,0.00,699.07,698.85
15398,0.00,700.20,698.67
15423,0.00,699.87,698.73
15448,0.00,699.64,700.78
15473,0.00,700.06,700.93
15498,0.00,700.33,700.78
15523,0.00,700.42,697.16
15548,0.00,700.21,701.43
15574,0.00,697.69,702.18
15599,0.00,700.97,701.37
15624,0.00,700.44,698.62
15649,0.00,700.72,699.33
15674,0.00,699.87,698.96
15699,0.00,700.75,699.66
15724,0.00,700.44,698.76
15749,0.00,699.76,702.68
15774,0.00,700.75,699.33
15799,0.00,699.76,699.53
15824,0.00,699.84,699.66
15849,0.00,699.30,700.10
15874,0.00,699.53,700.10
15899,0.00,698.48,695.63
15924,0.00,699.53,707.39
15949,0.00,700.28,708.28
15974,0.00,700.93,703.42
16000,0.00,699.74,700.06
16025,0.00,700.75,696.96
16050,0.00,699.84,696.24
16075,0.00,700.42,696.28
16100,0.00,700.44,691.84
16125,0.00,699.14,708.91
16150,0.00,698.82,711.13
16175,0.00,700.78,704.34
16200,0.00,701.52,702.47
16225,0.00,699.76,699.87
16250,0.00,700.93,698.37
16275,0.00,699.87,695.69
16300,0.00,699.76,691.51
16325,0.00,701.30,697.80
16350,0.00,699.76,700.90
16375,0.00,700.20,700.53
16400,0.00,699.87,697.37
16425,0.00,697.58,695.10
16450,0.00,701.77,696.71
16475,0.00,697.39,708.70
16500,0.00,700.97,707.69
16525,0.00,700.21,704.28
16550,0.00,699.84,701.81
16575,0.00,700.10,699.07
16600,0.00,700.33,697.85
16625,0.00,700.31,693.69
16650,0.00,699.76,695.92
16675,0.00,701.41,698.35
16700,0.00,699.87,698.96
16726,0.00,699.63,697.48
16751,0.00,698.37,698.89
16776,0.00,699.98,702.00
16801,0.00,700.17,700.20
16826,0.00,700.67,699.53
16851,0.00,700.09,700.09
16876,0.00,700.44,698.51
16901,0.00,700.33,699.44
16926,0.00,699.63,699.63
16951,0.00,700.44,699.98
16976,0.00,701.41,694.66
17001,0.00,699.30,711.37
17026,0.00,700.33,706.86
17051,0.00,693.25,705.11
17076,0.00,704.86,704.91
17101,0.00,701.37,697.60
17126,0.00,701.13,697.60
17152,0.00,700.86,697.16
17177,0.00,699.84,691.85
17202,0.00,700.13,698.99
17227,0.00,699.19,702.80
17252,0.00,698.96,700.21
17277,0.00,700.42,699.11
17302,0.00,699.64,694.78
17327,0.00,699.64,699.07
17352,0.00,698.26,702.25
17377,0.00,699.98,701.70
17402,0.00,700.97,698.56
17427,0.00,700.10,699.10
17452,0.00,700.21,697.83
17477,0.00,699.84,699.22
17502,0.00,700.44,700.55
17527,0.00,700.64,700.83
17552,0.00,699.41,699.87
17577,0.00,696.28,697.16
17602,0.00,703.71,701.13
17627,0.00,698.42,703.25
17652,0.00,700.64,700.83
17677,0.00,699.76,698.30
17702,0.00,700.42,699.33
17727,0.00,699.53,699.87
17752,0.00,699.53,699.30
17777,0.00,699.52,699.98
17802,0.00,700.36,699.30
17827,0.00,699.63,697.80
17852,0.00,699.30,703.60
17878,0.00,698.59,702.47
17903,0.00,700.06,697.49
17928,0.00,699.76,699.76
17953,0.00,701.30,700.83
17978,0.00,699.76,699.30
18003,0.00,699.87,700.75
18028,0.00,699.76,694.22
18053,0.00,699.76,707.62
18078,0.00,697.04,706.26
18103,0.00,700.33,707.43
18128,0.00,702.07,700.09
18153,0.00,700.44,699.19
18178,0.00,699.95,695.69
18203,0.00,701.85,697.49
18228,0.00,699.39,695.34
18253,0.00,701.30,695.97
18278,0.00,700.33,699.27
18304,0.00,700.31,703.02
18329,0.00,700.64,703.62
18354,0.00,699.87,698.62
18379,0.00,696.93,697.80
18404,0.00,702.34,697.37
18429,0.00,698.59,693.68
18454,0.00,699.98,713.35
18479,0.00,699.76,709.54
18504,0.00,700.42,705.66
18529,0.00,699.61,704.97
18554,0.00,700.09,700.28
18579,0.00,700.21,696.37
18604,0.00,700.21,695.92
18629,0.00,700.42,693.91
18654,0.00,700.10,692.17
18679,0.00,696.93,697.80
18704,0.00,699.76,701.47
18729,0.00,701.41,700.50
18754,0.00,699.98,697.94
18779,0.00,699.64,695.58
18804,0.00,700.17,699.95
18829,0.00,700.33,703.14
18854,0.00,699.98,702.00
18879,0.00,700.10,697.24
18904,0.00,700.55,699.44
18929,0.00,699.63,698.97
18954,0.00,701.05,700.25
18979,0.00,700.28,697.69
19004,0.00,699.30,702.57
19030,0.00,698.92,699.55
19055,0.00,700.39,700.75
19080,0.00,699.64,699.87
19105,0.00,700.86,699.98
19130,0.00,700.55,698.73
19155,0.00,699.84,699.77
19180,0.00,700.55,699.87
19205,0.00,700.21,700.10
19230,0.00,700.09,698.35
19255,0.00,699.98,702.91
19280,0.00,696.06,701.92
19305,0.00,703.94,699.41
19330,0.00,700.10,696.14
19355,0.00,698.15,699.66
19380,0.00,699.64,703.07
19405,0.00,700.31,702.14
19430,0.00,699.53,699.19
19456,0.00,700.39,699.55
19481,0.00,700.42,698.24
19506,0.00,700.44,696.71
19531,0.00,698.35,702.14
19556,0.00,700.10,705.43
19581,0.00,701.74,701.15
19606,0.00,700.75,696.48
19631,0.00,700.21,698.30
19656,0.00,701.85,700.83
19681,0.00,700.44,700.55
19706,0.00,699.74,700.64
19731,0.00,700.21,698.28
19756,0.00,699.64,697.96
19781,0.00,699.98,699.41
19806,0.00,699.64,701.58
19831,0.00,700.20,700.61
19856,0.00,699.19,698.42
19881,0.00,697.04,699.44
19906,0.00,701.28,701.58
19931,0.00,699.76,701.09
19956,0.00,700.17,699.33
19981,0.00,700.21,700.13
20006,0.00,700.31,698.76
20031,0.00,700.33,699.30
20056,0.00,695.79,700.33
20081,0.00,704.67,701.63
20106,0.00,700.78,699.64
20131,0.00,701.41,697.69
20156,0.00,700.55,700.55
20182,0.00,699.41,703.34
20207,0.00,698.59,697.04
20232,0.00,694.89,707.66
20257,0.00,705.33,700.64
20282,0.00,701.35,701.77
20307,0.00,699.95,691.51
20332,0.00,700.48,706.47
20357,0.00,699.16,709.51
20382,0.00,700.42,704.61
20407,0.00,699.41,701.01
20432,0.00,700.42,699.33
20457,0.00,699.64,694.22
20482,0.00,698.39,695.92
20507,0.00,698.92,695.63
20532,0.00,699.98,694.44
20557,0.00,699.95,701.37
20582,0.00,700.44,706.51
20608,0.00,701.19,700.13
20633,0.00,700.17,698.76
20658,0.00,700.33,698.53
20683,0.00,701.41,697.15
20708,0.00,699.76,694.90
20733,0.00,700.28,701.52
20758,0.00,697.62,708.12
20783,0.00,701.88,703.37
20808,0.00,698.81,701.19
20833,0.00,699.87,698.17
20858,0.00,700.39,693.90
20883,0.00,699.98,698.99
20908,0.00,700.10,700.75
20933,0.00,701.30,701.08
20958,0.00,699.64,698.17
20983,0.00,696.28,695.96
