
MotorSpeedMeasurement
1024,1.86,1.57,0.88
1049,138.46,138.46,107.69
1074,188.00,184.00,153.85
1099,223.08,223.08,220.83
1124,252.00,262.50,228.00
1149,295.83,284.00,257.69
1174,284.00,288.00,283.33
1199,300.00,296.15,280.00
1224,324.00,332.00,308.00
1249,320.00,337.50,304.00
1274,340.00,330.77,324.00
1299,332.00,340.00,307.69
1324,336.00,344.00,333.33
1349,338.46,364.00,330.77
1374,344.00,344.00,341.67
1399,375.00,383.33,344.00
1424,326.92,334.62,328.00
1449,356.00,379.17,344.00
1474,348.00,340.00,336.00
1499,358.33,336.00,319.23
1524,352.00,338.46,366.67
1549,332.00,350.00,332.00
1574,352.00,334.62,348.00
1599,332.00,337.50,332.00
1624,328.00,324.00,323.08
1649,340.00,328.00,366.67
1674,320.00,312.00,332.00
1699,328.00,316.00,330.77
1724,308.00,296.00,328.00
1750,296.30,308.00,354.17
1775,325.00,288.46,323.08
1800,284.62,276.92,303.85
1825,304.00,304.17,337.50
1850,295.83,269.23,304.00
1875,296.00,300.00,303.85
1900,280.00,280.00,308.33
1925,269.23,276.00,292.00
1950,308.33,292.00,304.00
1975,269.23,273.08,284.00
2000,308.33,304.00,296.00
2025,276.00,295.83,273.08
2050,276.00,276.92,280.00
2075,284.62,312.50,292.00
2100,291.67,292.00,280.00
2125,300.00,296.15,304.17
2150,276.92,304.17,273.08
2176,312.50,308.00,304.17
2201,292.31,296.15,284.62
2226,292.00,296.00,276.92
2251,308.00,300.00,300.00
2276,296.00,308.33,292.00
2301,308.00,308.00,304.00
2326,296.00,288.46,292.00
2351,288.46,296.00,304.17
2376,325.00,325.00,296.15
2401,296.00,296.00,304.17
2426,312.00,308.00,308.00
2451,296.00,296.00,284.62
2476,288.46,296.00,296.00
2501,325.00,308.00,320.83
2526,296.00,296.00,296.00
2551,300.00,308.00,312.00
2576,308.33,284.62,296.00
2601,308.00,316.67,308.00
2626,296.00,296.00,284.62
2651,284.62,292.00,304.17
2676,316.67,308.00,300.00
2701,296.00,292.00,304.17
2726,308.00,308.00,308.00
2751,292.00,292.00,296.00
2776,296.00,292.00,296.00
2801,304.00,308.00,296.15
2826,296.00,296.00,296.00
2851,296.15,308.00,320.83
2876,304.17,292.00,284.62
2902,285.19,308.00,316.67
2927,320.83,285.19,296.15
2952,292.00,304.17,292.00
2977,308.00,312.00,308.00
3002,292.00,292.00,292.00
3027,308.00,308.00,308.00
3052,284.62,284.62,292.00
3077,292.00,304.17,292.00
3102,320.83,308.00,308.00
3127,284.62,296.00,292.00
3152,308.00,296.15,308.00
3177,304.17,304.17,292.00
3202,296.00,296.00,292.00
3227,308.00,308.00,308.00
3252,292.00,284.62,292.00
3277,300.00,320.83,308.00
3302,304.17,296.00,292.00
3328,308.00,304.00,288.89
3353,285.19,296.15,308.00
3378,304.17,292.00,304.17
3403,308.00,300.00,312.00
3428,284.62,304.17,296.00
3453,316.67,308.00,296.15
3478,296.00,284.62,296.00
3503,292.00,304.17,304.17
3528,308.00,308.00,312.00
3553,284.62,284.62,296.00
3578,308.00,316.67,296.15
3603,304.17,296.00,296.00
3628,296.00,292.00,304.17
3653,308.00,308.00,312.00
3678,284.62,296.00,284.62
3703,316.67,308.00,316.67
3728,296.00,292.00,296.00
3753,308.00,308.00,296.15
3778,292.00,296.00,304.17
3803,296.00,292.00,296.00
3828,296.15,308.00,296.15
3853,304.17,284.62,304.17
3878,308.00,320.83,308.00
3903,296.00,284.62,284.62
3928,292.00,304.17,304.17
3953,308.00,308.00,308.00
3978,292.00,296.00,284.62
4003,300.00,308.00,308.00
4028,304.17,292.00,304.17
4054,308.00,308.00,308.00
4079,296.15,296.15,292.31
4104,292.00,292.00,296.00
4129,308.00,308.00,304.00
4154,284.62,284.62,296.00
4179,320.83,316.67,304.00
4204,292.00,296.00,296.00
4229,292.00,284.62,292.00
4254,300.00,308.00,308.00
4279,296.00,296.00,296.00
4304,316.67,308.00,296.15
4329,296.00,308.33,304.17
4354,296.00,292.00,296.00
4379,296.15,308.00,308.00
4404,296.00,296.00,284.62
4429,320.83,296.15,320.83
4454,284.62,304.17,296.00
4480,296.15,308.00,308.00
4505,320.83,292.31,296.15
4530,296.00,292.00,292.00
4555,296.15,308.00,308.00
4580,304.17,284.62,296.00
4605,308.00,308.00,304.00
4630,292.00,304.17,296.00
4655,284.62,284.62,284.62
4680,316.67,320.83,316.67
4705,284.62,284.62,296.00
4730,316.67,316.67,308.00
4755,296.00,296.00,284.62
4780,292.00,296.00,304.17
4805,308.00,304.00,308.00
4830,292.00,296.00,292.00
4855,308.00,308.00,300.00
4880,292.00,292.00,304.17
4905,308.00,308.00,308.00
4930,292.00,284.62,296.00
4955,284.62,304.17,292.00
4980,308.00,308.00,308.00
5005,296.00,284.62,296.00
5030,308.00,320.83,296.15
5055,296.00,292.00,304.17
5080,296.00,284.62,296.00
5105,320.83,320.83,296.15
5130,296.00,284.62,296.00
5155,308.00,308.00,320.83
5180,292.00,304.17,284.62
5206,308.00,288.89,296.15
5231,296.15,316.67,320.83
5256,292.00,296.00,292.00
5281,308.00,308.00,308.00
5306,284.62,292.00,284.62
5331,316.67,308.00,316.67
5356,296.00,292.00,296.00
5381,292.00,284.62,292.00
5406,308.00,316.67,308.00
5431,284.62,296.00,284.62
5456,316.67,308.00,316.67
5481,296.00,292.00,296.00
5506,292.00,284.62,292.00
5531,308.00,316.67,308.00
5556,296.00,296.00,296.00
5581,308.00,296.15,296.15
5606,292.00,304.17,304.17
5632,308.00,308.00,288.89
5657,296.15,296.15,320.83
5682,284.62,292.00,296.00
5707,316.67,308.00,308.00
5732,296.00,292.00,292.00
5757,308.00,308.00,308.00
5782,284.62,292.00,284.62
5807,304.17,284.62,304.17
5832,300.00,320.83,308.00
5857,304.17,284.62,292.00
5882,308.00,320.83,308.00
5907,296.00,284.62,292.00
5932,292.00,304.17,292.00
5957,308.00,312.00,300.00
5982,284.62,284.62,304.17
6007,316.67,316.67,308.00
6032,296.00,296.00,284.62
6057,308.00,308.00,316.67
6082,292.00,292.00,296.00
6107,296.00,292.00,292.00
6132,296.15,308.00,308.00
6157,304.17,284.62,284.62
6182,308.00,316.67,316.67
6207,296.00,296.00,296.00
6232,292.00,292.00,284.62
6257,300.00,308.00,316.67
6282,304.17,296.00,296.00
6307,308.00,304.00,308.00
6332,296.00,296.00,292.00
6358,285.19,308.00,288.89
6383,320.83,296.15,316.67
6408,296.00,292.00,296.00
6433,304.00,308.00,296.15
6458,296.00,284.62,304.17
6483,308.00,320.83,300.00
6508,292.00,284.62,304.17
6533,284.62,304.17,284.62
6558,308.00,300.00,320.83
6583,304.17,304.17,292.00
6608,300.00,308.00,308.00
6633,304.17,296.00,284.62
6658,292.00,292.00,292.00
6683,308.00,308.00,308.00
6708,284.62,284.62,304.17
6733,320.83,308.00,308.00
6758,284.62,304.17,284.62
6784,316.67,288.89,316.67
6809,288.89,308.00,285.19
6834,292.00,304.17,304.17
6859,320.83,300.00,296.15
6884,284.62,304.17,304.17
6909,316.67,308.00,308.00
6934,296.00,292.00,292.00
6959,280.77,292.00,296.00
6984,320.83,296.15,296.15
7009,292.00,304.17,304.17
7034,308.00,308.00,300.00
7059,292.00,292.00,296.00
7084,292.00,296.00,304.17
7109,308.00,304.00,308.00
7134,292.00,296.00,296.00
7159,300.00,308.00,312.00
7184,304.17,284.62,284.62
7209,308.00,320.83,316.67
7234,292.00,284.62,296.00
7259,284.62,304.17,284.62
7284,320.83,308.00,316.67
7309,284.62,296.00,296.00
7334,316.67,308.00,308.00
7359,296.00,292.00,284.62
7384,284.62,284.62,304.17
7409,308.00,308.00,296.15
7434,304.17,304.17,304.17
7459,312.00,312.00,300.00
7484,292.00,292.00,292.00
7510,308.00,308.00,320.83
7535,285.19,296.15,285.19
7560,304.17,292.00,304.17
7585,308.00,308.00,308.00
7610,292.00,292.00,292.00
7635,308.00,308.00,308.00
7660,292.00,284.62,292.00
7685,296.00,304.17,296.00
7710,296.15,300.00,296.15
7735,304.17,304.17,304.17
7760,308.00,308.00,300.00
7785,284.62,296.00,304.17
7810,304.17,292.00,284.62
7835,308.00,308.00,320.83
7860,296.00,296.00,284.62
7885,308.00,304.00,316.67
7910,292.00,296.00,296.00
7936,308.00,308.00,304.00
7961,296.15,296.15,296.15
7986,292.00,292.00,284.62
8011,308.00,308.00,308.00
8036,284.62,292.00,304.17
8061,320.83,308.00,308.00
8086,292.00,296.00,292.00
8111,296.00,292.00,284.62
8136,308.00,308.00,308.00
8161,284.62,296.00,304.17
8186,316.67,296.15,308.00
8211,296.00,296.00,292.00
8236,296.00,296.00,284.62
8261,308.00,320.83,308.00
8286,292.00,296.00,304.17
8311,300.00,308.00,308.00
8336,304.17,296.00,296.00
8361,308.00,308.00,308.00
8386,296.00,292.00,292.00
8411,292.00,284.62,296.00
8436,308.00,320.83,308.00
8461,284.62,284.62,284.62
8486,316.67,308.00,320.83
8511,296.00,304.17,284.62
8536,296.00,296.00,300.00
8561,304.00,296.15,300.00
8586,296.00,304.17,304.17
8611,308.00,300.00,308.00
8636,292.00,304.17,296.00
8662,308.00,285.19,304.00
8687,296.15,308.00,288.89
8712,296.00,296.00,304.17
8737,304.00,308.00,308.00
8762,296.00,304.17,292.00
8787,308.00,308.00,308.00
8812,292.00,292.00,284.62
8837,296.00,292.00,292.00
8862,304.00,308.00,308.00
8887,296.00,292.00,304.17
8912,308.00,308.00,308.00
8937,284.62,292.00,284.62
8962,296.00,284.62,304.17
8987,320.83,316.67,308.00
9012,296.00,296.00,284.62
9037,308.00,308.00,316.67
9062,292.00,284.62,296.00
9088,288.89,320.83,285.19
9113,320.83,285.19,308.00
9138,292.00,304.17,296.00
9163,300.00,308.00,308.00
9188,304.17,284.62,304.17
9213,308.00,308.00,300.00
9238,292.00,304.17,304.17
9263,292.00,284.62,296.00
9288,308.00,308.00,308.00
9313,284.62,304.17,284.62
9338,308.00,308.00,316.67
9363,296.00,284.62,296.00
9388,304.17,304.17,292.00
9413,308.00,308.00,308.00
9438,296.00,284.62,284.62
9463,296.15,308.00,316.67
9488,304.17,304.17,296.00
9513,308.00,300.00,304.00
9538,292.00,304.17,296.00
9563,296.00,292.00,284.62
9588,304.00,308.00,316.67
9613,296.00,292.00,284.62
9638,296.15,308.00,316.67
9663,304.17,292.00,296.00
9688,296.00,284.62,292.00
9713,296.15,308.00,308.00
9738,304.17,296.00,296.00
9763,300.00,320.83,296.15
9788,304.17,296.00,304.17
9814,308.00,285.19,308.00
9839,296.15,308.00,296.15
9864,284.62,296.00,284.62
9889,320.83,308.00,316.67
9914,284.62,296.00,296.00
9939,308.00,320.83,296.15
9964,304.17,292.00,304.17
9989,296.00,292.00,296.00
10014,296.15,308.00,308.00
10039,304.17,292.00,292.00
10064,308.00,308.00,300.00
10089,284.62,292.00,304.17
10114,304.17,284.62,284.62
10139,308.00,316.67,320.83
10164,284.62,296.00,296.00
10189,308.00,308.00,304.00
10214,304.17,292.00,296.00
10240,308.00,308.00,285.19
10265,292.31,296.15,320.83
10290,284.62,292.00,284.62
10315,316.67,308.00,316.67
10340,296.00,292.00,284.62
10365,308.00,308.00,316.67
10390,292.00,296.00,284.62
10415,296.00,292.00,292.00
10440,304.00,308.00,316.67
10465,296.00,296.00,284.62
10490,308.00,308.00,308.00
10515,292.00,284.62,292.00
10540,296.00,304.17,304.17
10565,296.15,300.00,308.00
10590,296.00,296.00,284.62
10615,320.83,320.83,308.00
10640,296.00,296.00,304.17
10665,296.15,308.00,308.00
10690,304.17,292.00,296.00
10715,296.00,292.00,292.00
10740,308.00,308.00,308.00
10765,292.00,284.62,296.00
10790,308.00,320.83,308.00
10815,284.62,284.62,292.00
10840,304.17,304.17,296.00
10865,300.00,308.00,308.00
10890,304.17,292.00,284.62
10915,308.00,308.00,320.83
10940,296.00,296.00,296.00
10966,285.19,304.00,285.19
10991,320.83,296.15,320.83
11016,284.62,292.00,284.62
11041,316.67,308.00,316.67
11066,296.00,284.62,296.00
11091,296.15,308.00,296.15
11116,304.17,304.17,304.17
11141,284.62,296.00,284.62
11166,308.00,308.00,316.67
11191,304.17,284.62,296.00
11216,308.00,316.67,304.00
11241,292.00,296.00,296.00
11266,296.00,296.00,292.00
11291,304.00,296.15,308.00
11316,296.00,304.17,284.62
11341,296.15,300.00,316.67
11366,304.17,304.17,296.00
11392,285.19,308.00,285.19
11417,320.83,296.15,308.00
11442,284.62,292.00,304.17
11467,308.00,296.15,308.00
11492,304.17,304.17,296.00
11517,308.00,300.00,304.00
11542,292.00,292.00,296.00
11567,296.00,304.17,284.62
11592,296.15,300.00,308.00
11617,304.17,304.17,304.17
11642,300.00,308.00,300.00
11667,304.17,296.00,292.00
11692,292.00,292.00,296.00
11717,308.00,308.00,320.83
11742,284.62,284.62,296.00
11767,320.83,316.67,296.15
11792,284.62,296.00,304.17
11817,316.67,308.00,300.00
11842,296.00,292.00,304.17
11867,292.00,296.00,292.00
11892,308.00,304.00,300.00
11917,284.62,296.00,304.17
11942,316.67,296.15,308.00
11967,296.00,296.00,296.00
11992,284.62,304.17,292.00
12017,308.00,300.00,308.00
12042,304.17,304.17,292.00
12067,300.00,308.00,308.00
12092,304.17,296.00,292.00
12118,308.00,308.00,308.00
12143,285.19,296.15,296.15
12168,304.17,292.00,292.00
12193,308.00,308.00,308.00
12218,292.00,292.00,292.00
12243,296.15,308.00,308.00
12268,304.17,284.62,284.62
12293,296.00,304.17,304.17
12318,296.15,308.00,296.15
12343,304.17,296.00,304.17
12368,308.00,296.15,312.00
12393,284.62,304.17,292.00
12418,304.17,296.00,284.62
12443,300.00,300.00,320.83
12468,304.17,304.17,296.00
12493,308.00,308.00,296.15
12518,296.00,296.00,304.17
12544,285.19,285.19,312.00
12569,308.00,320.83,285.19
12594,296.00,296.00,304.17
12619,308.00,296.15,308.00
12644,304.17,304.17,284.62
12669,300.00,308.00,308.00
12694,304.17,292.00,292.00
12719,292.00,296.00,304.17
12744,308.00,296.15,308.00
12769,284.62,304.17,292.00
12794,308.00,308.00,308.00
12819,304.17,284.62,284.62
12844,292.00,304.17,304.17
12869,308.00,308.00,308.00
12894,292.00,284.62,292.00
12919,312.00,308.00,308.00
12944,292.00,308.33,284.62
12969,296.15,296.15,308.00
12994,304.17,304.17,304.17
13019,292.00,292.00,292.00
13044,300.00,308.00,312.00
13069,292.00,296.00,292.00
13094,320.83,296.15,308.00
13119,296.00,304.17,284.62
13144,292.00,284.62,304.17
13169,308.00,308.00,308.00
13194,296.00,296.00,296.00
13219,308.00,320.83,308.00
13244,292.00,296.00,292.00
13270,308.00,285.19,288.89
13295,296.15,308.00,308.00
13320,292.00,296.00,304.17
13345,308.00,316.67,300.00
13370,296.00,296.00,304.17
13395,304.00,304.00,308.00
13420,296.00,296.00,296.00
13445,292.00,292.00,292.00
13470,308.00,296.15,308.00
13495,296.00,304.17,284.62
13520,308.00,308.00,316.67
13545,292.00,292.00,296.00
13570,296.00,292.00,284.62
13595,308.00,308.00,316.67
13620,284.62,292.00,296.00
13645,320.83,300.00,308.00
13670,296.00,304.17,284.62
13696,308.00,308.00,316.67
13721,296.15,296.15,296.15
13746,292.00,296.00,292.00
13771,308.00,308.00,308.00
13796,284.62,292.00,284.62
13821,316.67,308.00,316.67
13846,296.00,284.62,296.00
13871,284.62,304.17,292.00
13896,308.00,300.00,308.00
13921,304.17,304.17,292.00
13946,312.00,300.00,308.00
13971,284.62,296.00,284.62
13996,304.17,296.00,304.17
14021,308.00,308.00,308.00
14046,284.62,308.33,296.00
14071,316.67,308.00,296.15
14096,296.00,296.00,304.17
14121,296.15,296.15,300.00
14146,304.17,304.17,296.00
14171,284.62,292.00,304.17
14196,316.67,308.00,308.00
14221,296.00,292.00,296.00
14246,304.00,308.00,300.00
14271,296.00,292.00,304.17
14296,292.00,292.00,296.00
14321,308.00,308.00,308.00
14346,284.62,284.62,296.00
14371,316.67,308.00,308.00
14396,296.00,304.17,284.62
14422,285.19,308.00,296.15
14447,320.83,288.89,308.00
14472,296.00,304.17,304.17
14497,296.15,308.00,308.00
14522,304.17,292.00,284.62
14547,300.00,308.00,316.67
14572,292.00,284.62,292.00
14597,304.17,304.17,284.62
14622,300.00,308.00,316.67
14647,304.17,296.00,284.62
14672,308.00,296.15,316.67
14697,284.62,304.17,292.00
14722,304.17,296.00,292.00
14747,308.00,308.00,296.15
14772,296.00,296.00,304.17
14797,304.00,308.00,308.00
14822,296.00,292.00,284.62
14848,304.00,308.00,320.83
14873,296.15,285.19,285.19
14898,292.00,304.17,304.17
14923,308.00,300.00,308.00
14948,292.00,304.17,292.00
14973,308.00,308.00,308.00
14998,284.62,284.62,284.62
15023,304.17,304.17,304.17
15048,300.00,308.00,308.00
15073,304.17,296.00,284.62
15098,308.00,304.00,320.83
15123,296.00,296.00,284.62
15148,284.62,292.00,304.17
15173,308.00,308.00,308.00
15198,304.17,284.62,284.62
15223,312.00,308.00,316.67
15248,292.00,296.00,296.00
15273,308.00,320.83,296.15
15298,284.62,284.62,304.17
15323,304.17,304.17,296.00
15348,308.00,308.00,308.00
15373,284.62,284.62,292.00
15398,316.67,316.67,300.00
15423,296.00,296.00,304.17
15448,292.00,292.00,284.62
15473,308.00,308.00,320.83
15498,296.00,296.00,284.62
15523,308.00,304.00,316.67
15548,292.00,296.00,296.00
15574,308.00,304.00,308.00
15599,296.15,296.15,296.15
15624,292.00,292.00,292.00
15649,308.00,308.00,308.00
15674,284.62,296.00,284.62
15699,316.67,308.00,316.67
15724,296.00,292.00,284.62
15749,284.62,284.62,292.00
15774,308.00,320.83,320.83
15799,304.17,284.62,292.00
15824,300.00,320.83,308.00
15849,304.17,284.62,292.00
15874,296.00,304.17,292.00
15899,308.00,300.00,308.00
15924,296.00,304.17,292.00
15949,304.00,308.00,308.00
15974,296.00,296.00,284.62
16000,285.19,285.19,320.83
16025,320.83,320.83,285.19
16050,296.00,292.00,304.17
16075,304.00,308.00,308.00
16100,296.00,284.62,296.00
16125,296.15,316.67,308.00
16150,304.17,296.00,284.62
16175,296.00,280.77,304.17
16200,296.15,320.83,308.00
16225,304.17,292.00,284.62
16250,308.00,308.00,316.67
16275,284.62,292.00,296.00
16300,304.17,292.00,292.00
16325,308.00,308.00,308.00
16350,284.62,296.00,284.62
16375,320.83,308.00,316.67
16400,284.62,292.00,296.00
16425,316.67,308.00,308.00
16450,296.00,292.00,292.00
16475,280.77,292.00,296.00
16500,320.83,300.00,296.15
16525,292.00,304.17,304.17
16550,308.00,300.00,312.00
16575,296.00,304.17,292.00
16600,292.00,296.00,296.00
16625,308.00,308.00,308.00
16650,292.00,296.00,284.62
16675,308.00,308.00,316.67
16700,292.00,284.62,296.00
16726,308.00,316.67,308.00
16751,285.19,300.00,296.15
16776,304.17,292.00,292.00
16801,300.00,308.00,308.00
16826,304.17,292.00,284.62
16851,308.00,308.00,316.67
16876,292.00,292.00,296.00
16901,296.00,296.00,284.62
16926,308.00,308.00,316.67
16951,284.62,284.62,296.00
16976,308.00,316.67,296.15
17001,304.17,296.00,304.17
17026,296.00,296.00,296.00
17051,308.00,296.15,308.00
17076,284.62,304.17,284.62
17101,320.83,300.00,320.83
17126,284.62,296.00,284.62
17152,296.15,296.15,316.67
17177,320.83,320.83,296.15
17202,296.00,296.00,292.00
17227,304.00,308.00,300.00
17252,296.00,292.00,304.17
17277,304.00,308.00,308.00
17302,296.00,292.00,284.62
17327,292.00,284.62,304.17
17352,308.00,308.00,308.00
17377,292.00,304.17,292.00
17402,308.00,308.00,308.00
17427,292.00,292.00,292.00
17452,292.00,296.00,284.62
17477,300.00,296.15,320.83
17502,304.17,304.17,284.62
17527,308.00,308.00,308.00
17552,296.00,284.62,304.17
17577,308.00,308.00,300.00
17602,292.00,304.17,304.17
17627,296.00,284.62,284.62
17652,308.00,320.83,320.83
17677,284.62,284.62,284.62
17702,320.83,308.00,316.67
17727,296.00,296.00,296.00
17752,284.62,304.17,292.00
17777,308.00,308.00,308.00
17802,304.17,284.62,292.00
17827,312.00,320.83,308.00
17852,292.00,292.00,292.00
17878,308.00,308.00,308.00
17903,285.19,292.31,292.31
17928,304.17,284.62,296.00
17953,308.00,316.67,296.15
17978,284.62,284.62,304.17
18003,308.00,316.67,300.00
18028,304.17,296.00,304.17
18053,292.00,292.00,284.62
18078,308.00,308.00,320.83
18103,292.00,292.00,296.00
18128,308.00,308.00,308.00
18153,284.62,284.62,296.00
18178,304.17,304.17,292.00
18203,308.00,308.00,300.00
18228,284.62,296.00,296.00
18253,308.00,296.15,308.00
18278,296.00,304.17,296.00
18304,316.67,308.00,320.83
18329,288.89,296.15,296.15
18354,304.17,284.62,292.00
18379,308.00,316.67,308.00
18404,284.62,296.00,284.62
18429,316.67,308.00,320.83
18454,284.62,284.62,292.00
18479,304.17,304.17,292.00
18504,308.00,300.00,308.00
18529,292.00,304.17,292.00
18554,308.00,308.00,308.00
18579,284.62,284.62,284.62
18604,304.17,292.00,292.00
18629,308.00,320.83,308.00
18654,284.62,296.00,304.17
18679,316.67,308.00,308.00
18704,296.00,284.62,284.62
18729,304.00,316.67,308.00
18754,296.00,296.00,304.17
18779,284.62,292.00,292.00
18804,316.67,308.00,300.00
18829,296.00,292.00,292.00
18854,308.00,296.15,320.83
18879,292.00,304.17,284.62
18904,292.00,296.00,304.17
18929,308.00,308.00,308.00
18954,296.00,292.00,296.00
18979,308.00,308.00,296.15
19004,292.00,292.00,304.17
19030,288.89,308.00,308.00
19055,308.00,296.15,296.15
19080,304.17,284.62,284.62
19105,312.00,308.00,308.00
19130,292.00,296.00,304.17
19155,308.00,320.83,308.00
19180,284.62,284.62,284.62
19205,304.17,304.17,304.17
19230,308.00,300.00,308.00
19255,292.00,304.17,292.00
19280,308.00,300.00,308.00
19305,296.00,304.17,284.62
19330,292.00,284.62,304.17
19355,308.00,320.83,308.00
19380,284.62,292.00,292.00
19405,308.00,308.00,300.00
19430,304.17,292.00,292.00
19456,312.00,308.00,320.83
19481,296.15,292.31,296.15
19506,292.00,284.62,292.00
19531,308.00,316.67,308.00
19556,292.00,296.00,296.00
19581,308.00,296.15,308.00
19606,284.62,304.17,284.62
19631,304.17,296.00,304.17
19656,308.00,296.15,308.00
19681,284.62,304.17,284.62
19706,320.83,308.00,316.67
19731,292.00,296.00,284.62
19756,284.62,292.00,304.17
19781,320.83,308.00,308.00
19806,284.62,284.62,292.00
19831,308.00,320.83,308.00
19856,304.17,284.62,284.62
19881,300.00,316.67,316.67
19906,304.17,296.00,296.00
19931,292.00,284.62,292.00
19956,308.00,308.00,308.00
19981,284.62,304.17,284.62
20006,320.83,312.00,316.67
20031,292.00,292.00,296.00
20056,292.00,292.00,292.00
20081,300.00,300.00,300.00
20106,304.17,292.00,304.17
20131,308.00,320.83,300.00
20156,292.00,284.62,304.17
20182,308.00,316.67,308.00
20207,285.19,296.15,288.89
20232,304.17,292.00,304.17
20257,308.00,308.00,308.00
20282,292.00,284.62,296.00
20307,308.00,316.67,296.15
20332,292.00,284.62,304.17
20357,284.62,304.17,296.00
20382,308.00,308.00,296.15
20407,304.17,284.62,304.17
20432,312.00,308.00,312.00
20457,292.00,304.17,284.62
20482,284.62,284.62,292.00
20507,320.83,320.83,320.83
20532,296.00,296.00,296.00
20557,296.15,304.00,304.00
20582,304.17,296.00,296.00
20608,288.89,304.00,304.00
20633,316.67,296.15,296.15
20658,296.00,292.00,284.62
20683,308.00,296.15,308.00
20708,296.00,304.17,304.17
20733,296.15,300.00,308.00
20758,304.17,304.17,292.00
20783,292.00,284.62,292.00
20808,308.00,320.83,308.00
20833,292.00,284.62,292.00
20858,308.00,308.00,296.15
20883,292.00,304.17,304.17
20908,284.62,296.00,296.00
20933,308.00,308.00,296.15
20958,304.17,284.62,304.17
20983,312.00,320.83,300.00
