
MotorSpeedMeasurement
1024,2.05,1.96,0.98
1049,146.15,140.74,107.69
1074,184.62,192.00,164.00
1099,240.00,254.17,212.00
1124,252.00,256.00,232.00
1149,300.00,296.00,264.00
1174,296.00,300.00,269.23
1199,300.00,308.00,300.00
1224,315.38,336.00,316.00
1249,328.00,328.00,304.00
1274,354.17,338.46,324.00
1299,336.00,354.17,320.00
1324,336.00,348.00,324.00
1349,346.15,353.85,340.00
1374,348.00,366.67,332.00
1399,375.00,357.69,348.00
1424,352.00,370.83,323.08
1449,368.00,376.00,352.00
1474,352.00,360.00,350.00
1499,356.00,350.00,326.92
1524,372.00,380.00,356.00
1549,356.00,375.00,350.00
1574,361.54,380.00,346.15
1599,370.83,356.00,340.00
1624,346.15,353.85,354.17
1649,387.50,380.00,356.00
1674,346.15,379.17,340.00
1699,376.00,384.00,360.00
1724,370.83,353.85,340.00
1750,376.00,365.38,356.00
1775,361.54,384.00,346.15
1800,360.00,379.17,340.00
1825,376.00,384.00,356.00
1850,360.00,353.85,344.00
1875,376.00,395.83,356.00
1900,360.00,353.85,330.77
1925,346.15,379.17,354.17
1950,391.67,384.00,346.15
1975,346.15,360.00,340.00
2000,391.67,384.00,362.50
2025,360.00,353.85,330.77
2050,360.00,364.00,350.00
2075,376.00,384.00,360.00
2100,360.00,379.17,340.00
2125,376.00,384.00,356.00
2150,360.00,368.00,344.00
2176,376.00,384.00,329.63
2201,361.54,369.23,370.83
2226,360.00,353.85,330.77
2251,376.00,395.83,366.67
2276,360.00,360.00,344.00
2301,376.00,384.00,342.31
2326,360.00,353.85,354.17
2351,360.00,379.17,330.77
2376,376.00,384.00,366.67
2401,360.00,368.00,344.00
2426,376.00,384.00,356.00
2451,360.00,353.85,340.00
2476,360.00,379.17,330.77
2501,376.00,361.54,356.00
2526,360.00,368.00,354.17
2551,376.00,384.00,356.00
2576,360.00,379.17,340.00
2601,376.00,384.00,356.00
2626,360.00,353.85,340.00
2651,360.00,379.17,330.77
2676,376.00,376.00,366.67
2701,360.00,353.85,330.77
2726,376.00,384.00,356.00
2751,360.00,379.17,354.17
2776,360.00,360.00,340.00
2801,376.00,384.00,356.00
2826,360.00,353.85,340.00
2851,376.00,400.00,356.00
2876,360.00,353.85,330.77
2902,376.00,395.83,366.67
2927,361.54,369.23,346.15
2952,360.00,353.85,326.92
2977,376.00,384.00,370.83
3002,360.00,379.17,326.92
3027,376.00,384.00,370.83
3052,360.00,368.00,340.00
3077,360.00,353.85,340.00
3102,376.00,395.83,356.00
3127,346.15,353.85,340.00
3152,391.67,384.00,360.00
3177,360.00,379.17,326.92
3202,346.15,360.00,354.17
3227,376.00,369.23,342.31
3252,370.83,379.17,354.17
3277,365.38,369.23,356.00
3302,370.83,379.17,340.00
3328,351.85,384.00,356.00
3353,387.50,355.56,342.31
3378,360.00,379.17,340.00
3403,365.38,369.23,356.00
3428,370.83,379.17,330.77
3453,365.38,384.00,356.00
3478,370.83,364.00,340.00
3503,360.00,364.00,340.00
3528,376.00,384.00,370.83
3553,360.00,353.85,340.00
3578,376.00,395.83,356.00
3603,360.00,364.00,340.00
3628,360.00,368.00,340.00
3653,361.54,369.23,346.15
3678,360.00,368.00,354.17
3703,376.00,380.00,356.00
3728,360.00,379.17,340.00
3753,376.00,384.00,356.00
3778,360.00,353.85,330.77
3803,370.83,364.00,350.00
3828,365.38,384.00,346.15
3853,360.00,379.17,340.00
3878,376.00,384.00,370.83
3903,370.83,353.85,340.00
3928,360.00,379.17,340.00
3953,376.00,369.23,356.00
3978,360.00,379.17,340.00
4003,376.00,384.00,360.00
4028,360.00,368.00,326.92
4054,376.00,355.56,370.83
4079,361.54,384.00,342.31
4104,360.00,364.00,340.00
4129,376.00,384.00,356.00
4154,360.00,379.17,340.00
4179,376.00,384.00,356.00
4204,360.00,368.00,340.00
4229,360.00,353.85,330.77
4254,361.54,395.83,366.67
4279,370.83,368.00,330.77
4304,365.38,369.23,356.00
4329,360.00,379.17,354.17
4354,370.83,353.85,340.00
4379,376.00,384.00,356.00
4404,360.00,379.17,330.77
4429,376.00,361.54,366.67
4454,360.00,368.00,330.77
4480,376.00,395.83,366.67
4505,361.54,369.23,333.33
4530,360.00,353.85,340.00
4555,361.54,395.83,370.83
4580,375.00,360.00,326.92
4605,361.54,369.23,370.83
4630,360.00,379.17,340.00
4655,370.83,368.00,340.00
4680,376.00,369.23,356.00
4705,360.00,379.17,340.00
4730,376.00,376.00,346.15
4755,360.00,353.85,340.00
4780,360.00,379.17,354.17
4805,376.00,384.00,342.31
4830,360.00,353.85,354.17
4855,376.00,395.83,356.00
4880,360.00,353.85,340.00
4905,376.00,384.00,360.00
4930,346.15,368.00,326.92
4955,360.00,379.17,354.17
4980,376.00,384.00,356.00
5005,360.00,353.85,340.00
5030,387.50,395.83,346.15
5055,360.00,353.85,340.00
5080,360.00,379.17,354.17
5105,376.00,376.00,356.00
5130,346.15,353.85,340.00
5155,391.67,400.00,360.00
5180,356.00,364.00,326.92
5206,351.85,384.00,370.83
5231,387.50,369.23,329.63
5256,360.00,353.85,354.17
5281,376.00,395.83,356.00
5306,360.00,368.00,330.77
5331,376.00,384.00,370.83
5356,360.00,353.85,340.00
5381,360.00,379.17,340.00
5406,376.00,369.23,356.00
5431,360.00,379.17,340.00
5456,376.00,384.00,356.00
5481,360.00,364.00,340.00
5506,360.00,368.00,330.77
5531,361.54,369.23,356.00
5556,360.00,379.17,354.17
5581,376.00,384.00,356.00
5606,370.83,364.00,340.00
5632,376.00,384.00,333.33
5657,361.54,365.38,366.67
5682,360.00,368.00,330.77
5707,376.00,369.23,356.00
5732,356.00,379.17,340.00
5757,365.38,369.23,356.00
5782,370.83,379.17,354.17
5807,352.00,368.00,326.92
5832,376.00,380.00,370.83
5857,360.00,353.85,326.92
5882,376.00,384.00,370.83
5907,360.00,379.17,326.92
5932,346.15,353.85,354.17
5957,376.00,400.00,346.15
5982,360.00,353.85,340.00
6007,387.50,395.83,356.00
6032,360.00,353.85,340.00
6057,376.00,384.00,370.83
6082,346.15,379.17,340.00
6107,370.83,353.85,340.00
6132,376.00,384.00,356.00
6157,360.00,379.17,340.00
6182,376.00,384.00,356.00
6207,360.00,353.85,330.77
6232,360.00,379.17,340.00
6257,361.54,369.23,356.00
6282,360.00,368.00,354.17
6307,387.50,395.83,352.00
6332,346.15,353.85,344.00
6358,391.67,395.83,356.00
6383,348.15,369.23,342.31
6408,360.00,353.85,340.00
6433,376.00,395.83,356.00
6458,370.83,353.85,340.00
6483,376.00,395.83,356.00
6508,360.00,353.85,340.00
6533,346.15,379.17,340.00
6558,391.67,369.23,356.00
6583,356.00,379.17,340.00
6608,376.00,384.00,346.15
6633,360.00,353.85,340.00
6658,346.15,379.17,354.17
6683,376.00,380.00,342.31
6708,370.83,368.00,345.83
6733,376.00,384.00,334.62
6758,360.00,364.00,354.17
6784,376.00,355.56,329.63
6809,361.54,384.00,370.83
6834,360.00,379.17,326.92
6859,361.54,384.00,370.83
6884,360.00,353.85,330.77
6909,387.50,395.83,366.67
6934,360.00,368.00,330.77
6959,346.15,364.00,340.00
6984,376.00,376.00,370.83
7009,370.83,368.00,326.92
7034,376.00,369.23,370.83
7059,360.00,368.00,330.77
7084,360.00,379.17,340.00
7109,376.00,369.23,356.00
7134,346.15,379.17,340.00
7159,376.00,384.00,370.83
7184,360.00,368.00,340.00
7209,387.50,369.23,356.00
7234,346.15,368.00,326.92
7259,360.00,379.17,354.17
7284,387.50,384.00,356.00
7309,360.00,353.85,340.00
7334,376.00,395.83,356.00
7359,360.00,368.00,340.00
7384,346.15,368.00,330.77
7409,376.00,384.00,356.00
7434,360.00,353.85,354.17
7459,387.50,395.83,342.31
7484,346.15,360.00,354.17
7510,391.67,355.56,329.63
7535,348.15,384.00,370.83
7560,370.83,379.17,326.92
7585,376.00,365.38,370.83
7610,360.00,379.17,340.00
7635,361.54,384.00,342.31
7660,360.00,368.00,340.00
7685,370.83,368.00,340.00
7710,376.00,384.00,356.00
7735,346.15,353.85,340.00
7760,387.50,395.83,366.67
7785,352.00,360.00,340.00
7810,360.00,368.00,340.00
7835,361.54,384.00,342.31
7860,360.00,353.85,354.17
7885,387.50,384.00,344.00
7910,356.00,379.17,340.00
7936,376.00,384.00,356.00
7961,361.54,359.26,342.31
7986,346.15,368.00,340.00
8011,387.50,395.83,352.00
8036,346.15,368.00,330.77
8061,387.50,384.00,366.67
8086,360.00,368.00,340.00
8111,346.15,368.00,340.00
8136,387.50,384.00,352.00
8161,356.00,368.00,330.77
8186,376.00,369.23,366.67
8211,360.00,368.00,332.00
8236,346.15,368.00,340.00
8261,376.00,384.00,356.00
8286,356.00,379.17,340.00
8311,376.00,365.38,342.31
8336,370.83,364.00,340.00
8361,361.54,400.00,366.67
8386,370.83,353.85,340.00
8411,346.15,368.00,340.00
8436,387.50,395.83,342.31
8461,360.00,368.00,354.17
8486,361.54,384.00,342.31
8511,370.83,368.00,340.00
8536,346.15,353.85,340.00
8561,387.50,384.00,356.00
8586,346.15,379.17,350.00
8611,387.50,384.00,346.15
8636,346.15,360.00,350.00
8662,387.50,355.56,356.00
8687,361.54,384.00,342.31
8712,346.15,368.00,340.00
8737,372.00,395.83,356.00
8762,370.83,368.00,326.92
8787,376.00,384.00,370.83
8812,360.00,368.00,326.92
8837,346.15,368.00,354.17
8862,387.50,369.23,342.31
8887,346.15,368.00,354.17
8912,387.50,395.83,342.31
8937,352.00,368.00,354.17
8962,360.00,353.85,326.92
8987,376.00,395.83,356.00
9012,360.00,368.00,350.00
9037,372.00,384.00,346.15
9062,360.00,368.00,350.00
9088,376.00,384.00,333.33
9113,348.15,369.23,366.67
9138,370.83,353.85,340.00
9163,376.00,384.00,356.00
9188,360.00,379.17,340.00
9213,376.00,369.23,356.00
9238,356.00,383.33,326.92
9263,360.00,364.00,354.17
9288,376.00,365.38,342.31
9313,346.15,379.17,354.17
9338,376.00,376.00,342.31
9363,370.83,368.00,354.17
9388,360.00,368.00,326.92
9413,361.54,369.23,356.00
9438,360.00,379.17,340.00
9463,376.00,384.00,370.83
9488,370.83,368.00,326.92
9513,361.54,369.23,370.83
9538,360.00,379.17,326.92
9563,370.83,368.00,354.17
9588,376.00,369.23,356.00
9613,360.00,368.00,340.00
9638,361.54,395.83,356.00
9663,370.83,368.00,340.00
9688,360.00,364.00,326.92
9713,361.54,384.00,370.83
9738,370.83,368.00,340.00
9763,376.00,384.00,356.00
9788,360.00,353.85,340.00
9814,376.00,369.23,356.00
9839,348.15,395.83,342.31
9864,360.00,360.00,340.00
9889,376.00,384.00,346.15
9914,370.83,353.85,350.00
9939,361.54,384.00,356.00
9964,370.83,379.17,340.00
9989,360.00,368.00,330.77
10014,376.00,384.00,356.00
10039,346.15,368.00,340.00
10064,376.00,369.23,356.00
10089,370.83,368.00,340.00
10114,360.00,368.00,354.17
10139,361.54,384.00,356.00
10164,370.83,379.17,326.92
10189,368.00,376.00,370.83
10214,360.00,353.85,326.92
10240,348.15,369.23,370.83
10265,376.00,395.83,329.63
10290,370.83,360.00,340.00
10315,361.54,384.00,358.33
10340,370.83,368.00,330.77
10365,368.00,384.00,366.67
10390,360.00,353.85,330.77
10415,360.00,379.17,350.00
10440,376.00,376.00,346.15
10465,360.00,368.00,350.00
10490,361.54,369.23,346.15
10515,370.83,368.00,350.00
10540,346.15,379.17,340.00
10565,376.00,376.00,356.00
10590,370.83,368.00,340.00
10615,376.00,384.00,356.00
10640,360.00,368.00,340.00
10665,361.54,369.23,356.00
10690,370.83,379.17,340.00
10715,342.31,360.00,340.00
10740,387.50,376.00,342.31
10765,346.15,346.15,340.00
10790,376.00,384.00,356.00
10815,370.83,379.17,340.00
10840,360.00,368.00,340.00
10865,376.00,384.00,356.00
10890,360.00,353.85,350.00
10915,376.00,384.00,338.46
10940,346.15,368.00,340.00
10966,361.54,395.83,342.31
10991,376.00,361.54,366.67
11016,370.83,360.00,330.77
11041,361.54,369.23,366.67
11066,370.83,368.00,330.77
11091,368.00,395.83,366.67
11116,360.00,360.00,340.00
11141,360.00,368.00,340.00
11166,361.54,384.00,346.15
11191,370.83,353.85,350.00
11216,368.00,384.00,356.00
11241,346.15,379.17,340.00
11266,370.83,360.00,340.00
11291,376.00,384.00,356.00
11316,360.00,353.85,340.00
11341,361.54,384.00,356.00
11366,360.00,368.00,340.00
11392,387.50,395.83,356.00
11417,361.54,361.54,329.63
11442,346.15,360.00,354.17
11467,376.00,384.00,342.31
11492,370.83,353.85,340.00
11517,376.00,395.83,366.67
11542,346.15,346.15,340.00
11567,370.83,379.17,340.00
11592,361.54,365.38,356.00
11617,370.83,379.17,340.00
11642,368.00,376.00,342.31
11667,346.15,360.00,340.00
11692,370.83,368.00,350.00
11717,361.54,384.00,346.15
11742,370.83,353.85,350.00
11767,368.00,384.00,346.15
11792,346.15,379.17,350.00
11817,387.50,376.00,356.00
11842,360.00,346.15,340.00
11867,346.15,383.33,340.00
11892,387.50,369.23,356.00
11917,360.00,368.00,326.92
11942,361.54,384.00,370.83
11967,370.83,379.17,326.92
11992,360.00,360.00,340.00
12017,361.54,384.00,356.00
12042,370.83,360.00,340.00
12067,376.00,384.00,366.67
12092,356.00,353.85,330.77
12118,368.00,400.00,366.67
12143,361.54,355.56,342.31
12168,356.00,368.00,340.00
12193,365.38,400.00,356.00
12218,370.83,353.85,340.00
12243,376.00,384.00,342.31
12268,346.15,368.00,354.17
12293,370.83,379.17,336.00
12318,361.54,376.00,346.15
12343,370.83,360.00,350.00
12368,357.69,373.08,346.15
12393,370.83,379.17,350.00
12418,352.00,360.00,340.00
12443,376.00,384.00,356.00
12468,360.00,368.00,336.00
12493,361.54,384.00,346.15
12518,370.83,353.85,350.00
12544,376.00,369.23,356.00
12569,348.15,384.00,342.31
12594,370.83,368.00,326.92
12619,368.00,384.00,356.00
12644,360.00,368.00,350.00
12669,376.00,384.00,356.00
12694,346.15,379.17,340.00
12719,370.83,368.00,326.92
12744,376.00,384.00,356.00
12769,346.15,368.00,350.00
12794,376.00,384.00,356.00
12819,370.83,368.00,340.00
12844,360.00,353.85,340.00
12869,376.00,384.00,356.00
12894,360.00,379.17,336.00
12919,376.00,376.00,356.00
12944,346.15,368.00,340.00
12969,387.50,376.00,356.00
12994,360.00,360.00,340.00
13019,346.15,353.85,340.00
13044,376.00,400.00,356.00
13069,370.83,368.00,326.92
13094,376.00,384.00,356.00
13119,360.00,353.85,350.00
13144,346.15,368.00,330.77
13169,387.50,384.00,366.67
13194,360.00,368.00,332.00
13219,376.00,400.00,348.00
13244,346.15,353.85,326.92
13270,387.50,369.23,370.83
13295,353.85,400.00,329.63
13320,360.00,346.15,340.00
13345,361.54,400.00,366.67
13370,370.83,353.85,340.00
13395,376.00,400.00,356.00
13420,360.00,368.00,326.92
13445,346.15,353.85,354.17
13470,387.50,400.00,356.00
13495,360.00,353.85,340.00
13520,361.54,384.00,342.31
13545,370.83,368.00,340.00
13570,360.00,368.00,340.00
13595,361.54,400.00,356.00
13620,370.83,353.85,350.00
13645,368.00,384.00,356.00
13670,360.00,383.33,340.00
13696,376.00,384.00,356.00
13721,348.15,369.23,342.31
13746,360.00,360.00,326.92
13771,387.50,384.00,370.83
13796,346.15,360.00,336.00
13821,387.50,384.00,346.15
13846,360.00,368.00,340.00
13871,360.00,360.00,340.00
13896,376.00,384.00,366.67
13921,346.15,368.00,323.08
13946,387.50,376.00,366.67
13971,346.15,360.00,340.00
13996,370.83,346.15,340.00
14021,376.00,400.00,342.31
14046,360.00,368.00,340.00
14071,361.54,373.08,356.00
14096,360.00,379.17,354.17
14121,387.50,376.00,342.31
14146,346.15,360.00,340.00
14171,370.83,360.00,350.00
14196,376.00,376.00,346.15
14221,360.00,350.00,340.00
14246,361.54,384.00,356.00
14271,370.83,379.17,350.00
14296,360.00,360.00,340.00
14321,361.54,373.08,356.00
14346,370.83,368.00,340.00
14371,376.00,384.00,356.00
14396,360.00,379.17,340.00
14422,348.15,351.85,348.00
14447,387.50,400.00,338.46
14472,360.00,353.85,344.00
14497,361.54,384.00,352.00
14522,370.83,368.00,330.77
14547,376.00,384.00,366.67
14572,360.00,368.00,340.00
14597,356.00,368.00,340.00
14622,376.00,384.00,356.00
14647,346.15,368.00,340.00
14672,376.00,384.00,342.31
14697,370.83,368.00,354.17
14722,360.00,379.17,326.92
14747,361.54,365.38,356.00
14772,370.83,379.17,350.00
14797,361.54,365.38,346.15
14822,370.83,368.00,350.00
14848,368.00,369.23,356.00
14873,361.54,384.00,342.31
14898,360.00,383.33,326.92
14923,372.00,384.00,370.83
14948,360.00,368.00,340.00
14973,361.54,384.00,356.00
14998,370.83,368.00,326.92
15023,360.00,368.00,354.17
15048,376.00,384.00,342.31
15073,346.15,353.85,340.00
15098,387.50,400.00,366.67
15123,346.15,353.85,340.00
15148,370.83,368.00,340.00
15173,376.00,395.83,334.62
15198,360.00,350.00,354.17
15223,361.54,384.00,342.31
15248,370.83,379.17,340.00
15273,361.54,376.00,366.67
15298,370.83,346.15,340.00
15323,352.00,379.17,340.00
15348,376.00,376.00,342.31
15373,360.00,360.00,340.00
15398,361.54,384.00,366.67
15423,370.83,368.00,340.00
15448,360.00,353.85,340.00
15473,361.54,384.00,342.31
15498,370.83,379.17,340.00
15523,368.00,376.00,366.67
15548,360.00,360.00,332.00
15574,348.15,355.56,329.63
15599,376.00,400.00,366.67
15624,370.83,353.85,332.00
15649,361.54,384.00,356.00
15674,360.00,368.00,340.00
15699,387.50,384.00,356.00
15724,360.00,379.17,326.92
15749,360.00,360.00,340.00
15774,361.54,384.00,366.67
15799,360.00,360.00,340.00
15824,387.50,384.00,356.00
15849,360.00,368.00,326.92
15874,346.15,353.85,340.00
15899,387.50,384.00,366.67
15924,352.00,379.17,340.00
15949,376.00,376.00,356.00
15974,346.15,368.00,340.00
16000,361.54,376.00,356.00
16025,387.50,361.54,338.46
16050,346.15,346.15,330.77
16075,376.00,400.00,366.67
16100,370.83,353.85,326.92
16125,376.00,384.00,356.00
16150,360.00,379.17,350.00
16175,346.15,360.00,340.00
16200,376.00,376.00,356.00
16225,370.83,368.00,326.92
16250,361.54,384.00,356.00
16275,360.00,368.00,350.00
16300,370.83,353.85,340.00
16325,376.00,384.00,348.00
16350,360.00,368.00,326.92
16375,361.54,384.00,356.00
16400,370.83,379.17,350.00
16425,376.00,365.38,356.00
16450,356.00,379.17,340.00
16475,352.00,360.00,340.00
16500,376.00,376.00,356.00
16525,360.00,360.00,326.92
16550,376.00,384.00,356.00
16575,356.00,353.85,350.00
16600,360.00,368.00,340.00
16625,376.00,400.00,356.00
16650,356.00,353.85,340.00
16675,368.00,384.00,356.00
16700,360.00,368.00,340.00
16726,348.15,395.83,356.00
16751,376.00,361.54,329.63
16776,370.83,360.00,340.00
16801,361.54,384.00,366.67
16826,370.83,368.00,330.77
16851,368.00,384.00,366.67
16876,360.00,368.00,340.00
16901,346.15,353.85,340.00
16926,387.50,384.00,356.00
16951,346.15,368.00,340.00
16976,387.50,395.83,342.31
17001,352.00,360.00,354.17
17026,360.00,360.00,340.00
17051,376.00,376.00,356.00
17076,356.00,360.00,326.92
17101,376.00,384.00,356.00
17126,346.15,368.00,340.00
17152,387.50,376.00,370.83
17177,353.85,351.85,329.63
17202,360.00,379.17,354.17
17227,376.00,376.00,342.31
17252,356.00,360.00,340.00
17277,376.00,384.00,356.00
17302,346.15,368.00,354.17
17327,370.83,346.15,326.92
17352,368.00,384.00,370.83
17377,360.00,368.00,326.92
17402,361.54,384.00,370.83
17427,370.83,379.17,326.92
17452,360.00,360.00,354.17
17477,372.00,384.00,334.62
17502,352.00,368.00,354.17
17527,368.00,384.00,356.00
17552,346.15,368.00,332.00
17577,376.00,369.23,356.00
17602,360.00,383.33,330.77
17627,370.83,353.85,340.00
17652,361.54,384.00,356.00
17677,370.83,379.17,340.00
17702,368.00,376.00,356.00
17727,360.00,346.15,340.00
17752,346.15,383.33,354.17
17777,387.50,369.23,356.00
17802,360.00,368.00,340.00
17827,361.54,384.00,356.00
17852,370.83,379.17,340.00
17878,368.00,376.00,356.00
17903,361.54,369.23,342.31
17928,346.15,360.00,340.00
17953,376.00,384.00,346.15
17978,370.83,368.00,340.00
18003,376.00,384.00,356.00
18028,356.00,368.00,340.00
18053,352.00,368.00,340.00
18078,376.00,384.00,356.00
18103,346.15,353.85,340.00
18128,387.50,384.00,356.00
18153,360.00,383.33,340.00
18178,346.15,353.85,354.17
18203,387.50,395.83,342.31
18228,360.00,350.00,354.17
18253,361.54,384.00,356.00
18278,370.83,379.17,326.92
18304,348.15,376.00,370.83
18329,376.00,361.54,342.31
18354,370.83,360.00,340.00
18379,376.00,384.00,356.00
18404,356.00,353.85,340.00
18429,376.00,384.00,356.00
18454,346.15,379.17,330.77
18479,370.83,360.00,354.17
18504,376.00,376.00,342.31
18529,346.15,360.00,354.17
18554,376.00,384.00,356.00
18579,370.83,353.85,340.00
18604,356.00,383.33,330.77
18629,368.00,369.23,356.00
18654,360.00,368.00,354.17
18679,376.00,384.00,356.00
18704,346.15,379.17,340.00
18729,387.50,376.00,346.15
18754,360.00,346.15,350.00
18779,346.15,383.33,344.00
18804,387.50,376.00,342.31
18829,360.00,353.85,354.17
18854,376.00,400.00,356.00
18879,346.15,353.85,330.77
18904,370.83,368.00,354.17
18929,361.54,384.00,356.00
18954,370.83,368.00,340.00
18979,368.00,384.00,356.00
19004,360.00,368.00,330.77
19030,376.00,369.23,370.83
19055,348.15,384.00,329.63
19080,370.83,368.00,354.17
19105,368.00,384.00,356.00
19130,356.00,379.17,340.00
19155,368.00,365.38,356.00
19180,360.00,379.17,340.00
19205,360.00,368.00,330.77
19230,361.54,376.00,356.00
19255,370.83,368.00,354.17
19280,361.54,384.00,342.31
19305,360.00,353.85,354.17
19330,370.83,368.00,340.00
19355,376.00,395.83,356.00
19380,360.00,360.00,330.77
19405,361.54,376.00,366.67
19430,370.83,360.00,330.77
19456,348.15,355.56,366.67
19481,376.00,384.00,333.33
19506,370.83,379.17,332.00
19531,361.54,376.00,356.00
19556,370.83,360.00,350.00
19581,376.00,384.00,356.00
19606,356.00,368.00,340.00
19631,360.00,353.85,340.00
19656,372.00,395.83,356.00
19681,360.00,360.00,340.00
19706,361.54,376.00,356.00
19731,370.83,360.00,326.92
19756,360.00,368.00,340.00
19781,361.54,369.23,366.67
19806,370.83,368.00,330.77
19831,361.54,384.00,366.67
19856,370.83,379.17,330.77
19881,361.54,376.00,366.67
19906,370.83,360.00,330.77
19931,346.15,360.00,350.00
19956,387.50,384.00,356.00
19981,360.00,368.00,330.77
20006,361.54,384.00,356.00
20031,370.83,353.85,350.00
20056,356.00,383.33,330.77
20081,376.00,384.00,366.67
20106,346.15,353.85,330.77
20131,387.50,384.00,356.00
20156,346.15,379.17,354.17
20182,387.50,348.15,329.63
20207,353.85,384.00,370.83
20232,346.15,379.17,340.00
20257,387.50,376.00,356.00
20282,356.00,368.00,340.00
20307,376.00,384.00,356.00
20332,360.00,353.85,340.00
20357,356.00,379.17,340.00
20382,376.00,369.23,346.15
20407,346.15,368.00,340.00
20432,376.00,384.00,370.83
20457,370.83,379.17,340.00
20482,346.15,360.00,340.00
20507,376.00,369.23,356.00
20532,370.83,368.00,340.00
20557,376.00,395.83,356.00
20582,356.00,368.00,330.77
20608,376.00,355.56,370.83
20633,361.54,395.83,329.63
20658,346.15,360.00,354.17
20683,387.50,369.23,356.00
20708,346.15,364.00,340.00
20733,387.50,384.00,356.00
20758,360.00,379.17,340.00
20783,360.00,353.85,330.77
20808,361.54,384.00,356.00
20833,370.83,364.00,354.17
20858,376.00,384.00,342.31
20883,360.00,379.17,354.17
20908,356.00,360.00,330.77
20933,368.00,369.23,356.00
20958,360.00,379.17,354.17
20983,361.54,361.54,342.31
