ÂM
2565,802.0ÿ
MotorSpeedMeasurement
1004,235.50,198.80,122.96
1009,140.22,110.48,1.18
1014,182.75,152.71,78.49
1019,195.31,176.93,113.20
1024,239.01,211.86,157.40
1029,253.12,239.23,173.75
1034,277.12,271.94,216.19
1039,308.40,303.40,240.38
1044,343.57,320.75,272.13
1049,347.76,348.36,284.32
1054,380.91,376.51,322.70
1059,395.63,396.83,348.84
1064,426.36,428.68,370.51
1069,429.29,428.98,384.62
1074,451.13,458.72,404.20
1079,472.86,471.70,414.16
1084,478.19,493.83,448.25
1089,494.46,510.98,456.62
1094,515.27,524.88,470.59
1099,529.41,526.93,483.75
1104,539.29,559.85,477.10
1110,548.59,560.28,536.57
1115,562.70,573.58,529.41
1120,566.85,592.42,528.17
1125,577.37,591.95,548.59
1130,564.76,609.76,565.96
1135,638.91,620.99,565.08
1140,609.29,624.02,572.67
1145,616.33,635.59,591.60
1150,614.10,639.53,588.70
1155,637.25,661.24,613.35
1160,631.70,659.38,607.44
1165,643.09,660.96,603.86
1170,660.45,679.46,625.00
1175,650.63,668.76,629.43
1180,657.89,688.43,633.41
1185,670.88,690.18,650.84
1190,678.82,695.52,643.53
1195,675.02,701.40,655.34
1200,673.53,704.23,652.17
1205,690.06,706.99,663.38
1210,691.24,712.63,657.89
1215,697.13,723.53,677.83
1220,705.65,722.89,663.54
1225,698.64,722.09,684.66
1230,706.99,723.79,685.74
1235,708.66,739.88,677.24
1240,712.18,729.57,696.45
1245,715.39,746.86,681.64
1250,730.07,735.29,694.98
1255,717.61,749.80,697.67
1260,722.66,741.03,705.08
1265,735.29,755.23,700.93
1270,726.63,756.99,696.54
1275,730.65,749.80,710.90
1280,738.80,762.80,712.88
1285,732.38,762.91,717.61
1290,749.21,762.20,714.29
1295,733.59,755.77,714.85
1300,750.39,770.75,715.39
1305,737.52,766.87,713.18
1310,752.18,770.42,731.33
1315,752.90,771.01,718.73
1320,742.19,778.13,724.64
1325,764.53,774.44,719.08
1330,743.14,764.71,736.46
1335,756.40,787.25,720.24
1340,766.13,771.10,730.65
1345,743.71,780.03,735.29
1350,763.51,770.10,724.35
1355,762.91,794.62,741.61
1360,768.93,785.55,734.71
1366,752.90,790.66,710.45
1371,764.11,775.04,765.51
1376,768.93,798.29,729.65
1381,773.20,786.78,747.44
1386,766.87,788.02,736.46
1391,768.05,787.25,742.57
1396,759.39,789.89,737.64
1401,771.01,790.51,746.55
1406,773.81,787.25,738.23
1411,772.20,795.23,746.63
1416,778.75,787.86,714.29
1421,772.80,803.92,770.42
1426,773.40,793.34,737.64
1431,772.20,793.65,751.16
1436,767.72,791.51,740.45
1441,775.80,793.34,752.77
1446,776.40,806.45,747.70
1451,780.46,796.81,735.29
1456,778.82,793.96,756.97
1461,775.80,795.81,737.58
1466,778.21,805.83,754.64
1471,778.82,796.81,752.31
1476,785.66,801.28,744.17
1481,780.03,795.81,750.58
1486,780.03,796.43,746.57
1491,780.64,805.83,748.85
1496,779.77,796.33,743.05
1501,783.09,799.36,754.57
1506,783.76,798.29,752.90
1511,780.06,808.94,739.88
1516,781.25,801.92,760.61
1521,783.09,798.29,739.20
1526,784.93,800.16,758.79
1531,784.93,808.94,752.90
1536,784.31,774.44,739.64
1541,783.64,817.76,758.16
1546,794.57,810.81,753.48
1551,776.27,802.57,740.45
1556,773.40,799.53,739.30
1561,806.45,798.29,765.91
1566,786.16,802.66,753.37
1571,785.55,815.43,758.16
1576,781.25,797.27,725.74
1581,788.18,807.27,782.83
1586,782.47,810.81,754.64
1591,768.64,797.27,738.72
1596,809.72,805.80,764.90
1601,783.04,810.81,751.31
1606,788.02,802.03,743.93
1611,785.55,800.16,761.83
1616,788.64,812.06,742.19
1622,787.40,806.45,759.35
1627,796.66,798.48,752.31
1632,786.78,812.06,743.93
1637,789.27,806.45,759.94
1642,788.02,802.03,736.43
1647,789.27,803.92,766.13
1652,782.44,807.66,755.29
1657,787.25,804.55,748.03
1662,786.78,800.78,755.77
1668,766.87,820.76,754.96
1673,808.36,801.41,742.77
1678,788.64,807.10,763.67
1683,789.89,802.03,743.35
1688,788.02,811.44,758.16
1693,789.07,805.18,751.73
1698,799.53,802.03,752.03
1703,790.51,802.03,755.81
1709,788.64,814.58,725.19
1714,791.14,807.10,776.89
1719,789.27,804.55,756.40
1724,789.27,811.44,746.57
1729,785.44,803.92,757.58
1734,787.40,805.82,741.61
1739,791.77,812.69,759.94
1743,789.89,803.92,747.44
1748,786.65,804.55,756.97
1754,789.89,806.45,754.06
1759,790.51,813.32,745.10
1764,787.25,804.55,763.05
1769,781.86,800.78,744.27
1774,811.56,815.22,757.58
1779,788.02,803.92,754.64
1784,791.77,804.55,742.77
1789,790.51,808.41,763.05
1795,784.84,815.22,744.27
1800,791.77,800.92,757.58
1805,786.65,815.85,753.01
1810,789.27,802.03,748.03
1815,790.29,806.45,756.97
1820,801.41,802.66,755.23
1825,791.14,815.22,742.19
1830,790.51,807.75,759.35
1836,789.89,804.55,744.77
1841,792.39,805.80,763.67
1846,791.14,815.85,742.77
1851,790.51,805.18,759.94
1856,784.84,803.29,754.64
1861,792.39,815.22,750.20
1866,789.89,803.29,752.90
1871,788.46,804.55,744.51
1876,791.14,817.12,759.35
1882,790.51,803.29,756.40
1887,789.07,805.82,749.59
1892,803.29,803.29,754.64
1897,792.39,815.85,740.45
1902,790.51,809.72,761.12
1907,791.14,804.55,747.44
1912,790.51,813.95,757.58
1917,787.25,805.18,756.40
1923,789.27,802.03,743.93
1928,792.39,816.49,758.16
1933,788.46,805.18,735.29
1938,791.14,801.41,768.61
1943,792.39,807.75,756.40
1948,780.65,815.85,742.77
1953,805.18,806.45,758.16
1958,797.45,806.45,746.86
1964,790.51,812.69,758.18
1969,786.65,805.82,755.81
1974,791.77,804.55,742.19
1979,791.14,816.49,760.61
1984,786.78,804.55,743.93
1989,792.12,803.29,759.35
1994,791.14,816.49,755.23
1999,791.77,805.18,748.99
2003,799.09,803.29,756.40
2009,793.02,804.55,743.71
2014,789.89,818.69,757.58
2019,768.05,803.92,753.48
2024,815.66,803.29,748.38
2029,788.46,817.12,755.81
2034,791.77,803.92,742.77
2039,768.05,806.45,758.16
2044,810.28,814.58,748.03
2050,792.39,802.03,754.57
2055,790.29,805.18,756.40
2060,801.41,804.55,741.61
2065,791.77,818.69,758.75
2070,785.44,802.14,755.23
2075,792.39,813.95,743.35
2080,791.77,805.18,759.39
2085,787.25,802.66,746.55
2091,800.92,814.58,751.16
2096,790.51,805.18,758.16
2101,791.14,802.66,746.27
2106,791.14,805.82,757.58
2111,786.04,814.58,746.86
2116,792.39,805.18,751.73
2121,786.65,813.95,756.97
2126,793.65,804.55,748.85
2131,792.39,806.45,755.17
2137,800.34,811.15,753.14
2142,786.04,805.18,755.23
2147,791.77,814.58,742.19
2152,792.39,803.92,758.79
2157,786.65,806.45,747.70
2162,792.39,812.69,752.77
2167,790.90,787.40,759.35
2172,800.78,827.95,742.19
2178,791.14,803.29,762.44
2183,791.77,815.85,742.19
2188,791.77,803.92,758.75
2193,786.04,805.18,755.81
2198,792.39,815.85,748.38
2203,790.51,803.92,755.81
2208,789.07,806.45,743.35
2213,789.89,814.58,758.16
2219,793.96,804.55,747.44
2224,789.89,803.29,755.77
2229,801.41,806.45,752.31
2234,791.14,815.85,746.27
2239,791.14,809.72,757.58
2244,792.39,803.92,748.03
2248,753.58,814.58,756.37
2254,825.95,805.82,755.23
2259,791.14,802.03,742.19
2264,791.51,817.76,761.83
2269,789.27,802.66,743.93
2274,791.51,806.45,758.16
2279,792.39,817.12,755.81
2284,800.16,803.92,742.77
2289,789.27,805.82,758.79
2294,793.02,815.85,744.51
2299,787.86,809.06,761.72
2305,791.14,800.92,754.64
2310,791.77,803.92,750.20
2315,788.64,820.00,756.40
2320,792.12,803.92,744.27
2325,799.70,812.55,750.58
2330,791.77,806.45,759.39
2335,789.27,802.03,745.68
2340,789.07,805.82,760.53
2345,792.39,816.49,754.64
2351,795.92,806.45,750.20
2356,787.25,806.45,756.40
2361,789.89,817.12,748.99
2366,791.77,804.55,754.06
2371,789.68,805.18,747.70
2376,790.51,804.55,754.57
2381,792.12,821.97,758.16
2386,791.77,803.29,748.38
2392,803.29,808.36,756.40
2397,791.14,814.58,743.93
2402,791.14,805.82,757.58
2407,783.64,803.92,755.81
2412,794.91,813.32,749.59
2417,791.77,807.72,756.40
2422,791.14,805.18,742.77
2427,788.46,812.69,758.16
2433,791.77,807.09,749.80
2438,792.39,805.82,757.58
2443,800.30,801.41,756.99
2448,790.51,819.03,742.19
2453,793.02,805.82,759.94
2458,791.14,810.37,748.03
2463,791.14,812.69,756.97
2468,787.25,807.72,755.81
2473,790.51,781.25,743.93
2479,791.14,840.67,761.83
2484,787.86,804.55,745.98
2489,791.77,805.18,756.97
2494,791.14,813.95,755.23
2499,790.29,807.09,742.77
2504,800.16,803.92,759.94
2509,793.02,815.85,747.44
2513,791.77,804.55,756.97
2519,786.65,805.18,756.99
2524,791.14,803.92,741.03
2529,791.77,822.63,761.72
2534,786.65,802.03,747.44
2539,791.14,808.36,756.37
2544,792.39,814.58,755.81
2549,790.29,805.18,742.19
2554,790.51,803.29,764.28
2560,801.41,817.12,744.27
2565,793.02,805.82,758.79
2570,789.89,803.92,755.23
2575,786.65,815.22,742.77
2580,792.39,805.18,763.05
2585,789.89,805.18,744.27
2590,789.47,815.85,750.58
2595,798.91,802.66,758.16
2600,790.51,808.36,749.21
2606,782.54,809.72,761.32
2611,789.07,815.85,745.98
2616,801.41,799.70,756.97
2621,791.14,811.69,755.81
2626,791.77,814.58,742.77
2631,788.64,805.82,762.44
2636,787.25,805.82,743.93
2641,791.77,813.32,758.16
2647,768.64,807.72,756.40
2652,809.00,802.66,749.59
2657,791.14,807.72,752.90
2662,789.27,813.32,741.61
2667,791.51,803.92,761.12
2672,800.16,807.09,756.40
2677,791.14,819.34,748.99
2682,790.51,803.37,755.23
2688,791.77,803.29,743.93
2693,791.14,823.29,758.75
2698,785.44,803.29,754.06
2703,792.39,807.72,748.99
2708,790.51,815.22,755.81
2713,786.65,805.18,743.35
2718,791.14,806.45,738.15
2723,789.89,814.58,768.32
2728,790.51,806.45,755.17
2734,790.90,804.55,754.06
2739,800.78,815.22,743.93
2744,790.51,805.82,761.83
2749,791.14,805.18,742.77
2754,790.51,806.45,758.16
2759,785.44,818.69,755.81
2764,791.77,803.98,742.19
2768,789.89,803.29,761.83
2775,787.25,818.39,741.03
2780,791.14,807.72,756.40
2785,771.60,803.92,749.80
2789,811.69,820.00,756.97
2794,798.48,807.72,754.06
2799,791.77,806.45,745.10
2804,791.14,815.22,757.58
2809,791.77,806.45,747.44
2814,790.51,805.18,755.77
2820,785.44,815.22,751.16
2825,792.39,806.45,745.68
2830,790.51,805.82,759.39
2835,791.77,817.12,745.10
2840,786.04,805.18,758.16
2845,790.90,807.09,755.23
2850,799.53,811.32,741.61
2855,790.51,808.36,758.75
2861,791.14,810.37,744.77
2866,791.14,815.85,758.16
2871,791.14,806.45,747.44
2876,791.14,807.09,756.37
2881,785.44,817.76,755.81
2886,791.77,803.92,742.77
2891,787.86,808.36,759.39
2896,787.40,815.85,745.98
2902,793.02,806.45,755.77
2907,790.90,804.55,754.64
2912,788.64,817.76,743.35
2917,792.39,807.09,758.18
2922,800.16,803.29,747.13
2927,790.51,812.35,756.97
2932,792.39,817.12,746.86
2937,784.24,803.98,756.37
2942,790.51,809.72,754.06
2948,792.39,812.55,742.77
2953,787.25,808.36,758.16
2958,789.27,805.18,745.68
2963,791.14,798.29,758.79
2968,790.29,825.47,754.64
2973,789.89,807.09,742.77
2978,800.16,820.00,762.44
2983,791.14,784.24,743.71
2989,791.14,826.77,755.17
2994,791.77,819.34,757.58
2999,790.51,806.45,745.97
3004,785.44,806.45,756.99
3009,791.14,817.76,741.03
3014,787.86,805.82,759.94
3019,789.89,808.36,746.86
3024,791.14,815.22,756.37
3030,790.29,806.45,755.23
3035,791.40,808.36,742.77
3039,798.48,816.49,761.83
3044,789.27,806.45,743.71
3049,793.02,807.09,757.58
3054,790.51,815.85,754.06
3059,786.65,807.09,748.38
3064,791.14,805.18,755.23
3069,791.77,815.22,742.77
3075,790.51,808.36,757.58
3080,786.65,803.29,754.06
3085,791.77,817.12,748.38
3090,790.90,808.36,755.81
3095,789.89,807.09,741.61
3100,797.05,817.12,759.35
3105,794.28,805.82,745.68
3110,785.44,796.06,751.73
3116,797.87,829.29,761.22
3121,766.28,805.82,748.99
3126,810.92,805.82,754.06
3131,789.89,817.12,741.03
3136,792.39,804.55,759.35
3141,786.04,809.00,753.48
3146,791.77,815.85,749.59
3151,790.29,806.45,754.64
3156,789.89,803.92,741.61
3162,800.16,818.39,759.35
3167,790.51,806.45,734.16
3172,791.14,805.18,768.61
3177,791.14,810.37,755.23
3182,786.65,817.12,741.61
3187,790.51,803.37,761.83
3192,791.77,817.12,741.03
3197,787.25,809.06,758.75
3203,788.02,803.98,754.64
3208,793.02,805.18,748.99
3213,790.29,817.76,754.06
3218,789.27,807.09,741.61
3223,800.16,809.06,757.58
3228,787.40,815.85,746.27
3233,794.91,807.09,756.97
3238,789.89,803.92,753.48
3244,784.84,815.85,748.99
3249,793.02,809.00,754.64
3254,791.77,802.75,740.45
3259,789.89,821.31,759.35
3264,786.04,805.18,754.06
3269,792.39,807.72,747.78
3274,790.29,819.03,755.23
3279,789.27,805.18,738.15
3284,801.41,808.36,764.28
3290,791.14,817.12,743.71
3295,789.27,806.45,755.77
3299,792.39,805.18,745.68
3304,792.39,817.76,756.37
3309,786.04,807.09,755.23
3314,790.51,806.45,742.19
3319,790.51,815.22,759.39
3324,783.64,809.00,744.27
3330,796.18,805.82,755.77
3335,791.51,817.12,754.06
3340,800.16,805.82,741.03
3345,789.89,808.36,761.22
3350,792.39,817.76,742.19
3355,791.14,806.45,757.58
3360,789.89,807.09,746.27
3365,785.34,813.78,748.27
3371,791.77,809.00,758.75
3376,788.64,817.12,743.57
3381,772.20,805.18,757.58
3386,820.31,809.00,754.06
3391,790.51,816.49,747.78
3396,787.25,802.75,747.38
3401,788.64,807.72,749.80
3406,793.02,819.03,757.58
3411,787.86,809.06,752.90
3417,798.99,809.06,749.38
3422,793.02,807.09,741.61
3427,784.84,818.39,756.99
3432,789.68,805.18,756.40
3437,792.04,808.36,744.77
3442,789.07,819.67,756.99
3447,789.27,805.18,741.03
3452,791.14,809.00,759.39
3458,800.30,815.85,744.84
3463,789.89,808.36,756.37
3468,791.14,807.09,752.90
3473,790.51,816.49,746.57
3478,768.05,806.45,756.40
3483,810.28,807.72,740.45
3488,791.77,816.49,758.16
3493,791.14,807.09,746.27
3499,787.86,807.09,755.77
3504,791.77,817.76,753.48
3509,790.90,806.45,742.77
3514,790.51,808.36,760.00
3519,800.78,817.76,742.77
3524,789.27,805.82,755.23
3529,792.39,809.00,748.03
3534,791.77,815.85,753.97
3539,786.65,807.72,754.64
3545,791.14,808.36,741.61
3550,791.77,818.39,758.79
3555,790.29,805.82,743.35
3559,788.02,806.45,758.16
3565,791.51,816.49,744.51
3569,793.02,809.64,756.97
3574,799.53,804.55,753.48
3579,789.27,818.39,741.61
3585,793.65,807.09,761.83
3590,790.51,805.82,742.19
3595,785.44,818.39,756.40
3600,792.39,805.18,752.90
3605,789.89,809.64,747.78
3610,789.07,817.12,754.06
3615,792.39,803.92,740.45
3620,789.27,810.28,761.83
3625,800.30,811.32,751.88
3631,789.89,811.69,747.17
3636,791.77,805.82,753.48
3641,786.04,813.16,740.45
3646,791.14,807.72,758.16
3651,789.27,813.95,745.10
3656,789.07,786.04,749.42
3661,799.09,826.77,757.58
3666,790.51,820.00,726.06
3672,783.83,809.72,780.61
3677,792.39,805.82,748.38
3682,788.02,807.09,753.48
3687,792.12,817.12,741.03
3692,800.78,806.45,755.23
3697,791.14,808.36,748.62
3702,789.89,816.49,755.77
3707,793.02,805.82,746.86
3713,786.04,807.72,754.57
3718,791.14,817.76,755.81
3723,791.77,805.18,741.03
3728,789.07,807.72,757.58
3733,791.77,815.85,746.27
3738,791.77,808.36,756.37
3743,789.68,804.55,754.64
3748,801.41,816.49,742.19
3753,791.14,809.00,758.79
3759,786.78,805.82,740.45
3764,795.54,818.39,759.35
3769,786.65,805.82,745.68
3774,791.14,809.00,755.77
3779,791.77,817.12,754.06
3784,788.46,805.18,747.78
3789,792.39,809.64,755.23
3794,790.29,816.49,721.88
3800,791.14,806.45,777.51
3805,802.66,807.72,751.16
3810,791.14,816.49,746.57
3815,789.89,806.45,756.99
3820,788.46,807.09,741.61
3824,790.51,796.43,759.39
3830,791.14,828.08,741.61
3834,791.14,805.18,758.16
3840,787.86,817.76,746.27
3845,791.77,804.55,753.37
3850,791.14,808.36,755.81
3855,790.29,817.76,741.61
3860,801.41,804.55,761.83
3865,792.39,809.00,742.57
3870,789.89,815.22,756.37
3875,786.65,806.45,754.06
3880,792.39,807.09,747.78
3886,788.02,817.12,752.90
3891,788.88,802.75,743.71
3896,790.51,806.45,755.17
3901,800.16,818.69,750.58
3906,791.14,806.45,747.44
3911,791.77,805.18,756.40
3916,785.44,814.39,753.48
3921,791.14,809.06,744.77
3927,797.87,803.29,745.97
3932,790.51,813.67,738.15
3937,785.44,815.85,765.31
3942,790.51,802.75,755.77
3947,791.14,805.82,754.64
3952,791.77,822.63,746.57
3957,787.25,784.84,752.90
3962,788.64,827.28,740.45
3968,793.65,818.39,738.15
3973,799.70,805.82,763.51
3978,792.39,807.09,755.17
3983,790.51,815.85,756.40
3988,791.14,807.09,747.17
3993,791.77,802.03,753.48
3998,786.04,819.03,739.88
4003,792.39,806.45,760.61
4008,789.89,805.18,739.30
4014,787.25,815.85,758.75
4019,792.39,807.09,733.59
4024,788.02,807.72,767.99
4029,792.73,817.12,754.06
4034,801.41,804.55,739.88
4039,791.77,807.72,760.61
4044,790.51,815.85,736.43
4049,792.39,804.55,761.72
4055,785.44,808.36,745.68
4060,791.14,815.22,755.77
4065,789.89,805.82,754.64
4070,787.86,805.82,741.03
4075,789.89,806.45,759.39
4080,791.77,816.49,740.45
4084,789.68,804.55,757.58
4089,800.78,805.82,743.93
4094,790.51,821.31,756.97
4100,789.27,802.14,754.64
4105,791.77,811.03,739.88
4110,790.51,815.85,760.00
4115,786.04,804.55,744.27
4120,789.89,807.09,755.17
4125,791.77,813.95,745.68
4130,788.02,806.45,755.77
4135,787.86,806.45,754.64
4141,791.14,815.22,741.61
4146,798.48,802.14,756.40
4151,789.27,804.55,753.48
4156,793.02,818.69,745.97
4161,791.77,806.45,754.06
4166,784.84,803.92,742.19
4171,789.68,813.16,756.99
4176,789.27,806.45,745.68
4182,770.42,814.39,750.58
4187,820.95,804.55,757.58
4192,791.14,807.09,745.98
4197,790.51,815.22,754.57
4202,791.77,809.06,745.68
4207,785.44,802.75,749.42
4212,791.14,807.75,758.79
4217,786.04,812.55,744.27
4222,793.02,805.82,756.97
4228,801.01,809.80,751.25
4233,786.04,807.09,745.68
4238,791.77,813.32,756.37
4243,790.51,808.36,752.90
4248,792.39,802.03,741.61
4253,784.84,805.82,761.83
4258,791.77,821.31,723.53
4263,789.27,800.92,774.42
4269,791.51,811.69,754.06
4274,789.89,815.85,749.59
4279,802.66,803.92,752.90
4284,792.39,805.18,742.19
4289,790.51,817.76,760.00
4294,785.44,805.18,742.77
4299,791.77,806.45,756.99
4304,791.14,814.58,754.64
4310,791.14,804.55,748.38
4315,787.25,806.45,752.90
4320,790.51,815.22,739.88
4325,789.89,807.09,758.75
4330,792.12,804.55,744.51
4335,800.78,815.22,755.77
4340,789.27,769.23,757.58
4345,794.28,845.41,741.61
4349,791.14,810.37,758.18
4355,786.04,811.32,742.19
4360,789.89,807.09,758.16
4365,789.68,803.92,745.68
4370,795.27,822.63,756.97
4375,785.44,805.18,752.90
4380,791.14,801.53,742.77
4385,789.07,820.66,762.44
4390,798.91,805.82,739.76
4396,793.65,803.92,760.61
4401,791.14,815.85,753.48
4406,784.24,800.92,742.19
4411,792.39,818.39,757.58
4416,789.68,805.82,747.44
4421,786.78,805.18,756.97
4426,793.65,809.72,752.31
4431,790.29,816.49,743.35
4436,798.91,804.55,758.16
4442,781.25,807.72,744.77
4447,791.14,815.85,761.22
4452,799.09,805.18,742.19
4457,791.77,806.45,757.58
4462,791.14,817.12,755.23
4467,791.77,808.41,748.38
4472,785.44,802.14,753.48
4477,788.64,815.22,738.72
4483,794.91,807.09,761.12
4488,787.25,809.06,746.86
4493,790.51,804.55,756.37
4498,791.77,816.49,754.64
4503,790.90,805.18,742.77
4508,790.51,807.09,760.61
4513,798.91,816.49,744.84
4518,791.77,805.18,755.17
4524,792.39,806.45,746.27
4529,793.65,817.12,756.37
4534,784.84,805.18,755.23
4539,791.77,806.45,741.61
4544,791.77,817.12,761.83
4549,786.65,804.55,742.19
4554,791.14,806.45,757.58
4559,790.90,815.85,754.64
4564,789.27,806.45,749.59
4570,802.66,803.92,755.23
4575,789.89,817.76,742.19
4580,791.77,805.82,758.16
4585,786.65,805.82,747.44
4590,789.89,805.18,755.77
4595,791.14,798.29,754.64
4600,789.68,826.77,741.61
4604,792.68,810.37,762.44
4610,785.44,816.49,743.71
4615,789.89,803.37,756.97
4620,792.12,808.41,754.64
4625,789.27,818.39,741.61
4630,800.16,805.18,761.83
4635,791.14,801.53,740.45
4640,791.77,821.31,759.94
4645,785.44,805.82,754.64
4651,797.22,803.92,747.78
4656,784.84,819.03,756.40
4661,787.25,806.45,742.19
4666,792.68,805.82,760.61
4671,789.07,816.49,744.84
4676,799.09,803.98,747.70
4681,788.02,804.55,759.94
4686,793.02,817.76,746.86
4691,789.89,807.09,756.37
4697,790.51,811.03,747.44
4702,791.14,815.22,755.17
4707,791.14,806.45,755.23
4712,791.14,807.09,746.57
4717,786.04,814.58,756.40
4722,789.89,807.72,742.77
4727,792.39,805.82,758.16
4732,788.46,815.85,747.44
4738,789.27,806.45,755.77
4743,790.90,806.45,756.40
4748,791.77,817.12,742.19
4753,799.53,805.82,757.58
4758,789.89,805.82,748.03
4763,791.77,815.85,753.37
4768,791.14,808.36,759.35
4773,784.84,807.09,743.35
4779,791.14,811.69,760.61
4784,788.64,810.71,738.72
4789,790.29,807.72,761.72
4794,791.77,798.91,755.23
4799,789.27,825.47,748.38
4804,790.29,805.82,754.64
4809,791.14,817.76,742.77
4814,800.16,807.09,758.75
4819,787.40,804.55,735.86
4825,793.02,786.78,769.23
4830,790.51,842.02,754.64
4835,784.84,806.45,741.61
4840,790.51,807.72,763.05
4845,791.14,813.16,744.27
4850,791.14,808.36,757.58
4855,786.65,809.72,756.40
4860,789.27,817.12,742.77
4865,788.64,804.60,761.22
4870,792.12,804.55,741.03
4875,789.89,823.29,759.35
4880,798.91,802.75,754.64
4885,791.77,806.45,744.51
4890,791.14,820.00,761.83
4895,765.70,803.37,740.45
4900,811.56,807.75,760.53
4905,790.51,817.76,755.81
4911,791.77,805.83,749.59
4916,787.25,806.45,754.06
4921,789.27,817.76,741.61
4926,791.77,807.72,759.94
4931,789.07,805.82,737.58
4936,801.41,818.39,761.72
4941,790.51,808.36,761.22
4946,786.65,817.76,753.58
4952,796.57,811.03,748.99
4957,792.39,803.37,747.44
4962,785.44,786.78,756.97
4967,789.89,837.88,756.40
4972,793.65,807.72,743.35
4977,787.86,805.82,761.83
4982,789.89,819.03,745.41
4987,790.90,804.55,753.97
4993,791.14,808.36,758.16
4998,800.16,817.76,742.19
5003,789.89,806.45,759.35
5008,791.77,784.93,745.97
5013,789.27,840.50,758.75
5018,786.65,809.00,755.23
5023,791.77,817.12,750.20
5028,790.51,809.72,751.73
5033,787.86,804.60,747.13
5039,791.14,817.76,757.58
5044,789.89,807.09,755.23
5049,771.01,806.45,748.99
5054,810.92,817.76,756.40
