MBb²rºb¢Êªrú
MotorSpeedMeasurement
1004,116.41,101.41,57.80
1009,4.25,0.62,0.00
1014,30.32,33.67,0.16
1019,32.68,36.26,22.83
1024,59.34,66.31,42.92
1029,68.07,66.53,40.26
1034,79.62,80.19,59.10
1039,91.66,88.97,59.03
1044,99.29,100.89,70.29
1049,114.30,120.97,74.13
1054,120.29,117.10,81.57
1059,137.15,136.05,85.62
1064,149.32,152.97,93.98
1069,159.38,159.38,95.20
1074,163.53,165.98,115.92
1079,165.32,169.30,110.23
1084,178.71,180.58,122.98
1089,198.41,198.41,97.13
1094,191.42,195.31,158.73
1099,210.08,216.03,141.24
1104,220.88,221.60,134.51
1110,223.55,229.89,147.06
1115,222.85,236.59,154.56
1120,248.85,241.35,162.10
1125,245.50,248.66,173.48
1130,250.77,267.18,170.50
1135,258.76,261.89,172.41
1140,274.51,276.55,174.42
1145,266.16,275.16,195.62
1150,286.04,289.58,188.28
1155,287.91,296.98,193.99
1160,298.80,300.08,202.50
1165,291.15,304.88,194.25
1170,286.26,311.53,216.71
1175,332.55,318.47,216.37
1180,318.47,324.94,209.76
1185,333.07,324.92,221.06
1190,326.17,332.29,229.01
1195,330.96,343.09,241.55
1200,346.95,342.74,234.38
1205,340.82,358.57,238.85
1210,354.74,347.76,239.85
1215,347.49,366.23,246.71
1220,372.21,367.36,245.10
1225,357.14,365.56,257.94
1230,374.61,375.66,265.31
1235,378.49,383.99,258.14
1240,380.95,383.51,265.96
1245,385.80,389.11,261.46
1250,390.93,394.94,281.58
1255,391.54,395.88,265.55
1260,399.68,401.07,286.26
1265,399.24,404.86,276.24
1270,404.78,417.93,290.94
1275,419.66,410.16,288.81
1280,407.09,414.23,295.70
1285,413.71,430.36,293.47
1290,428.68,417.62,289.58
1295,421.01,437.90,298.57
1300,422.75,425.04,309.15
1305,437.55,445.34,306.28
1310,438.60,428.15,307.93
1315,431.03,449.57,311.04
1320,445.74,430.70,314.96
1325,440.74,472.19,308.64
1330,429.02,452.49,318.98
1335,475.06,458.90,323.19
1340,456.71,461.18,331.25
1345,459.77,460.48,328.14
1350,448.52,446.78,325.17
1355,468.24,492.21,325.17
1360,463.99,468.87,344.04
1366,469.39,471.70,336.13
1371,479.70,476.37,329.67
1376,474.68,476.95,351.29
1381,477.33,484.26,339.46
1386,479.23,490.57,338.92
1391,478.19,483.37,358.00
1396,483.48,491.00,340.65
1401,486.38,487.90,362.61
1406,496.18,503.88,343.51
1411,492.13,494.56,365.14
1416,489.43,494.30,360.67
1421,493.29,505.44,350.19
1426,506.63,500.40,373.44
1431,492.42,500.38,356.34
1436,513.02,513.43,369.76
1441,499.20,515.66,367.92
1446,512.53,502.71,373.13
1451,508.65,518.13,359.71
1456,503.88,517.64,372.30
1461,514.87,521.24,381.53
1466,511.01,514.24,380.30
1471,522.09,523.26,379.08
1476,524.07,527.76,371.38
1481,511.75,514.09,382.85
1486,524.88,531.50,380.91
1491,527.34,533.60,384.91
1496,522.39,523.95,386.85
1501,531.50,534.35,385.51
1506,534.87,536.57,393.70
1511,531.11,532.32,395.83
1516,522.85,543.92,386.31
1521,537.85,537.63,394.01
1526,538.71,528.58,396.51
1531,537.22,543.90,395.26
1536,536.06,550.55,400.57
1541,539.29,544.75,407.29
1546,545.23,546.45,400.00
1551,542.64,546.45,398.94
1556,544.75,549.02,403.88
1561,547.73,550.75,399.54
1566,548.16,549.66,404.20
1571,549.66,552.92,417.62
1576,561.58,553.36,404.47
1581,540.81,562.07,410.26
1586,556.00,556.44,403.85
1591,553.36,554.71,421.78
1596,564.76,567.75,409.84
1601,558.21,559.11,415.28
1606,558.21,564.06,409.84
1611,555.56,556.79,421.78
1616,562.25,562.25,417.01
1622,557.69,574.71,415.09
1627,572.96,562.45,424.06
1632,565.89,566.34,415.02
1637,561.15,568.63,430.70
1642,562.45,576.48,421.69
1647,578.26,567.29,418.89
1652,568.64,569.97,430.70
1657,564.64,579.60,420.00
1662,568.18,569.97,432.98
1667,573.28,575.26,422.05
1672,581.85,573.12,437.20
1677,569.97,583.66,422.10
1682,569.97,574.48,439.30
1687,585.02,572.08,424.06
1692,568.18,585.94,437.60
1697,577.23,579.54,428.35
1702,582.75,586.85,439.65
1707,580.83,582.52,431.03
1712,576.31,576.04,441.06
1717,591.02,590.09,441.29
1722,572.52,581.40,427.68
1727,591.48,589.80,445.74
1732,574.94,582.33,434.78
1737,592.51,589.35,440.95
1742,580.00,583.66,449.71
1747,591.60,593.82,432.98
1753,586.26,584.68,449.35
1758,579.15,589.43,447.82
1763,596.66,593.41,441.18
1768,579.60,593.41,445.43
1773,598.09,587.04,438.95
1778,582.30,598.46,448.17
1783,595.24,585.94,453.83
1788,587.52,603.86,450.98
1794,595.24,588.24,441.29
1799,590.09,597.99,453.05
1804,597.61,599.38,452.49
1809,598.92,590.55,453.47
1814,586.40,601.71,445.39
1819,604.35,593.29,456.05
1824,586.68,602.18,453.17
1829,602.41,603.58,455.63
1835,602.18,592.42,447.47
1840,588.70,605.00,452.40
1845,603.11,605.47,462.59
1850,605.00,593.82,455.24
1855,591.02,606.42,460.00
1860,609.76,608.32,457.67
1865,601.50,591.60,449.57
1869,591.48,611.75,455.99
1874,606.89,605.14,460.12
1881,608.80,609.28,466.34
1885,593.35,597.61,458.72
1890,606.89,610.24,464.83
1895,609.76,611.20,461.54
1900,595.24,596.61,453.83
1905,608.80,612.16,461.54
1910,611.68,611.68,461.48
1915,596.15,609.76,463.32
1921,604.52,608.83,468.62
1926,612.16,604.84,465.84
1931,613.62,611.20,465.12
1936,587.12,610.22,465.48
1941,619.01,616.06,465.12
1946,610.24,603.86,468.62
1951,615.57,608.36,469.12
1956,608.83,616.06,465.12
1961,600.96,611.62,469.12
1967,613.62,617.04,467.29
1972,614.10,604.35,469.48
1977,609.29,614.91,469.48
1982,604.84,616.55,448.87
1987,608.83,613.97,491.35
1992,615.57,617.53,469.85
1997,617.53,615.38,470.59
2002,611.62,606.31,470.59
2008,601.93,613.97,473.56
2013,613.50,620.00,470.96
2018,616.06,616.33,472.07
2023,618.52,615.86,473.93
2028,612.56,618.52,472.81
2033,604.05,620.16,473.19
2038,616.06,608.77,472.07
2043,618.02,616.33,473.84
2049,614.44,619.20,474.68
2054,621.49,620.99,474.68
2059,612.56,618.24,475.44
2064,606.42,621.99,472.44
2069,618.02,620.16,479.62
2074,615.86,618.24,468.52
2079,619.50,611.25,478.09
2084,615.86,621.60,475.81
2089,623.49,620.64,480.03
2095,615.86,617.76,476.57
2100,607.37,623.49,486.00
2105,619.50,621.12,478.09
2110,617.76,624.02,475.29
2115,614.91,620.16,480.00
2120,624.50,627.02,476.95
2125,618.72,621.60,475.29
2129,623.49,620.16,478.47
2136,618.24,623.05,482.25
2140,620.64,623.54,479.62
2145,609.76,612.65,488.66
2150,618.52,625.00,480.77
2155,621.12,625.00,477.46
2160,621.60,623.05,483.09
2165,622.99,623.05,474.56
2170,619.20,623.05,483.48
2176,619.67,624.51,483.00
2181,627.53,628.04,491.74
2186,618.72,624.51,481.93
2191,622.08,623.54,479.66
2196,620.64,624.51,483.87
2201,613.62,625.98,478.19
2206,619.67,623.54,486.00
2211,623.99,624.51,490.97
2216,618.72,626.47,482.63
2222,623.05,625.98,484.26
2227,622.08,623.54,480.40
2232,622.57,624.51,486.38
2237,620.16,627.94,492.90
2242,627.02,624.02,483.75
2247,622.57,626.96,485.04
2252,623.05,626.47,481.14
2257,623.05,626.96,493.92
2263,626.52,629.06,488.60
2268,624.02,628.44,486.62
2273,623.54,626.96,484.12
2278,613.13,625.00,481.14
2283,622.08,627.94,489.43
2288,627.53,627.45,496.43
2293,619.67,626.96,484.50
2298,625.00,627.45,489.40
2304,625.00,627.94,481.51
2309,623.05,628.93,496.56
2314,624.02,626.47,487.90
2319,627.53,627.45,488.60
2324,623.05,629.92,483.00
2329,625.00,628.44,490.97
2334,625.00,625.98,498.80
2339,625.49,629.43,483.75
2344,625.00,629.43,487.90
2350,625.98,628.93,491.35
2355,624.02,627.94,496.82
2360,624.51,628.44,489.81
2365,632.14,630.91,483.37
2370,624.51,625.95,501.16
2375,625.49,628.44,487.52
2380,625.98,628.93,491.80
2385,625.98,631.41,484.12
2391,625.98,629.43,502.71
2396,625.00,628.44,489.05
2400,625.49,630.42,491.40
2405,627.94,630.42,487.99
2410,625.49,630.91,499.20
2415,628.44,626.42,490.20
2420,626.47,632.41,485.25
2425,625.98,629.43,503.49
2430,626.47,628.93,489.81
2436,625.49,632.91,493.02
2441,627.94,629.92,489.46
2446,628.44,630.42,500.00
2451,626.96,629.92,491.74
2456,628.93,632.91,486.38
2461,626.47,625.95,504.66
2466,626.47,641.52,491.35
2471,629.43,631.41,486.76
2477,627.45,632.41,494.07
2482,626.96,630.42,481.88
2487,627.94,631.91,515.25
2492,628.44,631.91,490.94
2497,626.47,627.85,502.82
2502,628.93,632.91,492.13
2507,628.93,598.80,489.46
2512,623.58,663.72,498.85
2518,629.43,630.42,497.10
2523,627.45,631.91,498.89
2528,627.94,626.90,492.51
2533,629.92,645.54,490.20
2538,624.53,631.41,505.05
2543,627.45,630.91,492.90
2548,629.92,628.33,489.81
2553,629.92,632.91,506.63
2558,627.45,632.41,492.90
2564,636.67,635.77,497.10
2569,632.41,632.91,490.58
2574,624.05,633.91,505.84
2579,626.96,628.81,492.90
2584,629.92,631.41,491.35
2589,630.42,631.91,507.02
2594,629.43,634.92,493.68
2599,628.44,632.91,490.97
2605,629.92,630.91,507.02
2610,630.42,631.70,493.29
2615,629.92,633.91,489.81
2620,629.43,629.92,510.20
2625,628.81,629.77,493.29
2630,627.45,634.42,491.74
2635,630.91,645.54,506.63
2640,631.41,632.91,495.25
2646,629.43,633.91,493.92
2651,630.42,630.25,504.44
2656,629.77,634.92,496.03
2661,630.91,632.91,493.92
2665,631.41,631.70,506.89
2670,639.53,633.91,486.89
2675,630.91,633.41,509.40
2680,631.41,632.91,496.43
2685,631.91,635.93,491.35
2691,630.42,630.25,509.01
2696,631.41,643.53,495.64
2701,632.41,634.92,492.90
2706,630.42,634.92,508.21
2711,626.42,630.73,495.64
2716,630.91,633.91,495.80
2721,631.91,633.91,506.89
2726,632.41,633.64,496.03
2732,630.42,631.91,483.99
2737,629.29,634.42,516.69
2742,630.91,636.44,494.46
2747,630.91,639.10,507.42
2752,632.41,635.42,497.61
2757,640.54,630.25,496.18
2762,630.91,634.92,503.49
2767,632.41,636.44,494.07
2772,631.91,634.42,510.20
2778,633.41,632.41,498.01
2783,630.42,635.42,492.90
2788,631.41,633.15,510.60
2793,633.91,631.91,497.22
2798,631.91,635.93,495.80
2803,625.95,641.03,505.05
2808,632.41,635.93,494.85
2813,631.91,633.91,511.41
2819,633.41,634.92,497.22
2824,626.42,631.22,494.07
2829,632.91,636.44,510.60
2834,635.42,633.41,497.61
2839,630.91,632.67,504.86
2844,632.91,634.42,497.22
2849,630.73,634.42,496.43
2854,633.41,630.73,509.40
2860,641.52,647.57,497.61
2865,631.91,634.92,498.08
2870,634.42,632.41,505.05
2875,632.91,636.44,495.25
2880,628.33,631.22,511.81
2885,631.91,635.93,497.61
2890,632.91,635.42,497.70
2895,633.91,631.70,503.88
2900,632.91,636.94,498.41
2906,629.77,634.42,509.80
2911,634.92,641.03,499.60
2916,630.91,635.93,497.70
2920,632.67,635.93,505.44
2926,643.53,632.67,495.25
2930,635.42,634.42,510.60
2935,630.42,634.92,500.80
2940,634.92,637.45,496.94
2946,635.42,631.70,506.23
2951,628.81,634.92,496.43
2956,633.91,637.45,512.62
2961,632.91,642.97,499.60
2966,631.70,633.91,497.70
2971,633.91,632.67,507.42
2976,632.41,636.44,494.85
2981,632.18,636.44,513.02
2987,645.54,631.22,501.20
2992,634.92,634.92,504.86
2997,631.41,639.49,500.80
3002,636.44,633.41,494.07
3007,629.29,643.45,510.59
3012,635.42,635.42,496.03
3017,629.29,632.67,513.83
3022,634.92,637.96,499.60
3027,633.41,631.22,506.00
3033,634.92,637.96,500.80
3038,633.41,635.93,494.85
3043,634.13,635.42,515.87
3048,643.53,632.18,500.80
3053,634.92,648.58,505.24
3058,633.41,636.44,500.80
3063,635.93,633.91,496.82
3068,629.77,633.15,510.20
3074,633.91,636.94,497.22
3079,634.92,635.93,513.83
3084,633.15,632.67,500.80
3089,631.41,636.94,506.00
3094,635.93,632.67,501.61
3099,633.64,648.58,499.62
3104,646.05,635.93,512.30
3109,633.41,613.50,493.55
3115,634.42,657.37,513.83
3120,629.77,637.45,501.61
3125,636.44,631.22,506.76
3130,634.92,639.49,498.80
3135,633.91,634.92,498.41
3140,633.15,644.43,514.65
3145,634.92,634.92,495.80
3150,633.64,640.51,511.81
3155,644.03,633.15,502.01
3161,634.42,636.94,500.38
3166,636.94,633.91,507.81
3171,634.42,636.57,498.01
3176,630.73,637.45,513.43
3181,635.42,633.15,495.43
3185,635.93,645.04,513.83
3190,631.70,635.10,501.61
3195,636.44,637.45,500.00
3201,634.13,637.96,509.40
3206,645.04,635.93,499.20
3211,632.41,635.59,512.21
3216,639.49,637.45,497.70
3221,635.42,632.67,513.02
3226,630.73,648.08,501.20
3231,632.91,638.98,500.38
3236,633.15,633.64,509.80
3241,637.45,635.93,500.77
3247,633.91,635.10,507.42
3252,635.10,636.94,500.40
3257,646.05,636.94,514.65
3262,635.93,643.45,495.05
3267,635.42,638.98,515.87
3272,630.25,614.91,500.80
3277,634.92,656.85,509.43
3282,632.18,632.67,502.41
3288,636.44,638.98,500.00
3293,636.44,637.96,510.60
3298,634.62,634.92,498.41
3303,643.02,644.92,516.28
3308,634.92,636.44,501.61
3313,638.98,638.98,508.67
3318,629.77,633.64,502.41
3323,635.42,636.94,499.62
3329,635.93,636.08,511.81
3334,633.64,636.44,498.47
3339,635.42,633.15,512.21
3344,633.91,648.58,499.20
3349,635.59,638.47,515.46
3354,646.55,634.13,495.05
3359,635.93,635.93,515.87
3364,635.93,636.94,502.41
3369,630.73,635.10,509.43
3375,635.93,636.44,502.01
3380,637.45,637.45,503.10
3385,630.73,645.41,509.01
3390,637.45,638.98,498.01
3395,644.92,634.13,517.10
3400,634.92,634.92,497.32
3405,635.42,638.47,514.65
3410,637.96,636.57,502.82
3416,631.22,634.92,509.05
3421,636.44,633.15,502.41
3426,632.18,650.63,501.16
3431,637.45,637.96,511.41
3436,636.44,634.13,499.60
3441,643.45,636.94,511.75
3445,636.44,636.57,498.41
3450,636.94,636.94,517.52
3456,636.94,636.44,502.01
3461,631.70,645.41,509.82
3466,635.93,638.98,502.01
3471,634.62,636.44,509.05
3476,632.91,634.62,504.44
3481,637.96,636.44,500.77
3486,644.43,636.57,511.01
3491,638.47,637.45,498.80
3496,634.92,633.15,514.09
3502,631.22,650.63,501.20
3507,635.93,637.96,513.02
3512,633.64,634.13,500.38
3517,636.44,635.93,514.65
3522,636.44,636.57,502.82
3527,635.10,636.94,510.98
3532,647.06,635.10,503.22
3537,635.42,648.08,510.98
3543,636.44,638.47,502.01
3548,629.29,634.13,500.38
3553,638.98,638.47,515.46
3558,636.44,636.94,499.20
3563,632.67,637.07,513.70
3568,637.45,636.94,498.41
3573,634.13,625.00,517.10
3578,646.05,658.95,498.85
3584,635.93,639.49,517.10
3589,631.70,634.13,498.47
3594,637.45,635.93,515.06
3599,633.91,637.56,504.85
3604,635.10,637.45,509.82
3609,635.42,634.13,503.63
3614,636.44,648.08,504.27
3619,635.10,640.51,510.20
3624,647.06,634.13,503.49
3630,635.93,638.47,511.41
3635,635.93,633.91,501.20
3640,630.25,638.54,513.70
3645,636.94,638.98,499.60
3650,633.64,642.97,517.52
3655,634.92,638.98,497.32
3660,637.45,635.10,517.93
3665,644.92,638.98,478.56
3671,636.44,638.47,537.42
3676,635.93,635.10,504.44
3681,635.93,640.51,509.43
3686,632.18,643.94,505.25
3691,637.45,637.96,503.10
3696,630.73,633.64,511.01
3701,638.98,641.03,504.66
3705,635.42,636.08,510.60
3710,644.92,637.45,503.88
3716,635.93,640.51,511.81
3721,638.47,645.90,501.20
3726,631.22,636.44,514.09
3731,636.44,636.57,499.60
3736,633.15,638.47,518.76
3741,637.45,637.07,495.05
3746,636.44,636.44,518.76
3751,635.10,636.57,500.38
3757,646.05,650.63,518.34
3762,636.94,640.00,505.25
3767,636.94,634.62,509.43
3772,631.70,636.94,506.48
3777,636.44,637.56,510.98
3782,634.62,615.38,504.44
3787,634.42,659.47,511.75
3792,635.59,648.58,504.85
3798,646.55,638.98,512.53
3803,636.94,635.10,504.44
3808,632.67,634.13,511.36
3813,635.42,640.00,504.85
3818,633.15,644.92,511.75
3823,635.10,640.00,506.07
3828,637.45,637.96,490.94
3833,645.54,635.10,526.74
3838,638.47,637.56,511.75
3844,636.44,638.47,505.25
3849,635.93,637.45,502.82
3854,612.56,640.51,514.48
3859,656.85,634.62,503.22
3864,637.45,649.10,517.10
3869,632.18,638.47,500.38
3874,636.44,635.10,495.43
3879,638.98,641.03,521.67
3885,643.94,632.67,519.58
3890,636.44,640.51,498.08
3895,636.94,647.37,520.00
3900,632.18,639.49,497.32
3905,637.96,636.94,519.58
3910,632.18,635.59,499.62
3915,637.96,617.76,518.76
3920,635.59,660.00,480.40
3926,636.44,636.44,537.85
3931,644.53,644.92,506.07
3936,640.00,641.54,512.14
3941,631.70,635.59,505.25
3946,636.94,637.45,512.14
3951,635.93,638.98,506.07
3956,635.10,639.53,511.75
3960,636.94,635.10,505.66
3965,636.08,648.58,510.98
3971,646.05,638.47,506.07
3976,637.45,635.59,493.17
3981,632.67,640.00,525.46
3986,636.44,636.08,512.92
3991,637.96,641.03,505.25
3996,635.59,646.39,513.31
4001,634.92,637.96,503.22
4006,646.39,635.59,506.23
4012,636.94,638.98,514.65
4017,638.47,641.54,500.00
4022,632.18,633.15,516.85
4027,636.44,640.00,504.66
4032,636.44,647.87,514.24
4037,634.62,639.49,505.05
4042,635.10,635.59,513.83
4047,647.06,636.94,505.05
4052,638.98,636.08,513.43
4058,637.45,641.03,503.88
4063,632.18,644.43,515.87
4068,633.15,640.00,510.98
4073,637.96,635.10,507.72
4078,636.57,637.56,504.27
4083,645.54,636.44,514.65
4088,637.96,645.41,512.14
4093,631.70,641.03,506.07
4099,643.15,628.04,503.22
4104,632.18,648.08,516.06
4109,637.45,639.49,505.84
4114,635.59,635.10,514.24
4119,634.92,640.00,503.22
4124,637.96,633.64,516.45
4129,636.08,640.51,502.01
4134,648.58,645.41,516.85
4140,635.93,637.45,502.01
4145,631.22,634.62,516.45
4150,637.45,637.96,505.44
4155,640.00,640.51,491.35
4160,633.15,634.13,528.58
4165,637.96,636.44,514.24
4170,646.88,648.36,505.05
4175,637.45,638.47,515.06
4180,636.94,636.94,503.63
4186,632.67,634.62,514.87
4191,635.93,638.98,504.03
4196,635.10,636.57,516.06
4201,637.96,636.44,505.84
4206,636.08,627.85,513.43
4211,649.10,659.47,507.42
4216,637.96,638.98,512.62
4221,631.70,635.59,503.63
4226,638.98,635.93,516.45
4231,615.86,639.53,503.63
4236,656.85,634.62,515.66
4241,638.47,637.96,503.22
4246,637.07,649.61,517.24
4251,649.10,640.00,484.87
4256,634.42,635.10,533.60
4261,635.10,637.45,506.23
4267,637.45,637.07,515.46
4272,635.10,638.47,503.88
4277,637.96,644.92,516.28
4282,637.07,638.47,505.05
4287,648.58,635.59,515.87
4292,637.96,640.51,504.03
4297,633.15,634.62,515.66
4302,636.94,637.96,505.05
4307,638.47,634.62,515.46
4313,636.08,652.69,506.23
4318,645.41,634.13,513.83
4323,638.47,636.94,507.42
4328,631.70,639.04,513.83
4333,639.49,639.49,514.48
4338,634.13,643.45,506.48
4343,638.98,640.00,513.70
4348,636.08,615.86,507.31
4354,640.51,664.45,504.27
4359,646.55,635.10,516.69
4364,637.96,638.47,504.66
4369,639.49,638.05,515.46
4374,633.15,637.96,513.31
4379,636.94,634.62,506.89
4384,635.59,648.58,512.92
4389,636.94,617.28,507.72
4395,636.57,660.53,514.48
4400,648.08,637.96,507.31
4405,639.49,637.56,512.14
4410,633.15,638.47,508.54
4415,637.96,644.92,511.75
4420,634.62,638.47,508.96
4425,638.47,635.59,512.92
4430,637.56,641.03,507.31
4435,647.06,635.10,514.09
4441,638.47,638.47,506.89
4446,638.47,641.03,514.48
4451,632.67,646.88,499.62
4456,637.96,637.45,521.67
4461,635.10,635.59,500.00
4466,640.00,639.49,520.42
4471,646.88,637.56,500.00
4476,637.96,637.96,522.09
4482,613.97,647.37,500.77
4486,658.95,640.00,519.58
4491,639.49,636.08,501.16
4496,632.67,638.47,520.83
4501,640.00,617.28,500.38
4506,648.36,662.12,520.83
4511,637.45,635.59,501.16
4516,637.96,648.58,498.08
4521,633.64,640.00,525.04
4527,616.33,636.08,518.76
4532,658.95,641.54,503.88
4537,637.07,634.13,515.66
4542,649.61,641.54,504.44
4547,637.96,645.41,516.06
4552,638.47,639.49,504.44
4557,633.15,636.08,516.45
4562,636.57,638.98,507.42
4568,638.47,636.08,512.62
4573,637.56,641.03,509.80
4578,646.55,645.41,514.24
4583,615.38,641.54,515.27
4588,658.95,636.08,507.31
4593,637.45,635.10,514.48
4598,636.08,638.98,508.13
4603,646.88,648.36,512.92
4609,628.14,627.53,508.96
4614,647.87,649.10,513.70
4619,637.96,640.51,507.31
4624,640.51,636.08,514.48
4629,633.15,640.00,508.54
4634,637.45,635.10,514.09
4639,636.08,640.51,501.54
4644,637.45,635.59,521.25
4649,646.88,651.66,501.16
4655,637.96,636.08,520.42
4660,640.51,636.94,503.88
4665,633.15,641.03,519.58
4670,638.47,636.44,503.88
4675,634.62,628.33,518.76
4680,638.98,660.53,502.71
4685,647.37,636.08,517.24
4690,637.96,641.54,502.41
4696,638.47,638.47,518.04
4701,633.64,636.57,504.85
4706,637.96,640.51,517.64
4711,635.10,646.39,508.61
4716,637.96,639.49,514.24
4721,647.87,636.08,505.84
4726,638.98,641.54,517.10
4731,638.47,636.08,505.84
4737,633.64,639.49,515.87
4742,638.98,648.85,506.23
4746,634.62,640.00,517.10
4751,639.49,636.57,514.09
4756,646.88,638.47,507.31
4761,640.00,638.54,514.09
4766,614.44,641.03,507.72
4771,657.89,636.08,514.87
4776,637.96,650.12,506.48
4782,636.08,636.57,515.66
4787,637.96,639.49,508.13
4792,638.54,637.07,513.70
4797,648.08,641.03,503.10
4802,640.51,636.08,519.17
4807,633.64,650.63,503.10
4812,637.96,638.54,520.42
4817,636.57,638.47,502.71
4823,638.05,640.03,520.83
4828,647.57,639.49,501.93
4833,638.47,645.90,516.45
4838,634.13,641.03,508.61
4843,636.08,636.57,514.65
4848,637.45,638.05,509.01
4853,638.05,638.47,513.43
4858,649.10,636.08,517.24
4864,639.49,653.72,507.72
4869,632.67,637.07,514.87
4874,639.49,638.98,508.54
4879,637.56,638.05,513.70
4884,637.56,636.08,502.32
4889,647.57,650.63,518.43
4894,633.64,636.08,506.63
4899,638.98,640.51,516.69
4904,634.62,637.07,514.48
4910,643.15,645.83,508.91
4915,637.96,638.47,505.05
4920,635.59,639.04,522.09
4925,639.49,636.08,501.93
4930,637.56,650.12,518.04
4935,649.61,639.49,506.07
4940,638.98,638.54,516.85
4945,633.64,640.51,506.89
4951,635.93,636.08,516.45
4956,638.54,641.54,486.38
4961,638.98,648.36,536.99
4966,635.59,636.57,507.42
4971,649.61,641.03,516.69
4976,637.96,639.49,507.81
4981,635.10,639.53,515.06
4986,639.49,636.57,507.42
4992,635.10,650.12,515.87
4997,641.03,641.03,515.66
5002,645.90,637.07,506.48
5006,638.98,642.05,516.45
5011,638.98,635.59,508.13
5016,633.64,637.07,513.70
5021,640.51,654.24,502.32
5026,634.62,637.07,522.09
5031,640.00,637.96,502.32
5037,647.87,640.03,520.42
5042,636.44,638.47,500.77
5047,635.10,648.85,519.23
5052,638.47,640.00,505.25
5057,641.03,637.56,517.24
