
MotorSpeedMeasurement
1024,0.98,0.98,0.88
1049,111.54,111.54,112.50
1074,150.00,160.00,144.00
1099,195.83,192.00,176.00
1124,196.00,192.00,176.00
1149,208.00,208.00,180.77
1174,192.00,196.00,195.83
1199,192.00,192.00,176.92
1224,204.00,196.15,204.17
1249,184.62,195.83,180.00
1274,204.17,180.77,192.00
1299,176.00,183.33,169.23
1324,168.00,176.00,183.33
1349,172.00,172.00,180.00
1374,160.00,160.00,168.00
1399,160.00,153.85,172.00
1424,148.00,154.17,160.00
1449,152.00,148.00,160.00
1474,144.00,140.00,152.00
1499,134.62,136.00,152.00
1524,150.00,144.00,152.00
1549,140.00,140.00,144.00
1574,148.00,148.00,148.00
1599,144.00,144.00,140.00
1624,148.00,152.00,144.00
1649,160.00,160.00,152.00
1674,152.00,156.00,148.00
1699,168.00,168.00,153.85
1724,156.00,164.00,152.00
1750,159.26,168.00,170.83
1775,175.00,165.38,151.85
1800,157.69,160.00,162.50
1825,175.00,168.00,168.00
1850,164.00,160.00,160.00
1875,164.00,168.00,161.54
1900,160.00,156.00,166.67
1925,153.85,160.00,160.00
1950,170.83,160.00,168.00
1975,156.00,160.00,153.85
2000,164.00,160.00,168.00
2025,156.00,156.00,162.50
2050,150.00,156.00,160.00
2075,166.67,164.00,164.00
2100,156.00,156.00,160.00
2125,164.00,160.00,157.69
2150,152.00,153.85,162.50
2176,164.00,166.67,160.00
2201,157.69,161.54,157.69
2226,156.00,156.00,156.00
2251,164.00,164.00,164.00
2276,153.85,156.00,156.00
2301,164.00,164.00,160.00
2326,162.50,156.00,156.00
2351,160.00,153.85,156.00
2376,164.00,170.83,164.00
2401,156.00,153.85,156.00
2426,164.00,170.83,161.54
2451,156.00,156.00,162.50
2476,160.00,156.00,156.00
2501,164.00,164.00,168.00
2526,156.00,160.00,156.00
2551,164.00,160.00,164.00
2576,156.00,160.00,153.85
2601,161.54,160.00,170.83
2626,162.50,153.85,156.00
2651,156.00,156.00,156.00
2676,164.00,170.83,164.00
2701,156.00,156.00,160.00
2726,164.00,164.00,160.00
2751,156.00,156.00,160.00
2776,160.00,156.00,150.00
2801,157.69,161.54,170.83
2826,162.50,162.50,156.00
2851,161.54,164.00,164.00
2876,156.00,160.00,153.85
2902,170.83,151.85,166.67
2927,157.69,170.83,155.56
2952,156.00,153.85,156.00
2977,157.69,166.67,170.83
3002,162.50,160.00,156.00
3027,164.00,160.00,164.00
3052,156.00,156.00,156.00
3077,150.00,156.00,156.00
3102,170.83,164.00,164.00
3127,156.00,156.00,156.00
3152,164.00,164.00,164.00
3177,156.00,156.00,156.00
3202,156.00,156.00,153.85
3227,168.00,164.00,166.67
3252,156.00,160.00,160.00
3277,164.00,157.69,164.00
3302,156.00,162.50,156.00
3328,164.00,164.00,155.56
3353,157.69,157.69,164.00
3378,156.00,156.00,162.50
3403,161.54,164.00,161.54
3428,156.00,153.85,158.33
3453,170.83,166.67,168.00
3478,153.85,160.00,150.00
3503,156.00,156.00,162.50
3528,170.83,164.00,157.69
3553,153.85,160.00,162.50
3578,166.67,157.69,164.00
3603,160.00,162.50,156.00
3628,156.00,156.00,156.00
3653,164.00,164.00,164.00
3678,156.00,160.00,153.85
3703,157.69,157.69,166.67
3728,158.33,162.50,160.00
3753,161.54,164.00,157.69
3778,156.00,156.00,162.50
3803,162.50,156.00,156.00
3828,164.00,164.00,164.00
3853,156.00,156.00,153.85
3878,164.00,164.00,166.67
3903,156.00,156.00,160.00
3928,160.00,156.00,156.00
3953,164.00,168.00,164.00
3978,156.00,153.85,156.00
4003,164.00,170.83,164.00
4028,156.00,156.00,153.85
4054,164.00,164.00,166.67
4079,157.69,157.69,155.56
4104,156.00,156.00,156.00
4129,164.00,164.00,170.83
4154,153.85,156.00,156.00
4179,164.00,164.00,164.00
4204,162.50,156.00,156.00
4229,160.00,156.00,156.00
4254,157.69,164.00,164.00
4279,162.50,156.00,156.00
4304,164.00,168.00,161.54
4329,156.00,156.00,162.50
4354,160.00,156.00,156.00
4379,157.69,164.00,164.00
4404,162.50,160.00,156.00
4429,164.00,164.00,168.00
4454,156.00,156.00,156.00
4480,164.00,164.00,164.00
4505,151.85,151.85,151.85
4530,156.00,162.50,162.50
4555,170.83,164.00,164.00
4580,156.00,156.00,156.00
4605,164.00,164.00,164.00
4630,156.00,156.00,156.00
4655,156.00,153.85,153.85
4680,161.54,170.83,166.67
4705,162.50,156.00,160.00
4730,164.00,164.00,164.00
4755,160.00,156.00,156.00
4780,156.00,160.00,156.00
4805,164.00,164.00,164.00
4830,156.00,156.00,160.00
4855,164.00,164.00,157.69
4880,160.00,156.00,162.50
4905,157.69,164.00,164.00
4930,162.50,153.85,156.00
4955,156.00,162.50,156.00
4980,164.00,164.00,164.00
5005,156.00,156.00,156.00
5030,164.00,164.00,164.00
5055,156.00,156.00,160.00
5080,156.00,160.00,156.00
5105,161.54,164.00,164.00
5130,162.50,156.00,156.00
5155,164.00,164.00,164.00
5180,153.85,156.00,160.00
5206,157.69,155.56,164.00
5231,170.83,170.83,157.69
5256,156.00,156.00,156.00
5281,164.00,164.00,164.00
5306,153.85,156.00,156.00
5331,166.67,164.00,164.00
5356,156.00,156.00,156.00
5381,156.00,153.85,156.00
5406,164.00,166.67,168.00
5431,156.00,160.00,156.00
5456,164.00,164.00,164.00
5481,156.00,156.00,160.00
5506,156.00,156.00,156.00
5531,164.00,164.00,164.00
5556,160.00,156.00,153.85
5581,157.69,164.00,164.00
5606,162.50,156.00,162.50
5632,164.00,164.00,164.00
5657,157.69,157.69,157.69
5682,153.85,156.00,156.00
5707,166.67,164.00,164.00
5732,160.00,156.00,156.00
5757,164.00,164.00,164.00
5782,156.00,160.00,156.00
5807,156.00,156.00,156.00
5832,164.00,164.00,164.00
5857,160.00,156.00,156.00
5882,157.69,168.00,164.00
5907,162.50,153.85,156.00
5932,156.00,162.50,160.00
5957,164.00,164.00,164.00
5982,160.00,156.00,156.00
6007,157.69,164.00,168.00
6032,162.50,153.85,156.00
6057,164.00,166.67,164.00
6082,156.00,160.00,156.00
6107,153.85,156.00,156.00
6132,164.00,164.00,168.00
6157,162.50,150.00,156.00
6182,164.00,170.83,164.00
6207,156.00,156.00,156.00
6232,153.85,156.00,156.00
6257,166.67,164.00,164.00
6282,160.00,156.00,156.00
6307,164.00,168.00,168.00
6332,156.00,156.00,156.00
6358,164.00,164.00,164.00
6383,157.69,157.69,157.69
6408,152.00,156.00,156.00
6433,164.00,164.00,164.00
6458,156.00,156.00,156.00
6483,161.54,164.00,164.00
6508,162.50,156.00,156.00
6533,156.00,153.85,160.00
6558,164.00,170.83,157.69
6583,160.00,156.00,162.50
6608,164.00,168.00,161.54
6633,156.00,156.00,156.00
6658,156.00,156.00,162.50
6683,168.00,164.00,168.00
6708,156.00,156.00,156.00
6733,164.00,164.00,164.00
6758,156.00,156.00,156.00
6784,164.00,164.00,164.00
6809,157.69,157.69,151.85
6834,156.00,156.00,162.50
6859,164.00,164.00,160.00
6884,153.85,156.00,160.00
6909,170.83,164.00,157.69
6934,156.00,153.85,162.50
6959,156.00,162.50,156.00
6984,164.00,164.00,164.00
7009,156.00,156.00,156.00
7034,161.54,164.00,164.00
7059,156.00,153.85,153.85
7084,162.50,162.50,156.00
7109,164.00,164.00,170.83
7134,153.85,156.00,160.00
7159,170.83,164.00,164.00
7184,156.00,160.00,156.00
7209,164.00,157.69,164.00
7234,156.00,162.50,156.00
7259,156.00,156.00,153.85
7284,164.00,164.00,166.67
7309,156.00,156.00,160.00
7334,164.00,164.00,164.00
7359,156.00,156.00,156.00
7384,156.00,156.00,156.00
7409,164.00,161.54,164.00
7434,160.00,162.50,153.85
7459,164.00,161.54,166.67
7484,156.00,162.50,160.00
7510,164.00,164.00,164.00
7535,157.69,157.69,157.69
7560,156.00,156.00,150.00
7585,164.00,164.00,170.83
7610,156.00,152.00,156.00
7635,164.00,164.00,164.00
7660,160.00,156.00,156.00
7685,156.00,160.00,156.00
7710,164.00,164.00,164.00
7735,153.85,156.00,156.00
7760,166.67,161.54,164.00
7785,160.00,162.50,156.00
7810,156.00,156.00,153.85
7835,164.00,168.00,164.00
7860,160.00,156.00,162.50
7885,160.00,164.00,161.54
7910,160.00,156.00,162.50
7936,164.00,164.00,164.00
7961,157.69,157.69,157.69
7986,156.00,156.00,156.00
8011,164.00,157.69,161.54
8036,150.00,162.50,156.00
8061,170.83,164.00,170.83
8086,156.00,156.00,156.00
8111,156.00,156.00,156.00
8136,168.00,161.54,164.00
8161,156.00,162.50,156.00
8186,164.00,161.54,164.00
8211,153.85,162.50,156.00
8236,156.00,156.00,153.85
8261,170.83,161.54,166.67
8286,160.00,162.50,160.00
8311,157.69,164.00,164.00
8336,162.50,156.00,156.00
8361,164.00,164.00,164.00
8386,156.00,150.00,156.00
8411,152.00,162.50,156.00
8436,168.00,164.00,164.00
8461,150.00,156.00,160.00
8486,170.83,164.00,157.69
8511,156.00,156.00,162.50
8536,156.00,156.00,153.85
8561,164.00,164.00,166.67
8586,156.00,160.00,160.00
8611,168.00,164.00,164.00
8636,156.00,156.00,156.00
8662,164.00,164.00,164.00
8687,151.85,157.69,157.69
8712,162.50,156.00,156.00
8737,164.00,164.00,164.00
8762,156.00,153.85,153.85
8787,164.00,164.00,166.67
8812,156.00,162.50,160.00
8837,156.00,153.85,150.00
8862,164.00,164.00,170.83
8887,153.85,162.50,156.00
8912,164.00,161.54,164.00
8937,162.50,162.50,156.00
8962,160.00,156.00,156.00
8987,164.00,164.00,161.54
9012,156.00,156.00,162.50
9037,164.00,164.00,164.00
9062,153.85,156.00,153.85
9088,170.83,164.00,166.67
9113,151.85,157.69,161.54
9138,162.50,152.00,156.00
9163,160.00,164.00,164.00
9188,153.85,156.00,150.00
9213,166.67,161.54,164.00
9238,160.00,162.50,162.50
9263,150.00,156.00,156.00
9288,170.83,168.00,164.00
9313,156.00,156.00,156.00
9338,164.00,164.00,164.00
9363,156.00,160.00,156.00
9388,156.00,156.00,160.00
9413,164.00,164.00,157.69
9438,156.00,156.00,162.50
9463,168.00,164.00,164.00
9488,156.00,160.00,156.00
9513,164.00,160.00,161.54
9538,150.00,160.00,156.00
9563,162.50,156.00,162.50
9588,164.00,164.00,161.54
9613,156.00,156.00,156.00
9638,168.00,164.00,170.83
9663,156.00,156.00,153.85
9688,156.00,156.00,156.00
9713,161.54,161.54,170.83
9738,162.50,162.50,156.00
9763,164.00,164.00,164.00
9788,156.00,160.00,156.00
9814,164.00,164.00,164.00
9839,157.69,157.69,151.85
9864,156.00,152.00,156.00
9889,160.00,164.00,164.00
9914,160.00,156.00,162.50
9939,164.00,161.54,164.00
9964,156.00,162.50,156.00
9989,156.00,156.00,150.00
10014,164.00,164.00,170.83
10039,156.00,153.85,156.00
10064,161.54,170.83,164.00
10089,162.50,153.85,153.85
10114,160.00,156.00,156.00
10139,164.00,170.83,170.83
10164,156.00,153.85,153.85
10189,164.00,164.00,166.67
10214,156.00,162.50,160.00
10240,164.00,164.00,151.85
10265,157.69,153.85,170.83
10290,160.00,156.00,156.00
10315,157.69,157.69,164.00
10340,162.50,162.50,156.00
10365,164.00,157.69,164.00
10390,156.00,162.50,156.00
10415,156.00,156.00,156.00
10440,164.00,164.00,157.69
10465,153.85,156.00,162.50
10490,164.00,164.00,164.00
10515,162.50,153.85,156.00
10540,153.85,156.00,156.00
10565,170.83,170.83,164.00
10590,156.00,160.00,160.00
10615,164.00,164.00,164.00
10640,156.00,156.00,156.00
10665,161.54,164.00,164.00
10690,158.33,156.00,156.00
10715,160.00,156.00,153.85
10740,164.00,164.00,166.67
10765,156.00,160.00,160.00
10790,157.69,157.69,164.00
10815,162.50,162.50,156.00
10840,156.00,156.00,160.00
10865,164.00,164.00,164.00
10890,156.00,153.85,156.00
10915,164.00,164.00,164.00
10940,156.00,162.50,156.00
10966,164.00,164.00,155.56
10991,157.69,157.69,164.00
11016,156.00,156.00,162.50
11041,168.00,164.00,164.00
11066,156.00,156.00,156.00
11091,164.00,164.00,161.54
11116,156.00,156.00,156.00
11141,153.85,156.00,162.50
11166,170.83,164.00,164.00
11191,153.85,156.00,156.00
11216,166.67,164.00,164.00
11241,160.00,160.00,156.00
11266,156.00,156.00,156.00
11291,164.00,164.00,164.00
11316,156.00,160.00,156.00
11341,164.00,164.00,164.00
11366,156.00,156.00,160.00
11392,164.00,164.00,160.00
11417,157.69,161.54,161.54
11442,156.00,150.00,150.00
11467,160.00,170.83,170.83
11492,160.00,156.00,156.00
11517,164.00,164.00,164.00
11542,156.00,156.00,156.00
11567,156.00,156.00,156.00
11592,164.00,168.00,161.54
11617,153.85,156.00,162.50
11642,164.00,164.00,164.00
11667,162.50,156.00,153.85
11692,160.00,156.00,156.00
11717,164.00,164.00,170.83
11742,156.00,156.00,153.85
11767,168.00,164.00,166.67
11792,156.00,156.00,160.00
11817,164.00,164.00,164.00
11842,156.00,156.00,156.00
11867,156.00,160.00,150.00
11892,164.00,164.00,170.83
11917,156.00,156.00,156.00
11942,164.00,164.00,164.00
11967,156.00,156.00,156.00
11992,153.85,160.00,156.00
12017,166.67,164.00,157.69
12042,160.00,156.00,162.50
12067,164.00,164.00,164.00
12092,156.00,156.00,156.00
12118,155.56,155.56,164.00
12143,164.00,170.83,157.69
12168,162.50,156.00,153.85
12193,161.54,161.54,164.00
12218,156.00,162.50,162.50
12243,170.83,164.00,164.00
12268,156.00,150.00,156.00
12293,156.00,156.00,153.85
12318,160.00,164.00,164.00
12343,160.00,162.50,162.50
12368,160.00,164.00,164.00
12393,160.00,156.00,156.00
12418,156.00,156.00,160.00
12443,164.00,164.00,160.00
12468,156.00,160.00,160.00
12493,164.00,164.00,164.00
12518,156.00,156.00,156.00
12544,164.00,160.00,151.85
12569,157.69,157.69,170.83
12594,156.00,156.00,156.00
12619,168.00,168.00,164.00
12644,156.00,156.00,156.00
12669,164.00,164.00,164.00
12694,156.00,156.00,160.00
12719,153.85,156.00,152.00
12744,170.83,164.00,168.00
12769,160.00,156.00,156.00
12794,157.69,168.00,164.00
12819,162.50,156.00,156.00
12844,156.00,153.85,156.00
12869,164.00,170.83,161.54
12894,153.85,153.85,162.50
12919,166.67,170.83,164.00
12944,160.00,156.00,160.00
12969,160.00,164.00,160.00
12994,160.00,156.00,160.00
13019,152.00,156.00,150.00
13044,164.00,164.00,170.83
13069,156.00,156.00,153.85
13094,161.54,164.00,166.67
13119,156.00,156.00,160.00
13144,162.50,156.00,156.00
13169,161.54,164.00,164.00
13194,162.50,156.00,156.00
13219,164.00,168.00,164.00
13244,156.00,156.00,156.00
13270,164.00,164.00,164.00
13295,157.69,157.69,151.85
13320,156.00,156.00,162.50
13345,164.00,164.00,157.69
13370,156.00,156.00,162.50
13395,157.69,161.54,164.00
13420,162.50,162.50,156.00
13445,156.00,156.00,156.00
13470,164.00,164.00,164.00
13495,160.00,156.00,160.00
13520,157.69,161.54,164.00
13545,162.50,162.50,156.00
13570,160.00,156.00,153.85
13595,164.00,164.00,166.67
13620,156.00,160.00,160.00
13645,164.00,164.00,164.00
13670,156.00,150.00,156.00
13696,155.56,170.83,168.00
13721,170.83,157.69,153.85
13746,156.00,156.00,160.00
13771,164.00,164.00,160.00
13796,156.00,156.00,160.00
13821,161.54,160.00,157.69
13846,158.33,153.85,162.50
13871,160.00,156.00,156.00
13896,157.69,170.83,164.00
13921,162.50,153.85,156.00
13946,164.00,170.83,164.00
13971,156.00,156.00,160.00
13996,156.00,153.85,156.00
14021,164.00,170.83,164.00
14046,160.00,156.00,153.85
14071,160.00,164.00,164.00
14096,160.00,156.00,162.50
14121,160.00,164.00,164.00
14146,160.00,156.00,156.00
14171,150.00,156.00,156.00
14196,170.83,164.00,164.00
14221,153.85,152.00,160.00
14246,170.83,168.00,157.69
14271,156.00,156.00,162.50
14296,153.85,156.00,156.00
14321,166.67,164.00,164.00
14346,160.00,156.00,153.85
14371,164.00,168.00,164.00
14396,156.00,153.85,162.50
14422,164.00,166.67,164.00
14447,157.69,161.54,157.69
14472,150.00,156.00,156.00
14497,170.83,164.00,164.00
14522,156.00,156.00,150.00
14547,164.00,164.00,170.83
14572,150.00,156.00,156.00
14597,162.50,156.00,156.00
14622,164.00,164.00,164.00
14647,156.00,156.00,156.00
14672,164.00,161.54,161.54
14697,156.00,156.00,156.00
14722,156.00,162.50,162.50
14747,164.00,168.00,161.54
14772,160.00,156.00,162.50
14797,164.00,164.00,164.00
14822,156.00,160.00,156.00
14848,155.56,160.00,164.00
14873,170.83,157.69,157.69
14898,156.00,156.00,156.00
14923,168.00,164.00,161.54
14948,150.00,156.00,158.33
14973,170.83,164.00,168.00
14998,156.00,156.00,150.00
15023,156.00,153.85,162.50
15048,164.00,170.83,164.00
15073,156.00,156.00,156.00
15098,157.69,161.54,164.00
15123,162.50,162.50,156.00
15148,156.00,156.00,160.00
15173,164.00,164.00,157.69
15198,153.85,156.00,162.50
15223,166.67,164.00,164.00
15248,160.00,160.00,153.85
15273,164.00,157.69,170.83
15298,156.00,162.50,156.00
15323,156.00,156.00,156.00
15348,164.00,164.00,164.00
15373,156.00,156.00,156.00
15398,164.00,157.69,164.00
15423,156.00,162.50,156.00
15448,156.00,156.00,160.00
15473,168.00,164.00,157.69
15498,156.00,160.00,162.50
15523,164.00,164.00,164.00
15548,153.85,156.00,156.00
15574,157.69,164.00,164.00
15599,170.83,157.69,157.69
15624,160.00,156.00,156.00
15649,160.00,164.00,164.00
15674,160.00,160.00,156.00
15699,160.00,157.69,164.00
15724,156.00,162.50,156.00
15749,156.00,156.00,156.00
15774,161.54,164.00,168.00
15799,156.00,153.85,156.00
15824,170.83,166.67,164.00
15849,156.00,160.00,160.00
15874,156.00,156.00,156.00
15899,168.00,164.00,164.00
15924,156.00,160.00,156.00
15949,164.00,157.69,164.00
15974,156.00,162.50,160.00
16000,164.00,164.00,151.85
16025,153.85,157.69,170.83
16050,160.00,150.00,156.00
16075,157.69,170.83,164.00
16100,162.50,156.00,160.00
16125,164.00,164.00,160.00
16150,156.00,156.00,160.00
16175,160.00,156.00,150.00
16200,164.00,164.00,164.00
16225,156.00,153.85,162.50
16250,164.00,170.83,164.00
16275,156.00,156.00,156.00
16300,160.00,156.00,156.00
16325,164.00,161.54,164.00
16350,156.00,162.50,156.00
16375,164.00,164.00,161.54
16400,156.00,156.00,156.00
16425,164.00,164.00,170.83
16450,156.00,156.00,153.85
16475,160.00,156.00,158.33
16500,157.69,157.69,168.00
16525,162.50,162.50,156.00
16550,164.00,164.00,164.00
16575,156.00,153.85,156.00
16600,153.85,162.50,156.00
16625,170.83,161.54,164.00
16650,156.00,162.50,156.00
16675,164.00,164.00,161.54
16700,156.00,156.00,162.50
16726,168.00,164.00,164.00
16751,153.85,157.69,157.69
16776,156.00,156.00,156.00
16801,164.00,157.69,157.69
16826,160.00,162.50,162.50
16851,160.00,164.00,164.00
16876,160.00,156.00,156.00
16901,156.00,156.00,160.00
16926,164.00,164.00,157.69
16951,156.00,160.00,162.50
16976,164.00,164.00,164.00
17001,156.00,156.00,156.00
17026,156.00,156.00,153.85
17051,161.54,161.54,164.00
17076,162.50,162.50,162.50
17101,168.00,164.00,164.00
17126,156.00,153.85,153.85
17152,164.00,170.83,170.83
17177,157.69,157.69,157.69
17202,156.00,156.00,156.00
17227,164.00,160.00,160.00
17252,153.85,153.85,160.00
17277,166.67,166.67,160.00
17302,160.00,160.00,156.00
17327,156.00,150.00,156.00
17352,164.00,170.83,164.00
17377,156.00,156.00,156.00
17402,164.00,164.00,168.00
17427,156.00,156.00,156.00
17452,156.00,156.00,156.00
17477,164.00,168.00,161.54
17502,156.00,156.00,162.50
17527,168.00,164.00,164.00
17552,156.00,156.00,153.85
17577,164.00,164.00,164.00
17602,156.00,156.00,162.50
17627,156.00,153.85,153.85
17652,161.54,170.83,164.00
17677,162.50,156.00,162.50
17702,164.00,164.00,164.00
17727,156.00,156.00,156.00
17752,156.00,153.85,160.00
17777,168.00,170.83,160.00
17802,156.00,156.00,160.00
17827,164.00,164.00,160.00
17852,160.00,160.00,156.00
17878,160.00,160.00,164.00
17903,157.69,157.69,157.69
17928,156.00,156.00,156.00
17953,164.00,157.69,161.54
17978,156.00,162.50,156.00
18003,164.00,164.00,170.83
18028,156.00,156.00,156.00
18053,160.00,156.00,156.00
18078,164.00,164.00,164.00
18103,156.00,156.00,156.00
18128,164.00,164.00,164.00
18153,160.00,160.00,153.85
18178,156.00,156.00,162.50
18203,164.00,164.00,164.00
18228,160.00,160.00,153.85
18253,164.00,157.69,170.83
18278,156.00,162.50,156.00
18304,164.00,155.56,164.00
18329,151.85,170.83,157.69
18354,162.50,156.00,156.00
18379,164.00,164.00,164.00
18404,156.00,156.00,156.00
18429,157.69,161.54,164.00
18454,162.50,156.00,156.00
18479,156.00,162.50,156.00
18504,164.00,164.00,164.00
18529,160.00,156.00,160.00
18554,157.69,164.00,157.69
18579,162.50,156.00,162.50
18604,156.00,150.00,156.00
18629,164.00,170.83,164.00
18654,160.00,156.00,160.00
18679,164.00,164.00,164.00
18704,156.00,160.00,156.00
18729,164.00,164.00,164.00
18754,156.00,156.00,156.00
18779,156.00,156.00,160.00
18804,164.00,164.00,157.69
18829,156.00,156.00,162.50
18854,164.00,164.00,164.00
18879,160.00,156.00,156.00
18904,156.00,156.00,153.85
18929,164.00,164.00,166.67
18954,156.00,160.00,160.00
18979,164.00,164.00,164.00
19004,160.00,153.85,156.00
19030,164.00,166.67,164.00
19055,157.69,161.54,157.69
19080,150.00,156.00,156.00
19105,170.83,164.00,164.00
19130,156.00,156.00,156.00
19155,164.00,164.00,164.00
19180,160.00,156.00,156.00
19205,156.00,156.00,156.00
19230,164.00,164.00,161.54
19255,156.00,156.00,156.00
19280,164.00,168.00,170.83
19305,160.00,156.00,160.00
19330,150.00,156.00,156.00
19355,170.83,161.54,164.00
19380,156.00,162.50,156.00
19405,164.00,164.00,164.00
19430,160.00,156.00,160.00
19456,164.00,164.00,151.85
19481,157.69,157.69,170.83
19506,152.00,156.00,156.00
19531,161.54,164.00,164.00
19556,156.00,156.00,153.85
19581,170.83,164.00,166.67
19606,156.00,156.00,160.00
19631,156.00,156.00,150.00
19656,164.00,164.00,170.83
19681,156.00,160.00,156.00
19706,168.00,164.00,164.00
19731,156.00,153.85,156.00
19756,156.00,162.50,156.00
19781,164.00,168.00,157.69
19806,153.85,156.00,162.50
19831,170.83,164.00,164.00
19856,156.00,156.00,156.00
19881,164.00,164.00,164.00
19906,156.00,156.00,156.00
19931,156.00,156.00,156.00
19956,164.00,164.00,164.00
19981,156.00,156.00,160.00
20006,164.00,164.00,164.00
20031,156.00,156.00,156.00
20056,156.00,156.00,160.00
20081,164.00,164.00,164.00
20106,160.00,160.00,156.00
20131,164.00,164.00,164.00
20156,156.00,156.00,156.00
20182,164.00,164.00,164.00
20207,157.69,157.69,157.69
20232,156.00,160.00,160.00
20257,164.00,157.69,157.69
20282,160.00,162.50,162.50
20307,157.69,164.00,164.00
20332,162.50,156.00,156.00
20357,156.00,156.00,153.85
20382,164.00,164.00,166.67
20407,160.00,160.00,160.00
20432,164.00,164.00,164.00
20457,156.00,156.00,156.00
20482,156.00,153.85,156.00
20507,164.00,164.00,164.00
20532,153.85,162.50,160.00
20557,166.67,168.00,157.69
20582,160.00,156.00,162.50
20608,164.00,164.00,164.00
20633,157.69,153.85,157.69
20658,156.00,156.00,156.00
20683,164.00,164.00,164.00
20708,156.00,156.00,156.00
20733,164.00,164.00,164.00
20758,156.00,156.00,156.00
20783,156.00,156.00,156.00
20808,161.54,164.00,161.54
20833,162.50,153.85,162.50
20858,164.00,170.83,164.00
20883,153.85,153.85,153.85
20908,156.00,162.50,156.00
20933,170.83,164.00,170.83
20958,160.00,160.00,160.00
20983,164.00,160.00,157.69
