*9.43,7.ÿ
MotorSpeedMeasurement
1000,0,0,0
1025,0.00,0.00,0.00
1050,0.01,0.03,0.03
1075,4.91,4.55,2.66
1100,7.37,7.78,4.46
1125,8.65,8.33,5.47
1150,8.91,9.09,6.12
1175,8.86,9.21,6.77
1201,9.24,9.25,6.93
1225,9.29,9.27,6.99
1250,9.38,9.32,7.23
1276,9.32,9.25,7.28
1300,9.39,9.33,7.24
1325,9.38,9.28,7.60
1350,9.34,9.31,7.74
1375,9.36,9.40,7.49
1400,9.43,9.30,7.48
1426,9.31,9.33,7.39
1451,9.39,9.33,7.93
1476,9.34,9.28,7.58
1502,9.39,9.35,7.46
1527,9.71,9.36,7.90
1552,9.00,9.26,7.58
1576,9.63,9.35,7.54
1602,9.08,9.30,7.43
1627,9.38,9.46,7.63
1652,9.42,9.28,8.00
1676,9.41,9.44,7.59
1701,9.68,9.24,7.42
1727,9.14,9.47,7.92
1751,9.34,9.34,7.64
1776,9.73,9.25,7.51
1801,9.09,9.34,7.43
1826,9.63,9.27,7.97
1851,9.41,9.28,7.55
1876,9.40,9.42,7.61
1901,9.31,9.32,7.41
1926,9.09,9.34,7.94
1951,9.74,9.36,7.51
1976,9.42,9.30,7.66
2001,9.44,9.36,7.57
2027,9.39,9.39,7.89
2051,9.36,8.97,7.53
2076,9.38,9.72,7.48
2101,9.33,8.93,7.75
2126,9.37,9.66,7.91
2151,9.40,9.04,7.56
2176,8.98,9.43,7.45
2202,9.73,9.25,7.92
2226,9.41,9.55,7.61
2251,9.31,9.19,7.59
2276,9.37,9.36,7.45
2301,9.33,9.26,7.88
2326,9.31,9.47,7.60
2351,9.03,9.39,7.65
2377,9.63,9.29,7.42
2402,9.12,9.25,7.94
2426,9.70,9.41,7.57
2452,9.34,9.34,7.46
2476,9.07,9.34,7.64
2501,9.70,9.37,7.98
2526,9.09,9.22,7.56
2551,9.72,9.32,7.40
2577,9.41,9.29,7.74
2603,9.32,9.22,7.79
2626,9.34,9.45,7.56
2651,8.97,9.28,7.42
2676,9.64,9.34,7.95
2701,9.07,9.34,7.61
2726,9.63,9.24,7.47
2752,9.09,9.31,7.44
2777,9.39,9.43,7.72
2801,9.70,9.15,7.91
2826,9.15,9.42,7.58
2851,9.65,9.21,7.47
2876,9.35,9.40,7.92
2902,9.34,9.32,7.52
2927,9.28,9.15,7.45
2953,9.33,9.41,7.72
2978,9.38,9.25,7.94
3002,9.28,9.37,7.61
3027,9.35,9.28,7.41
3052,9.35,9.36,7.91
3078,9.00,9.26,7.64
3102,9.66,9.27,7.52
3128,9.02,9.33,7.44
3152,9.65,9.27,7.91
3177,9.08,8.98,7.62
3202,9.33,9.44,7.61
3228,9.69,9.22,7.43
3253,9.06,9.52,7.98
3277,9.61,9.16,7.58
3303,9.04,9.43,7.56
3329,9.29,9.25,7.50
3353,9.54,9.23,7.82
3378,8.92,9.36,7.65
3403,9.05,9.32,7.43
3428,9.12,9.44,7.95
3453,9.23,9.23,7.52
3478,9.30,9.42,7.58
3503,9.29,9.26,7.41
3528,9.29,9.38,7.95
3553,9.28,9.31,7.64
3578,9.38,9.23,7.48
3603,9.35,9.35,7.43
3629,9.34,9.39,7.96
3654,9.38,9.18,7.52
3679,9.26,9.38,7.66
3704,9.31,9.25,7.50
3728,9.53,9.31,7.89
3753,9.15,9.26,7.59
3778,9.51,9.32,7.48
3803,9.34,9.33,7.69
3829,9.28,9.28,7.95
3853,9.32,9.34,7.62
3878,9.38,9.33,7.43
3904,9.27,9.37,7.59
3928,9.35,9.24,7.94
3953,9.35,9.33,7.54
3978,9.30,9.24,7.42
4003,9.38,9.27,7.96
4028,9.36,9.34,7.58
4055,9.32,9.29,7.46
4080,9.34,9.33,7.68
4104,9.28,9.34,7.97
4129,9.32,9.24,7.57
4154,9.37,9.33,7.42
4179,9.27,9.26,7.96
4205,9.33,8.97,7.54
4229,9.33,9.34,7.54
4254,9.29,9.71,7.46
4280,9.08,9.01,7.99
4304,9.63,9.68,7.55
4330,9.38,8.99,7.62
4355,9.06,9.40,7.49
4379,9.63,9.71,8.01
4405,9.10,8.93,7.56
4429,9.69,9.27,7.44
4455,9.01,9.47,7.74
4481,9.71,9.22,7.78
4506,9.38,9.69,7.49
4531,9.28,8.91,7.79
4556,9.35,9.72,7.90
4580,9.32,9.05,7.53
4606,9.29,9.71,7.49
4630,9.32,9.08,8.02
4656,8.96,9.47,7.66
4680,9.63,9.24,7.57
4705,9.06,9.37,7.47
4730,9.60,9.69,7.92
4756,9.07,8.99,7.53
4780,9.45,9.44,7.70
4805,9.30,9.19,7.51
4831,9.44,9.53,7.95
4855,9.68,9.23,7.63
4881,9.03,9.46,7.45
4907,9.67,9.27,7.96
4931,9.02,9.46,7.59
4955,9.38,9.30,7.64
4981,9.69,9.44,7.45
5006,8.96,9.38,7.90
5031,9.35,9.26,7.62
5055,9.33,9.50,7.62
5080,9.34,9.36,7.44
5105,9.27,9.36,7.99
5130,9.32,9.42,7.57
5156,9.27,9.27,7.41
5181,9.31,9.38,7.66
5207,9.30,9.36,7.95
5232,9.26,9.21,7.52
5257,9.35,9.53,7.40
5282,9.34,9.17,7.95
5306,9.35,9.47,7.54
5332,9.39,9.29,7.41
5357,9.26,9.46,7.78
5381,9.31,9.35,7.92
5406,9.40,9.41,7.51
5431,9.35,9.26,7.47
5456,9.38,9.27,8.01
5481,9.34,9.50,7.67
5506,9.45,9.34,7.50
5531,9.20,9.44,7.46
5556,9.46,9.36,7.73
5581,9.26,9.29,7.80
5606,9.50,9.41,7.67
5632,9.27,9.34,7.52
5657,9.37,9.22,7.92
5682,9.45,9.52,7.56
5708,9.36,9.16,7.47
5733,9.40,9.46,7.99
5758,9.36,9.15,7.55
5783,9.31,9.48,7.69
5807,9.38,9.42,7.47
5832,9.37,9.34,7.99
5857,9.38,9.26,7.61
5882,9.42,9.39,7.49
5908,9.29,9.33,7.70
5932,9.33,9.33,7.96
