7211,50þ
MotorSpeedMeasurement
1000,0,0,0
1026,6.20,5.81,4.13
1051,0.45,0.47,0.33
1076,34.47,35.32,31.84
1101,51.84,52.63,49.01
1126,64.05,65.41,61.45
1152,71.25,72.47,67.52
1176,72.63,74.05,69.02
1201,72.31,73.37,68.57
1226,71.31,71.47,66.75
1251,69.53,69.78,65.94
1276,67.71,68.12,64.21
1301,66.40,66.28,62.82
1326,65.06,64.70,61.66
1351,63.80,62.89,60.33
1376,62.82,61.90,59.48
1401,61.05,60.69,58.74
1426,60.57,59.35,57.70
1452,58.98,58.05,56.98
1477,58.54,57.37,56.08
1502,57.48,56.74,55.89
1527,57.03,56.17,55.06
1552,56.62,55.61,54.68
1577,55.66,54.99,54.41
1602,55.41,54.88,53.66
1627,55.40,54.69,54.02
1652,54.60,54.43,53.43
1677,54.52,54.02,53.19
1702,54.34,54.11,53.31
1727,54.28,53.60,52.88
1752,53.69,53.87,52.80
1777,53.80,53.44,52.63
1802,53.47,53.60,52.50
1827,53.68,53.10,52.36
1852,53.13,53.01,52.21
1878,52.96,52.94,52.24
1902,52.87,53.12,51.75
1927,52.73,52.82,51.89
1952,52.87,52.03,51.97
1977,52.49,53.06,51.94
2002,52.04,52.50,51.59
2027,52.11,52.41,51.73
2052,52.18,51.95,51.23
2077,52.15,52.16,51.52
2102,51.98,51.98,51.18
2127,51.72,52.09,51.52
2152,52.03,51.59,50.92
2177,52.01,51.81,51.44
2202,51.49,51.81,51.04
2227,51.76,51.40,50.98
2252,51.72,51.63,51.29
2277,51.28,51.09,50.84
2302,51.57,51.57,51.27
2327,51.04,51.11,50.86
2352,51.48,51.33,50.71
2377,50.99,51.01,50.88
2402,51.01,51.32,51.02
2427,51.31,51.02,50.70
2452,50.94,50.88,50.55
2477,51.15,51.19,50.94
2502,50.28,50.85,50.70
2527,51.36,50.69,50.60
2552,50.92,51.09,50.64
2577,51.11,50.71,50.34
2603,50.88,50.75,50.60
2627,50.66,50.57,50.82
2652,50.99,50.52,50.55
2677,50.73,51.05,50.50
2702,50.49,50.60,50.34
2727,50.64,50.65,50.46
2752,50.51,50.52,50.45
2777,50.85,50.31,50.28
2802,50.54,50.85,50.43
2827,50.50,50.44,50.47
2852,50.27,50.47,50.42
2877,50.36,50.28,50.63
2903,50.39,50.40,50.34
2928,50.44,50.40,50.29
2953,50.40,50.45,50.25
2978,50.44,50.39,50.27
3003,50.38,50.29,50.28
3028,50.43,50.36,50.27
3053,50.75,50.34,50.24
3078,50.38,50.22,50.15
3103,50.34,50.33,50.22
3128,50.21,50.65,50.23
3153,50.20,50.09,50.26
3178,50.16,50.62,50.10
3203,50.22,50.30,50.17
3228,50.23,50.28,50.25
3253,50.13,50.09,50.09
3278,50.41,50.31,49.76
3303,50.11,50.17,50.61
3329,50.28,50.15,50.32
3354,50.36,50.10,50.24
3379,50.10,50.16,50.17
3404,50.32,49.74,50.10
3429,50.17,50.17,50.12
3454,50.13,50.20,50.09
3479,50.13,50.06,49.81
3504,50.06,50.92,50.37
3529,50.05,50.35,49.88
3554,50.08,50.28,50.14
3579,49.77,50.16,50.09
3604,50.05,50.07,50.17
3629,50.10,50.03,50.10
3654,50.08,49.75,50.03
3679,50.12,49.99,50.03
3704,50.17,50.13,50.06
3729,50.17,50.12,50.27
3755,50.20,50.19,50.08
3779,50.19,50.17,50.08
3804,50.13,50.17,50.05
3829,50.17,50.07,50.03
3854,50.11,50.09,50.04
3879,50.10,50.09,50.16
3904,50.09,50.03,49.99
3929,50.04,50.04,50.02
3954,50.05,50.00,49.71
3979,49.96,49.97,49.96
4004,50.17,50.12,49.95
4029,49.96,50.02,49.99
4055,50.00,50.03,50.28
4080,49.72,49.13,50.09
4105,50.02,50.59,50.06
4130,50.02,50.15,50.04
4155,50.11,50.26,50.03
4180,50.13,50.14,50.11
4205,50.12,50.13,49.97
4230,50.13,50.10,50.02
4255,50.09,50.06,49.97
4280,50.10,50.08,49.77
4305,50.16,50.06,49.99
4330,50.06,50.05,50.04
4355,49.99,50.07,50.11
4380,50.18,50.03,50.08
4405,49.95,50.07,50.01
4430,49.96,50.13,50.24
4455,49.99,49.99,50.00
4481,49.69,50.02,50.00
4506,50.02,49.75,50.07
4531,50.08,49.99,50.00
4556,50.11,50.06,49.99
4581,50.12,50.05,50.03
4606,50.25,50.22,49.83
4631,50.08,50.06,49.95
4656,50.04,50.03,50.03
4681,50.00,49.99,50.03
4706,49.98,50.00,50.07
4731,50.10,50.11,50.24
4756,50.01,50.04,50.00
4781,50.02,49.98,50.07
4806,50.01,49.63,50.01
4831,50.04,50.01,50.02
4856,49.74,50.13,50.13
4881,49.99,50.12,50.02
4907,49.95,50.06,50.02
4931,50.08,50.00,50.00
4956,49.99,49.95,49.98
4981,50.00,50.13,49.69
5006,50.07,50.00,49.95
5031,50.19,50.09,50.21
5056,49.96,49.91,49.86
5081,50.21,50.10,50.08
5106,50.04,49.99,50.24
5131,49.95,49.99,50.10
5156,49.70,49.80,50.06
5181,49.91,49.95,49.99
5207,50.02,49.96,50.11
5232,50.13,50.06,49.96
5257,49.44,50.01,49.67
5282,50.73,50.15,49.93
5307,50.21,50.02,49.90
5332,50.24,50.03,50.21
5357,50.13,49.99,50.01
5382,50.07,50.00,50.04
5407,50.03,49.72,49.99
5432,49.95,50.04,49.99
5457,50.09,50.09,50.08
5482,49.95,50.05,50.00
5507,49.63,50.08,49.93
5532,50.02,50.06,49.74
5557,50.05,50.07,49.96
5582,50.08,50.13,50.00
5607,50.11,50.05,50.11
5633,50.09,50.06,50.10
5658,50.18,50.19,50.24
5683,50.08,50.00,50.10
5708,50.03,49.98,50.06
5733,50.22,50.01,50.03
5758,50.01,49.75,49.43
5783,49.95,49.99,50.65
5808,49.97,49.97,50.02
5833,49.60,50.07,50.07
5858,49.95,50.06,50.00
5883,49.98,50.18,49.80
5908,49.96,49.99,50.02
5933,50.05,49.99,49.94
