
MotorSpeedMeasurement
1000,0,0,0
1025,0.00,0.00,0.00
1050,0.00,0.00,0.00
1075,0.00,-0.01,0.00
1100,0.00,0.34,0.00
1125,0.00,0.00,0.00
1150,0.00,0.00,0.00
1175,0.00,0.00,0.00
1200,0.00,0.00,0.00
1225,0.00,0.00,0.00
1250,0.00,0.00,0.00
1275,0.00,0.00,0.00
1300,0.00,0.00,0.00
1325,0.00,0.00,0.00
1350,0.00,0.00,0.00
1375,0.00,0.00,0.00
1400,0.00,0.00,0.00
1425,0.00,0.00,0.00
1451,0.00,0.00,0.00
1476,0.00,0.00,0.00
1501,0.00,0.00,0.00
1526,0.00,0.00,0.00
1551,0.00,0.00,0.00
1576,0.00,0.00,0.00
1601,0.00,0.00,0.00
1626,0.00,0.00,0.00
1651,0.00,0.00,0.00
1676,0.00,0.00,0.00
1701,0.00,0.00,0.00
1726,0.00,0.00,0.00
1751,0.00,0.00,0.00
1776,0.00,0.00,0.00
1801,0.00,0.00,0.00
1826,0.00,0.00,0.00
1851,0.00,0.00,0.00
1876,0.00,0.00,0.00
1901,0.00,0.02,0.00
1926,0.00,0.00,0.00
1951,0.00,0.00,0.00
1976,0.00,0.00,0.00
2001,0.00,0.00,0.00
2026,0.00,0.00,0.00
2051,0.00,0.00,0.00
2076,0.00,0.00,0.00
2101,0.00,0.00,0.00
2126,0.00,0.00,0.00
2151,-0.01,0.00,0.00
2176,0.00,0.00,0.00
2201,0.00,0.00,0.00
2226,0.00,0.00,0.00
2251,0.00,0.00,0.00
2276,0.00,0.00,0.00
2301,0.00,0.00,0.00
2326,0.00,0.00,0.00
2351,0.00,0.00,0.00
2376,0.06,0.00,0.00
2401,1.24,0.00,0.00
2426,1.75,0.00,0.00
2451,1.31,0.00,0.00
2476,2.23,0.00,0.00
2501,2.04,0.00,0.00
2526,2.26,0.00,0.00
2551,2.29,0.00,0.00
2576,2.58,0.00,0.00
2601,2.43,0.00,0.00
2626,2.75,0.00,0.00
2651,3.20,0.00,0.00
2676,2.78,0.00,0.00
2701,3.02,0.00,0.00
2726,3.63,0.00,0.00
2751,3.27,0.00,0.00
2776,3.64,0.00,0.00
2801,3.35,0.00,0.00
2826,4.08,0.00,0.00
2851,3.53,0.00,0.00
2876,4.00,0.00,0.00
2902,4.21,0.00,0.00
2927,4.14,0.00,0.00
2952,3.93,0.00,0.00
2977,4.24,0.00,0.00
3002,4.46,0.00,0.00
3027,4.31,0.00,0.00
3052,4.56,0.00,0.00
3077,4.43,0.00,0.00
3102,4.44,0.00,0.00
3127,4.16,0.00,0.00
3152,4.44,0.00,0.00
3177,4.51,0.00,0.00
3202,4.56,0.00,0.00
3227,4.57,0.00,0.00
3252,4.63,0.00,0.00
3277,4.71,0.00,0.00
3302,4.62,0.00,0.00
3328,4.72,0.00,0.00
3353,4.76,0.00,0.00
3378,4.81,0.00,0.00
3403,4.85,0.00,0.00
3428,4.84,0.00,0.00
3453,5.20,0.01,0.00
3478,4.98,0.84,0.00
3503,4.97,1.78,0.00
3528,4.87,1.39,0.00
3553,4.98,1.19,0.00
3578,4.88,1.64,0.00
3603,5.08,1.70,0.00
3628,5.34,1.56,0.00
3653,5.12,2.07,0.00
3678,4.97,2.14,0.00
3703,5.01,2.18,0.00
3728,5.20,2.43,0.00
3753,5.48,2.59,0.00
3778,5.24,3.00,0.00
3803,5.08,2.86,0.00
3828,5.12,2.91,0.00
3853,5.59,2.92,0.00
3878,5.19,3.66,0.00
3903,5.30,3.36,0.00
3928,5.20,3.72,0.00
3953,5.56,3.87,0.00
3978,5.23,3.76,0.00
4003,5.22,4.12,0.00
4028,5.39,4.26,0.00
4054,5.50,4.21,0.00
4079,5.32,3.92,0.00
4104,5.42,4.48,0.00
4129,5.56,4.52,0.00
4154,5.38,4.55,0.00
4179,5.32,4.55,0.00
4204,5.76,4.75,0.00
4229,5.30,4.70,0.00
4254,5.29,4.66,0.00
4279,5.69,4.82,0.00
4304,5.16,4.85,0.00
4329,5.24,4.90,0.00
4354,5.29,4.91,0.00
4379,5.59,5.21,0.00
4404,5.03,5.12,0.00
4429,4.98,4.95,0.00
4454,5.06,5.12,0.00
4480,4.83,5.03,0.00
4505,4.67,5.44,0.00
4530,4.69,5.24,0.00
4555,4.55,5.18,0.00
4580,4.63,5.32,0.00
4605,4.63,5.55,0.00
4630,4.68,5.35,0.00
4655,4.71,5.35,0.00
4680,4.74,5.69,0.00
4705,4.68,5.35,0.00
4730,4.77,5.33,0.00
4755,4.82,5.92,0.00
4780,4.83,5.42,0.00
4805,5.15,5.78,0.00
4830,4.81,5.53,0.00
4855,4.87,5.55,0.00
4880,4.89,5.87,0.00
4905,4.76,5.60,0.00
4930,4.92,5.96,0.00
4955,4.88,5.52,0.00
4980,4.87,6.08,0.00
5005,4.95,5.64,0.00
5030,5.28,6.01,0.00
5055,5.06,5.74,0.00
5080,5.01,5.97,0.00
5105,4.90,5.74,0.00
5130,5.11,6.14,0.00
5155,4.94,5.63,0.00
5180,5.09,6.06,0.00
5206,5.40,5.72,0.00
5231,4.94,6.09,0.00
5256,5.15,5.68,0.00
5281,4.99,6.02,0.00
5306,5.16,5.81,0.00
5331,5.48,6.02,0.00
5356,5.00,5.68,0.00
5381,5.23,6.26,0.00
5406,5.06,6.07,0.00
5431,5.53,5.95,0.00
5456,5.21,6.10,0.00
5481,5.06,5.77,0.00
5506,5.12,6.24,0.00
5531,5.28,5.90,0.00
5556,5.58,6.13,0.00
5581,5.04,6.19,0.00
5606,5.17,5.82,0.00
5632,5.25,6.26,0.00
5657,5.57,5.86,0.00
5682,5.12,6.39,0.00
5707,5.16,6.21,0.00
5732,5.51,5.94,0.00
5757,5.15,6.22,0.00
5782,5.26,6.23,0.00
5807,5.22,6.00,0.00
5832,5.45,6.22,0.00
5857,5.28,5.95,0.00
5882,5.16,6.19,0.00
5907,5.16,6.27,0.00
5932,5.56,5.92,0.00
