
MotorSpeedMeasurement
1000,0,0,0
1025,28.27,33.38,27.40
1051,19.48,25.08,18.93
1076,40.78,44.98,39.66
1101,56.75,60.26,54.68
1126,68.90,71.77,66.65
1152,77.67,80.78,75.40
1176,84.47,87.83,81.98
1201,90.21,92.97,87.76
1226,94.25,97.38,91.87
1251,97.64,100.39,94.65
1276,100.25,102.75,98.63
1301,101.76,103.36,99.97
1326,102.32,103.80,101.99
1351,102.19,103.44,102.39
1376,102.52,103.45,101.61
1401,102.52,103.40,101.13
1426,102.61,103.65,101.15
1452,102.70,103.35,100.81
1477,102.39,103.41,100.65
1502,102.47,103.59,100.39
1527,102.19,103.31,100.61
1552,101.81,103.28,100.58
1577,103.29,102.80,100.72
1602,102.72,104.39,100.67
1627,102.52,103.23,100.78
1652,102.50,103.22,100.14
1677,102.61,103.51,101.16
1702,102.44,103.36,101.20
1727,102.71,103.31,101.34
1752,102.45,103.24,101.16
1777,102.52,103.74,100.83
1802,102.21,103.45,100.64
1827,102.57,103.33,100.49
1852,102.55,103.58,100.31
1878,101.99,103.44,100.87
1902,103.30,103.27,101.53
1927,102.54,103.68,100.86
1952,102.62,103.43,100.77
1977,102.57,103.14,100.41
2002,102.42,103.38,100.66
2027,102.54,103.71,101.02
2052,102.49,103.35,100.54
2077,102.60,103.38,100.65
2102,102.52,103.70,100.41
2127,102.25,103.29,100.63
2152,102.50,103.30,100.71
2177,103.02,103.56,100.45
2202,102.32,103.25,100.61
2227,102.54,103.32,100.70
2252,102.53,103.51,100.56
2277,102.73,103.62,100.80
2302,102.58,103.38,100.21
2327,102.52,103.30,101.04
2352,102.54,103.49,100.84
2377,102.71,103.41,101.04
2402,102.50,103.32,101.10
2427,102.52,103.62,100.61
2452,102.60,103.37,100.48
2477,102.49,103.28,100.41
2502,102.33,103.38,100.72
2527,102.70,103.66,100.78
2552,102.63,103.38,100.61
2577,102.62,103.40,100.43
2603,102.60,103.59,100.65
2627,102.57,103.35,100.56
2652,102.55,103.25,100.81
2677,102.63,103.12,100.31
2702,102.52,103.97,100.98
2727,102.76,103.55,100.87
2752,102.37,103.63,100.54
2777,102.47,103.21,100.80
2802,102.79,103.42,100.54
2827,102.64,103.66,100.60
2852,102.19,103.36,100.78
2877,102.95,103.28,100.41
2903,102.38,103.51,100.18
2928,102.62,103.57,101.50
2953,102.48,103.42,101.43
2978,102.67,103.40,101.68
3003,102.57,103.52,100.93
3028,102.79,103.50,100.94
3053,102.60,103.23,100.54
3078,102.47,103.22,100.54
3103,102.68,103.76,100.71
3128,102.62,103.39,100.85
3153,102.63,103.36,100.25
3178,102.19,103.73,101.04
3203,102.92,103.35,100.80
3228,102.63,103.26,100.96
3253,102.26,103.73,100.99
3278,102.67,103.36,100.52
3303,102.65,103.25,100.41
3329,102.64,103.34,100.71
3354,102.73,103.66,100.76
3379,102.60,103.47,100.52
3404,102.50,103.29,100.54
3429,102.60,103.59,100.59
3454,102.78,103.37,100.58
3479,102.57,103.33,100.50
3504,102.50,103.12,100.32
3529,102.56,103.89,100.87
3554,102.60,103.22,101.23
3579,102.27,103.42,100.77
3604,102.61,103.58,100.55
3629,102.72,103.37,100.54
3654,102.29,103.33,100.49
3679,103.01,103.22,100.64
3704,102.60,103.86,100.37
3729,102.54,103.17,100.80
3755,102.58,103.40,101.06
3779,102.66,103.59,100.66
3804,102.59,103.20,100.47
3829,102.60,103.42,100.65
3854,102.60,103.35,99.94
3879,102.62,103.72,101.73
3904,102.55,103.28,101.97
3929,102.62,103.66,101.88
3954,102.73,103.35,101.15
3979,102.55,103.25,100.76
4004,102.58,103.21,100.60
4029,102.64,103.66,100.32
4055,102.25,102.80,100.72
4080,102.66,104.06,101.03
4105,102.69,103.92,100.95
4130,102.67,103.37,100.57
4155,102.62,103.16,100.51
4180,102.58,103.37,100.54
4205,102.50,103.70,100.44
4230,102.62,103.29,100.64
4255,102.60,103.30,100.65
4280,102.71,103.73,100.54
4305,102.53,103.23,100.43
4330,102.57,103.37,100.44
4355,102.54,103.49,101.13
4380,102.26,103.43,100.80
4405,102.97,103.17,100.57
4430,102.35,103.42,100.61
4455,102.57,103.66,100.36
4481,102.56,103.30,100.70
4506,102.75,103.31,100.69
4531,102.48,103.16,100.45
4556,102.68,103.81,100.55
4581,102.60,103.28,100.63
4606,102.73,103.23,100.58
4631,102.50,103.33,100.26
4656,102.65,103.64,101.10
4681,102.52,103.47,101.15
4706,102.55,103.07,100.83
4731,102.26,103.67,100.72
4756,102.55,103.28,100.31
4781,103.02,103.18,100.73
4806,102.32,103.38,100.98
4831,102.45,103.07,100.99
4856,102.69,103.99,100.57
4881,102.50,103.76,100.32
4907,102.65,103.40,100.60
4931,102.57,103.25,100.75
4956,102.55,103.27,100.78
4981,102.57,103.61,100.58
5006,102.60,103.33,100.50
5031,102.52,103.28,100.47
5056,102.44,103.68,100.85
5081,102.17,103.33,100.48
5106,102.58,103.40,100.43
5131,102.69,103.40,100.69
5156,102.60,103.59,100.64
5181,102.62,103.33,100.59
5207,102.71,103.31,100.50
5232,102.60,103.33,100.47
5257,102.49,103.05,100.64
5282,102.52,104.03,100.57
5307,102.45,103.78,100.31
5332,102.28,103.35,100.88
5357,102.60,103.12,101.25
5382,102.54,103.25,100.73
5407,102.65,103.45,100.73
5432,102.59,103.52,100.39
5457,102.67,103.45,100.54
5482,102.54,103.30,100.78
5507,102.54,103.63,100.50
5532,102.52,103.29,100.59
5557,102.57,103.32,101.01
5582,102.75,103.67,100.61
5607,102.49,103.22,100.41
5633,102.56,103.43,100.49
5658,102.28,103.28,100.69
5683,102.49,103.70,100.52
5708,102.67,103.23,100.72
5733,102.65,103.22,100.44
5758,102.65,103.43,100.59
5783,102.50,103.70,100.50
5808,102.44,103.25,100.39
5833,102.60,103.31,100.79
5858,102.71,103.75,100.98
5883,102.53,103.34,101.00
5908,102.52,103.25,100.56
5933,102.49,103.56,100.31
