
MotorSpeedMeasurement
1000,0,0,0
1025,0.00,inf,0.00
1050,0.08,0.00,0.11
1075,15.04,0.00,11.85
1100,19.49,0.00,14.74
1125,14.27,0.00,13.31
1150,8.60,0.00,11.72
1175,8.48,0.00,11.13
1200,9.24,0.00,10.03
1225,9.50,0.00,9.24
1250,9.76,0.00,9.39
1275,9.89,0.00,8.95
1300,10.20,0.00,8.99
1325,9.66,0.00,8.64
1350,9.45,0.00,8.86
1375,9.59,0.00,9.31
1400,9.48,0.00,9.01
1425,9.80,0.00,9.02
1451,9.70,0.00,8.95
1476,10.07,0.00,8.95
1501,9.71,0.00,8.61
1526,9.42,0.00,9.04
1551,9.64,0.00,9.34
1576,9.65,0.00,9.01
1601,9.77,0.00,9.02
1626,9.73,0.00,8.89
1651,10.04,0.00,8.63
1676,9.56,0.00,8.99
1701,9.42,0.00,9.05
1726,9.61,0.00,9.27
1751,9.75,0.00,9.08
1776,9.67,0.00,8.88
1801,9.74,0.00,8.57
1826,9.96,0.00,9.02
1851,9.68,0.00,9.29
1876,9.38,0.00,9.00
1901,9.72,0.00,9.01
1926,9.74,0.00,8.60
1951,9.64,0.00,9.04
1976,9.78,0.00,9.08
2001,10.00,0.00,9.00
2026,9.68,0.00,9.29
2051,9.60,0.00,9.04
2076,9.38,0.00,8.86
2101,9.72,0.00,8.60
2126,9.63,0.00,9.04
2151,9.74,0.00,9.30
2176,9.77,0.00,9.03
2201,9.99,0.00,9.03
2226,9.61,0.00,8.62
2251,9.57,0.00,8.99
2276,9.38,0.00,9.01
2301,9.72,0.00,9.02
2326,9.64,0.00,9.30
2351,9.75,0.00,9.03
2376,10.06,0.00,8.87
2401,9.61,0.00,8.55
2426,9.53,0.00,8.99
2451,9.62,0.00,9.38
2476,9.59,0.00,9.04
2501,9.56,0.00,9.02
2526,9.68,0.00,8.68
2551,9.63,0.00,8.94
2576,9.76,0.00,8.98
2601,10.02,0.00,9.06
2626,9.63,0.00,9.22
2651,9.56,0.00,8.99
2676,9.38,0.00,8.88
2701,9.74,0.00,8.55
2726,9.61,0.00,8.96
2751,9.68,0.00,9.33
2776,9.72,0.00,9.13
2801,9.97,0.00,8.91
2826,9.62,0.00,8.66
2851,9.55,0.00,8.93
2876,9.50,0.00,9.29
2902,9.52,0.00,9.05
2927,9.57,0.00,8.91
2952,9.74,0.00,9.04
2977,10.05,0.00,8.97
3002,9.60,0.00,8.56
3027,9.40,0.00,9.03
3052,9.63,0.00,9.14
3077,9.75,0.00,9.19
3102,9.63,0.00,9.01
3127,9.77,0.00,8.98
3152,9.97,0.00,8.65
3177,9.64,0.00,8.94
3202,9.49,0.00,9.29
3227,9.59,0.00,9.03
3252,9.68,0.00,9.05
3277,9.46,0.00,8.90
3302,9.75,0.00,8.56
3328,9.62,0.00,9.05
3353,9.98,0.00,9.08
3378,9.68,0.00,9.27
3403,9.37,0.00,8.99
3428,9.65,0.00,8.96
3453,9.66,0.00,8.90
3478,9.69,0.00,8.59
3503,9.72,0.00,9.22
3528,10.02,0.00,9.09
3553,9.62,0.00,8.99
3578,9.55,0.00,9.07
3603,9.56,0.00,8.99
3628,9.55,0.00,8.68
3653,9.69,0.00,8.97
3678,9.74,0.00,9.35
3703,9.77,0.00,8.99
3728,9.99,0.00,9.00
3753,9.56,0.00,8.95
3778,9.53,0.00,8.65
3803,9.55,0.00,8.94
3828,9.54,0.00,9.30
3853,9.73,0.00,8.97
3878,9.64,0.00,8.97
3903,9.74,0.00,9.04
3928,9.65,0.00,8.61
3953,9.98,0.00,8.97
3978,9.59,0.00,9.35
4003,9.30,0.00,8.97
4028,9.63,0.00,9.01
4054,9.67,0.00,8.93
4079,9.68,0.00,8.62
4104,9.81,0.00,9.01
4129,9.98,0.00,9.17
4154,9.53,0.00,9.25
4179,9.34,0.00,9.07
4204,9.56,0.00,9.01
4229,9.76,0.00,8.66
4254,9.68,0.00,9.05
4279,9.65,0.00,8.98
4304,9.99,0.00,9.01
4329,9.66,0.00,9.28
4354,9.52,0.00,9.08
4379,9.59,0.00,8.89
4404,8.90,0.00,8.60
4429,10.34,0.00,8.98
4454,10.10,0.00,9.31
4480,9.91,0.00,9.05
4505,9.56,0.00,8.91
4530,9.47,0.00,9.05
4555,9.42,0.00,8.96
4580,9.72,0.00,8.56
4605,9.60,0.00,9.03
4630,9.77,0.00,9.32
4655,9.74,0.00,9.00
4680,9.98,0.00,8.99
4705,9.62,0.00,9.01
4730,9.50,0.00,8.67
4755,9.40,0.00,8.96
4780,9.70,0.00,9.30
4805,9.62,0.00,9.02
4830,9.79,0.00,9.06
4855,10.05,0.00,8.93
4880,9.59,0.00,8.58
4905,9.54,0.00,9.07
4930,9.57,0.00,9.11
4955,9.60,0.00,9.28
4980,9.53,0.00,8.98
5005,9.68,0.00,8.97
5030,9.65,0.00,8.69
5055,9.75,0.00,8.90
5080,10.05,0.00,9.29
5105,9.67,0.00,9.06
5130,9.50,0.00,9.05
5155,9.37,0.00,8.87
5180,9.66,0.00,8.68
5206,9.59,0.00,9.00
5231,9.74,0.00,9.03
5256,10.07,0.00,9.32
5281,9.58,0.00,8.94
5306,9.54,0.00,8.98
5331,9.38,0.00,8.94
5356,9.72,0.00,8.60
5381,9.81,0.00,8.98
5406,9.59,0.00,9.15
5431,9.68,0.00,9.23
5456,10.01,0.00,9.02
5481,9.56,0.00,9.02
5506,9.55,0.00,8.59
5531,9.42,0.00,8.96
5556,9.74,0.00,9.37
5581,9.63,0.00,9.01
5606,9.73,0.00,9.04
5632,9.99,0.00,8.94
5657,9.60,0.00,8.88
5682,9.46,0.00,8.66
5707,9.45,0.00,9.09
5732,9.65,0.00,9.26
5757,9.63,0.00,9.07
5782,9.77,0.00,9.01
5807,9.73,0.00,8.89
5832,9.95,0.00,8.75
5857,9.57,0.00,8.93
5882,9.47,0.00,9.05
5907,9.65,0.00,9.33
5932,9.52,0.00,9.12
