
MotorSpeedMeasurement
1000,0,0,0
1025,7.85,7.54,6.73
1051,0.57,0.58,0.40
1076,34.32,35.38,32.19
1101,48.71,50.22,47.95
1126,57.08,57.69,56.98
1152,60.82,61.08,58.64
1176,62.20,62.29,59.54
1201,62.86,62.92,60.23
1226,63.58,63.42,60.04
1251,63.87,63.57,60.26
1276,63.48,63.10,60.14
1301,63.78,63.50,60.47
1326,63.67,62.94,59.93
1351,63.57,62.94,59.86
1376,62.88,62.44,59.70
1401,62.65,61.98,59.45
1426,62.68,61.78,59.22
1452,61.95,61.34,58.98
1477,61.16,60.63,58.30
1502,61.15,60.60,58.63
1527,60.71,59.79,57.95
1552,60.08,59.48,57.45
1577,59.58,59.22,57.37
1602,59.17,58.37,57.09
1627,58.51,58.50,57.09
1652,58.55,57.84,56.63
1677,57.77,57.44,55.88
1702,57.37,57.10,56.10
1727,57.21,56.80,55.67
1752,56.69,56.16,55.25
1777,56.20,56.32,55.14
1802,56.14,55.63,54.85
1827,55.50,55.56,54.59
1852,55.33,55.11,54.52
1878,55.02,54.83,54.22
1902,54.76,54.28,53.58
1927,54.57,54.46,53.93
1952,54.34,54.31,53.34
1977,54.12,54.08,53.71
2002,53.55,53.44,53.09
2027,53.89,53.22,53.00
2052,53.19,53.72,52.59
2077,52.94,53.03,52.68
2102,53.03,52.89,52.54
2127,53.14,52.78,52.41
2152,52.72,52.69,52.42
2177,52.55,52.78,52.11
2202,52.44,52.18,52.10
2227,52.30,52.26,51.64
2252,51.89,52.28,51.92
2277,52.01,52.05,51.76
2302,51.95,52.06,51.24
2327,51.41,51.60,51.74
2352,51.65,51.84,51.23
2377,51.70,51.74,51.44
2402,51.29,51.31,51.02
2427,51.52,51.73,51.44
2452,51.18,51.17,51.00
2477,51.45,50.85,51.12
2502,50.97,51.77,50.89
2527,50.98,51.47,50.92
2552,51.35,51.00,50.63
2577,50.84,50.78,51.15
2603,50.77,51.27,50.70
2627,51.19,50.78,50.68
2652,50.69,50.73,50.40
2677,50.70,51.04,50.96
2702,51.09,50.67,50.64
2727,50.77,50.72,50.48
2752,50.53,50.66,50.57
2777,50.51,50.89,50.37
2802,50.65,50.61,50.56
2827,50.92,50.38,50.85
2852,50.55,50.51,50.50
2877,50.50,50.44,50.42
2903,50.30,50.53,50.30
2928,50.46,50.52,50.48
2953,50.40,50.34,50.26
2978,50.39,50.82,50.39
3003,50.24,50.41,50.40
3028,50.34,50.35,50.37
3053,50.33,50.31,50.20
3078,50.31,50.21,50.31
3103,50.35,50.38,50.34
3128,50.20,50.21,50.38
3153,50.30,50.28,50.22
3178,50.17,50.25,50.27
3203,50.58,50.26,50.17
3228,49.88,50.27,50.22
3253,50.51,50.22,50.22
3278,49.88,50.25,50.09
3303,50.45,50.14,50.26
3329,49.89,50.32,50.20
3354,50.11,50.24,50.13
3379,50.17,50.21,50.16
3404,50.13,50.19,50.13
3429,50.09,50.17,50.11
3454,50.16,50.17,50.32
3479,50.18,50.17,50.06
3504,50.17,50.22,49.92
3529,50.16,50.16,50.28
3554,50.14,50.13,50.11
3579,50.11,50.14,50.10
3604,50.13,50.14,50.09
3629,50.11,50.10,50.05
3654,50.17,50.10,50.12
3679,50.10,50.06,49.94
3704,50.08,50.17,50.07
3729,50.12,50.11,50.01
3755,50.09,50.08,49.99
3779,50.04,50.10,49.77
3804,50.10,50.08,50.04
3829,50.19,49.70,50.02
3854,50.04,50.08,50.04
3879,50.04,50.29,50.22
3904,50.06,50.08,49.83
3929,49.75,49.99,50.16
3954,50.09,50.05,49.96
3979,50.09,50.07,49.98
4004,50.13,50.12,50.11
4029,50.08,50.07,49.99
4055,50.04,50.03,50.01
4080,50.11,50.09,49.78
4105,50.04,49.99,50.05
4130,50.01,50.03,49.95
4155,50.04,50.04,50.01
4180,50.23,49.69,50.30
4205,50.03,50.13,50.03
4230,50.04,50.08,49.99
4255,50.06,50.07,50.03
4280,50.02,50.08,50.04
4305,49.76,50.03,50.13
4330,50.10,50.02,50.02
4355,50.05,50.01,50.05
4380,50.11,50.04,50.03
4405,50.04,50.05,50.00
4430,50.13,50.08,49.74
4455,49.85,49.96,50.04
4481,50.16,50.01,49.96
4506,50.17,49.79,50.25
4531,50.04,50.06,50.09
4556,49.95,50.09,50.06
4581,49.89,50.05,50.08
4606,49.63,50.08,50.05
4631,49.99,50.06,50.02
4656,50.05,50.04,50.02
4681,49.99,50.14,50.09
4706,49.99,50.03,49.93
4731,50.21,50.03,49.72
4756,50.02,50.01,49.97
4781,50.03,50.16,50.00
4806,50.03,50.02,50.03
4831,50.14,50.04,50.00
4856,49.99,49.65,50.19
4881,49.99,50.01,49.99
4907,49.65,50.17,49.94
4931,50.01,50.02,49.95
4956,50.07,50.00,50.03
4981,49.99,50.03,49.92
5006,50.08,49.99,49.66
5031,50.09,50.15,49.88
5056,50.04,50.03,49.97
5081,49.99,49.96,50.02
5106,50.01,50.15,50.22
5131,50.01,50.01,49.97
5156,50.20,49.98,49.98
5181,50.03,50.01,49.97
5207,49.99,49.71,50.10
5232,49.74,50.00,49.97
5257,50.03,50.05,49.69
5282,50.07,50.07,49.96
5307,50.05,50.05,50.07
5332,50.03,49.99,50.05
5357,50.14,49.95,49.99
5382,49.98,50.03,50.07
5407,49.99,50.06,50.25
5432,50.01,49.95,50.04
5457,50.13,49.68,49.99
5482,49.99,49.97,49.95
5507,49.94,50.12,50.04
5532,49.67,50.09,49.92
5557,50.02,50.07,49.97
5582,49.98,50.05,49.75
5607,50.02,50.05,49.95
5633,50.15,50.13,50.06
5658,49.96,50.02,50.26
5683,49.98,49.41,50.00
5708,50.13,50.73,49.99
5733,49.88,50.07,49.98
5758,49.64,49.43,50.06
5783,49.99,50.26,49.99
5808,49.97,50.43,49.92
5833,50.09,49.82,49.74
5858,50.04,49.97,50.02
5883,50.13,50.03,49.92
5908,49.99,49.98,50.02
5933,50.08,50.00,49.99
