
MotorSpeedMeasurement
1000,0,0,0
1025,25.97,26.07,26.46
1051,17.71,19.70,17.46
1076,39.32,41.80,38.21
1101,55.82,57.91,53.95
1126,67.40,70.39,65.58
1152,76.94,79.71,75.06
1176,83.58,86.63,81.75
1201,88.75,92.30,87.35
1226,92.55,96.49,91.37
1251,96.87,100.14,94.78
1276,98.91,102.82,97.32
1301,101.16,104.89,99.59
1326,102.67,106.73,101.54
1351,103.88,107.91,102.75
1376,105.12,109.20,103.48
1401,106.37,110.02,104.76
1426,106.80,110.52,105.21
1452,107.36,111.30,105.53
1477,107.89,111.82,106.48
1502,108.10,112.07,106.22
1527,108.42,112.40,106.90
1552,108.90,112.40,107.09
1577,109.15,112.76,106.57
1602,109.19,113.14,107.95
1627,109.09,112.93,107.55
1652,109.48,113.30,107.61
1677,109.58,113.04,107.59
1702,109.73,113.34,107.79
1727,109.78,113.15,107.64
1752,109.96,113.17,107.95
1777,109.83,113.46,108.21
1802,109.84,113.53,107.85
1827,109.82,113.27,107.86
1852,109.82,113.32,108.08
1878,109.83,113.40,108.33
1902,109.83,113.73,108.17
1927,109.82,113.03,108.04
1952,109.81,113.33,108.43
1977,109.85,112.62,108.17
2002,110.16,112.12,108.13
2027,109.85,111.87,108.48
2052,109.96,111.52,108.17
2077,109.18,110.77,108.55
2102,110.50,110.52,108.20
2127,109.90,110.57,108.25
2152,109.98,109.73,108.46
2177,109.82,109.59,108.16
2202,109.93,108.84,108.57
2227,110.01,108.97,108.20
2252,109.91,108.23,108.20
2277,109.74,108.20,108.53
2302,109.57,107.52,108.21
2327,109.22,106.54,108.64
2352,108.88,107.04,108.08
2377,108.20,106.59,108.47
2402,107.99,106.21,108.52
2427,107.74,106.05,108.15
2452,107.43,105.16,108.66
2477,107.15,104.82,108.25
2502,106.92,104.11,108.18
2527,106.57,104.22,108.40
2552,106.12,103.93,107.73
2577,106.28,103.01,107.25
2603,105.89,103.67,106.80
2627,104.94,102.76,105.71
2652,105.86,102.44,105.20
2677,104.91,101.84,104.91
2702,104.63,101.73,104.56
2727,104.62,101.39,103.78
2752,104.10,101.33,102.98
2777,104.32,100.78,102.87
2802,104.00,100.56,102.37
2827,103.44,100.52,102.41
2852,103.22,100.22,101.93
2877,102.92,100.01,101.39
2903,102.84,99.66,101.01
2928,102.67,99.84,101.07
2953,102.30,99.73,100.91
2978,102.31,99.49,100.39
3003,101.66,99.42,100.67
3028,102.06,99.59,99.96
3053,101.33,99.09,100.34
3078,101.53,99.36,99.73
3103,101.14,99.12,100.00
3128,101.43,99.46,99.71
3153,100.96,98.91,99.52
3178,100.68,99.43,99.52
3203,100.62,98.90,99.70
3228,100.61,99.08,99.29
3253,100.80,99.22,99.56
3278,100.16,99.04,99.15
3303,100.33,99.44,99.44
3329,100.39,99.02,99.08
3354,100.16,99.58,99.35
3379,100.12,99.43,98.94
3404,100.18,99.27,99.41
3429,100.01,99.41,98.85
3454,99.66,99.33,99.08
3479,99.28,99.60,99.19
3504,100.58,99.15,98.75
3529,99.98,99.78,99.24
3554,99.56,99.73,98.81
3579,99.97,99.42,99.30
3604,99.83,99.60,98.65
3629,99.91,99.83,99.27
3654,99.49,99.42,98.88
3679,99.73,100.03,98.77
3704,99.92,99.90,99.22
3729,99.90,99.88,98.86
3755,99.58,99.66,98.79
3779,99.89,99.96,99.14
3804,99.98,100.04,98.80
3829,100.01,100.14,99.27
3854,99.78,99.99,98.94
3879,99.53,100.09,98.95
3904,99.91,100.10,99.09
3929,100.01,100.04,99.54
3954,99.95,99.84,99.21
3979,99.54,100.01,99.46
4004,100.03,100.18,99.16
4029,99.95,100.07,99.72
4055,100.03,100.17,99.68
4080,99.61,99.88,99.55
4105,99.88,99.98,99.75
4130,100.00,100.25,99.63
4155,100.09,100.19,99.77
4180,99.64,100.25,100.06
4205,99.96,99.93,100.04
4230,99.86,100.10,99.97
4255,100.09,100.09,99.55
4280,100.09,99.82,100.34
4305,99.94,100.02,100.10
4330,99.72,100.05,100.07
4355,100.04,100.04,100.10
4380,100.10,100.17,100.43
4405,99.89,100.05,100.03
4430,100.28,99.81,100.15
4455,100.01,99.92,100.10
4481,99.78,100.18,99.81
4506,100.15,100.02,100.08
4531,100.09,100.11,100.22
4556,100.20,99.67,100.07
4581,100.05,100.05,100.19
4606,99.82,100.26,99.81
4631,100.11,100.18,99.95
4656,100.12,100.02,100.04
4681,100.07,100.15,100.23
4706,100.09,100.02,100.05
4731,100.20,99.75,100.07
4756,100.01,100.18,99.99
4781,100.01,100.07,99.67
4806,99.75,100.07,100.07
4831,100.04,100.18,99.69
4856,100.04,100.15,99.58
4881,100.05,100.09,100.49
4907,100.12,99.77,99.63
4931,100.01,100.12,99.99
4956,99.97,100.05,99.97
4981,99.70,100.04,100.10
5006,100.09,100.07,99.38
5031,100.12,100.17,100.38
5056,100.04,100.02,100.13
5081,100.02,100.04,100.01
5106,99.72,99.80,100.19
5131,100.05,100.02,99.30
5156,100.17,100.12,100.91
5181,100.04,99.94,100.18
5207,100.18,100.09,99.82
5232,99.70,99.75,99.98
5257,100.09,99.38,100.31
5282,100.10,100.67,100.08
5307,100.05,99.85,100.01
5332,100.18,99.84,99.86
5357,100.04,99.97,99.70
5382,100.05,100.06,100.05
5407,99.18,100.10,100.28
5432,100.66,99.99,100.31
5457,100.20,100.15,99.99
5482,100.07,99.96,100.05
5507,100.09,99.62,100.01
5532,100.26,100.10,99.69
5557,100.07,100.08,99.96
5582,99.87,100.04,100.17
5607,100.05,99.99,99.96
5633,100.27,99.77,100.09
5658,100.13,99.45,99.69
5683,100.02,100.63,100.01
5708,100.31,100.21,100.18
5733,100.17,100.02,100.01
5758,99.82,100.00,100.09
5783,100.12,99.76,99.97
5808,100.13,99.38,99.74
5833,100.21,100.66,100.17
5858,99.92,100.02,99.92
5883,100.25,100.17,100.25
5908,100.26,100.01,100.02
5933,100.12,100.02,99.96
