
MotorSpeedMeasurement
1000,0,0,0
1026,6.37,4.57,3.78
1051,0.51,0.53,0.37
1076,34.84,35.39,32.53
1101,52.13,52.85,48.89
1126,61.57,62.56,58.22
1152,65.11,66.11,60.63
1176,66.31,66.90,61.44
1201,66.37,66.56,61.59
1226,65.85,65.79,61.25
1251,64.93,64.86,60.62
1276,64.41,63.96,60.15
1301,63.75,63.54,60.17
1326,63.04,62.43,59.47
1351,62.81,61.91,58.79
1376,61.88,61.30,58.93
1401,61.00,60.41,58.19
1426,60.84,59.93,58.26
1452,60.08,59.51,57.57
1477,59.58,58.97,57.27
1502,59.31,58.55,56.93
1527,58.80,57.92,56.71
1552,58.04,57.49,56.00
1577,57.65,57.14,56.28
1602,57.39,56.93,55.62
1627,56.96,56.18,55.23
1652,56.67,56.43,55.23
1677,56.45,55.80,54.96
1702,55.78,55.75,54.69
1727,55.44,55.17,54.50
1752,55.23,55.05,54.52
1777,55.28,54.81,54.16
1802,54.44,54.58,53.54
1827,54.55,54.47,53.91
1852,54.37,53.91,53.31
1878,54.20,54.15,53.15
1902,53.55,53.59,53.37
1927,53.91,53.63,52.88
1952,53.36,53.34,52.83
1977,53.19,53.50,52.73
2002,53.41,53.12,52.61
2027,52.80,52.94,52.45
2052,52.77,52.74,52.32
2077,52.56,52.69,52.27
2102,52.42,52.55,52.07
2127,52.32,52.48,51.72
2152,52.35,52.47,52.09
2177,52.12,52.28,51.93
2202,51.79,52.15,51.53
2227,52.13,52.10,51.83
2252,52.14,51.79,51.69
2277,51.87,51.89,51.26
2302,51.50,51.96,51.72
2327,51.73,51.36,51.09
2352,51.44,51.81,51.60
2377,51.68,51.62,50.93
2402,51.60,51.23,51.44
2427,51.22,51.55,51.01
2452,51.42,51.12,50.90
2477,51.01,51.44,51.27
2502,50.97,51.12,50.89
2527,51.38,51.02,50.77
2552,50.89,51.26,51.11
2577,50.83,50.81,50.70
2603,51.21,50.95,50.74
2627,50.72,51.11,50.54
2652,50.80,50.85,50.92
2677,51.04,50.74,50.65
2702,50.79,51.05,50.51
2727,50.57,50.73,50.57
2752,50.63,50.73,50.37
2777,50.56,50.58,50.64
2802,50.89,50.54,50.80
2827,50.54,51.00,50.44
2852,50.35,50.50,50.48
2877,50.44,50.48,50.43
2903,50.46,50.53,50.38
2928,50.38,50.51,50.35
2953,50.46,50.52,50.34
2978,50.53,50.30,50.35
3003,50.75,50.85,50.12
3028,50.46,50.43,50.34
3053,50.39,50.37,50.38
3078,50.18,50.23,50.39
3103,50.31,50.31,50.32
3128,50.28,50.35,50.53
3153,50.30,50.31,49.99
3178,50.25,50.26,50.48
3203,50.26,50.20,50.24
3228,50.21,50.28,50.20
3253,50.18,50.24,50.17
3278,50.20,50.27,49.92
3303,50.21,50.22,50.19
3329,50.20,49.67,50.21
3354,50.17,50.82,50.23
3379,50.16,50.28,50.18
3404,50.15,50.24,50.17
3429,50.20,50.19,50.17
3454,50.20,50.19,50.05
3479,50.17,50.22,50.18
3504,50.20,50.22,50.17
3529,50.16,50.19,50.07
3554,50.13,50.17,50.15
3579,50.22,50.18,50.15
3604,50.03,50.20,50.13
3629,49.98,50.13,50.11
3654,49.98,50.15,50.26
3679,49.72,50.16,50.07
3704,50.10,50.15,50.03
3729,50.13,50.13,50.09
3755,50.24,50.25,50.06
3779,50.16,50.16,50.08
3804,50.19,50.12,50.09
3829,50.14,50.13,50.16
3854,50.05,50.10,50.03
3879,50.09,50.12,50.07
3904,50.04,50.08,50.01
3929,49.99,50.08,50.00
3954,50.17,50.12,49.77
3979,49.99,50.10,49.98
4004,50.02,50.26,49.99
4029,50.05,50.06,50.08
4055,50.23,50.05,50.10
4080,50.10,49.67,50.28
4105,50.04,50.07,50.12
4130,49.80,50.19,50.08
4155,50.04,50.11,50.04
4180,50.06,50.06,50.04
4205,50.10,50.03,50.06
4230,50.14,50.03,50.16
4255,50.08,50.19,50.06
4280,50.08,50.04,50.04
4305,50.03,50.04,49.50
4330,50.09,50.00,50.69
4355,49.95,49.98,50.13
4380,49.96,50.12,49.89
4405,49.98,50.01,50.09
4430,50.05,50.00,49.96
4455,50.02,49.65,50.07
4481,49.76,50.24,50.04
4506,50.02,50.10,50.24
4531,50.09,50.15,50.07
4556,50.07,50.09,50.08
4581,50.08,50.02,50.09
4606,50.15,50.15,50.09
4631,50.04,50.00,50.06
4656,50.02,50.05,50.11
4681,50.01,50.00,50.19
4706,50.04,50.02,50.08
4731,50.14,50.08,50.02
4756,50.01,50.04,49.99
4781,49.94,50.04,49.80
4806,49.69,50.03,49.95
4831,50.01,49.67,50.12
4856,50.02,50.17,50.03
4881,50.08,50.13,50.07
4907,50.06,50.06,49.51
4931,50.04,50.01,50.69
4956,50.06,50.03,50.12
4981,50.13,50.04,50.22
5006,50.06,50.09,49.99
5031,50.03,50.03,49.95
5056,50.07,49.95,50.07
5081,49.99,50.05,49.95
5106,50.20,50.06,49.97
5131,49.96,49.96,50.00
5156,49.69,49.70,49.74
5181,50.32,49.96,49.97
5207,49.72,50.10,49.96
5232,50.04,50.06,50.16
5257,50.08,50.04,50.00
5282,50.17,50.13,49.97
5307,50.13,50.04,50.04
5332,50.06,50.12,49.98
5357,50.06,50.00,50.00
5382,50.05,49.92,49.74
5407,50.06,49.92,49.97
5432,50.17,49.96,50.05
5457,50.03,49.71,49.98
5482,50.03,49.99,50.04
5507,49.99,49.99,50.15
5532,49.71,50.14,49.97
5557,50.00,49.92,49.96
5582,50.10,50.21,50.09
5607,50.08,50.06,49.97
5633,50.06,50.08,50.00
5658,50.09,50.12,49.79
5683,50.08,50.00,50.04
5708,50.03,49.67,49.95
5733,50.01,49.91,50.04
5758,50.17,50.17,50.02
5783,49.97,50.08,50.24
5808,50.03,50.01,50.00
5833,50.03,50.02,50.02
5858,49.70,50.03,50.01
5883,50.09,50.05,50.12
5908,50.05,50.08,50.04
5933,50.04,49.99,50.05
