
MotorSpeedMeasurement
1000,0,0,0
1025,0.00,0.00,0.00
1050,-0.01,0.01,0.01
1075,1.83,1.60,0.99
1100,3.02,3.64,2.15
1125,4.46,4.71,3.02
1150,5.70,5.36,3.23
1175,5.69,6.22,3.89
1200,6.56,6.40,3.75
1225,6.95,6.93,4.37
1250,7.03,7.25,4.65
1275,7.41,7.86,4.78
1301,7.54,7.73,5.06
1325,8.02,7.82,5.48
1350,7.81,8.25,5.22
1376,7.90,8.14,5.30
1400,8.19,8.40,5.82
1425,8.14,8.52,5.58
1451,8.53,8.25,5.85
1476,8.60,8.60,5.73
1501,8.26,8.69,5.95
1526,8.71,8.39,5.61
1551,8.76,8.72,6.31
1576,8.35,8.80,5.70
1601,8.74,8.48,6.19
1626,8.92,8.80,5.81
1651,8.72,8.74,6.32
1677,8.48,8.83,6.22
1701,8.78,8.40,5.85
1726,8.93,8.85,6.29
1752,8.52,8.88,5.99
1776,8.71,8.40,6.38
1801,8.95,8.95,6.25
1826,8.91,8.86,5.84
1851,8.47,8.94,6.36
1876,8.81,8.89,6.30
1901,8.94,8.61,5.89
1926,8.95,8.96,6.34
1952,8.58,8.93,6.29
1977,8.84,8.97,5.88
2002,8.95,8.60,6.40
2027,9.04,9.04,6.00
2051,8.52,9.00,6.36
2076,8.86,8.90,6.33
2101,8.99,8.97,5.88
2126,8.82,8.58,6.35
2151,9.04,8.86,6.26
2176,8.55,9.02,5.89
2201,8.81,9.01,6.41
2226,8.95,8.58,6.28
2251,8.99,9.12,5.84
2277,8.49,8.87,6.41
2301,8.85,9.07,6.29
2327,9.03,9.00,6.05
2351,8.95,8.54,6.25
2376,8.82,8.94,5.93
2401,8.53,9.05,6.40
2426,8.94,8.99,6.26
2451,8.88,8.99,5.84
2477,9.03,8.49,6.38
2501,8.48,9.03,6.31
2526,8.95,8.98,5.89
2551,8.79,8.93,6.35
2576,8.94,8.99,6.05
2601,8.52,8.92,6.14
2626,8.87,8.64,6.51
2651,8.86,8.97,5.87
2676,8.99,8.92,6.32
2701,8.57,8.96,6.32
2726,8.76,8.58,5.87
2751,8.98,9.00,6.35
2776,8.94,8.98,6.00
2801,8.50,8.94,6.18
2826,8.83,9.01,6.44
2852,8.97,8.45,6.31
2876,8.96,9.02,6.05
2902,8.85,8.98,6.18
2927,8.49,8.81,6.27
2952,8.99,8.94,6.06
2978,8.85,8.49,6.20
3002,8.99,8.97,6.05
3028,8.79,9.05,6.20
3053,8.52,8.97,6.61
3077,8.87,8.49,5.96
3103,9.01,9.00,6.40
3128,8.52,8.95,6.32
3152,8.81,8.85,5.95
3177,8.92,8.97,6.25
3203,8.96,8.62,6.28
3227,8.46,8.81,5.89
3253,8.80,9.04,6.38
3278,8.97,8.85,6.24
3303,8.88,8.96,6.01
3329,8.75,8.55,6.21
3353,8.44,9.01,6.27
3378,8.83,8.98,6.08
3403,8.86,8.91,6.18
3428,8.38,8.95,6.12
3453,8.60,8.57,6.17
3478,8.88,9.02,6.56
3504,8.19,8.95,5.96
3529,8.58,8.89,6.46
3554,8.69,8.51,6.33
3578,8.27,8.89,5.96
3603,8.66,8.95,6.35
3629,8.73,8.93,6.28
3653,8.28,8.77,5.84
3678,8.69,8.58,6.33
3703,8.76,8.90,6.23
3729,8.31,8.91,6.03
3755,8.70,9.00,6.19
3779,8.78,8.55,5.99
3803,8.34,9.02,6.27
3828,8.74,9.06,6.30
3853,8.80,8.95,5.90
3878,8.34,8.80,6.39
3904,8.74,8.62,6.23
3929,8.82,8.92,5.83
3954,8.36,8.86,6.41
3978,8.77,8.99,6.03
4004,8.83,8.88,6.15
4029,8.40,8.58,6.49
4054,8.68,8.95,6.02
4079,8.85,8.96,6.13
4104,8.87,9.03,6.52
4129,8.33,8.94,5.92
4154,8.90,8.62,6.40
4179,8.69,8.81,6.26
4204,8.83,9.09,5.87
4229,8.42,8.94,6.30
4255,8.84,8.52,6.28
4279,8.88,8.95,5.84
4304,8.46,8.94,6.36
4329,8.83,8.90,5.99
4354,8.81,8.99,6.35
4379,8.93,8.60,6.27
4404,8.51,8.88,5.86
4429,8.69,9.02,6.35
4454,8.92,8.97,6.31
4480,8.88,8.82,5.89
4506,8.44,8.49,6.38
4530,8.78,8.96,6.24
4555,8.90,9.03,5.83
4580,8.90,8.95,6.41
4606,8.52,8.81,6.27
4631,8.75,8.64,5.90
4655,9.01,8.93,6.48
4680,8.77,8.83,6.00
4705,8.45,8.94,6.28
4731,8.82,8.60,6.23
4756,8.92,8.91,5.79
4780,8.42,8.86,6.39
4806,8.77,8.97,6.26
4831,8.90,8.55,5.89
4855,8.91,8.92,6.32
4880,8.42,8.93,6.01
4907,8.81,8.90,6.40
4930,8.84,9.00,6.26
4955,8.95,8.62,5.84
4980,8.46,8.81,6.36
5005,8.84,9.09,6.30
5030,8.79,8.95,5.86
5055,8.91,8.54,6.33
5080,8.44,8.99,6.06
5106,8.85,8.97,6.16
5130,8.91,8.91,6.54
5155,8.39,8.99,5.94
5180,8.72,8.58,6.33
5206,8.88,8.85,6.29
5231,8.81,8.94,5.89
5256,8.43,8.94,6.24
5281,8.70,9.01,6.17
5306,8.81,8.55,5.82
5331,8.85,9.03,6.36
5357,8.38,8.94,5.99
5381,8.77,8.97,6.31
5406,8.83,8.99,6.27
5432,8.37,8.60,5.85
5456,8.76,9.02,6.38
5481,8.83,8.98,6.28
5506,8.37,8.97,5.86
5531,8.64,8.86,6.44
5557,8.98,8.55,6.29
5581,8.71,8.92,5.86
5606,8.33,8.94,6.38
5632,8.84,8.93,6.31
5657,8.89,9.03,5.87
5683,8.35,8.48,6.34
5708,8.78,8.99,6.29
5732,8.86,9.10,6.08
5757,8.86,8.86,6.20
5782,8.44,8.98,5.84
5807,8.87,8.62,6.31
5832,8.73,9.02,6.31
5857,8.91,9.08,5.87
5882,8.50,8.90,6.34
5907,8.78,9.01,5.99
5933,8.92,8.57,6.41
