
MotorSpeedMeasurement
1000,0,0,0
1025,25.91,28.51,25.44
1051,17.80,21.71,17.12
1076,39.68,42.22,37.73
1101,55.56,58.10,53.22
1126,68.34,70.62,65.64
1152,77.19,79.90,74.05
1176,84.14,86.87,81.43
1201,89.84,92.90,86.92
1226,94.00,97.32,91.19
1251,97.01,100.60,94.08
1276,100.05,102.44,97.50
1301,101.68,97.70,99.39
1326,101.20,95.53,101.54
1351,100.25,100.20,101.28
1376,100.10,102.69,99.91
1401,100.80,94.34,100.53
1426,101.02,89.90,100.66
1452,100.66,95.45,100.88
1477,100.38,100.37,99.80
1502,100.23,102.60,100.07
1527,101.31,97.43,101.14
1552,100.99,93.59,101.43
1577,99.78,98.71,99.47
1602,101.16,102.32,99.98
1627,101.08,99.49,101.71
1652,100.44,98.05,100.62
1677,100.17,101.83,101.08
1702,100.76,102.85,99.80
1727,101.36,94.83,100.12
1752,100.35,89.16,101.21
1777,99.59,95.45,100.57
1802,101.48,100.04,99.70
1827,101.39,102.77,100.21
1852,100.38,95.61,101.21
1878,99.98,90.36,101.21
1902,101.06,96.18,99.91
1927,101.77,100.19,100.13
1952,100.69,102.79,101.01
1977,99.89,95.31,100.91
2002,101.06,89.57,99.56
2027,102.02,95.50,100.15
2052,100.17,100.05,101.21
2077,98.82,102.73,99.98
2102,102.21,96.58,100.54
2127,100.09,92.18,101.58
2152,98.15,97.09,100.18
2177,99.94,101.69,99.51
2202,101.85,102.46,100.01
2227,102.40,97.42,102.02
2252,98.37,95.31,102.22
2277,95.45,100.17,98.96
2302,98.84,102.66,98.23
2327,101.45,95.35,100.80
2352,102.31,91.72,101.06
2377,98.11,97.02,99.48
2402,96.15,101.31,100.85
2427,99.19,102.28,100.57
2452,101.84,99.43,99.60
2477,102.21,98.14,100.73
2502,99.24,102.23,100.96
2527,98.91,101.14,100.04
2552,101.06,98.87,99.82
2577,102.09,100.30,101.64
2603,100.47,103.13,101.41
2627,99.41,91.64,100.07
2652,101.25,83.53,99.67
2677,101.22,91.24,100.44
2702,100.45,96.72,100.95
2727,100.25,101.36,100.39
2752,100.57,102.54,99.79
2777,101.38,96.84,100.66
2802,100.55,93.86,101.71
2827,99.01,99.17,100.32
2852,101.92,102.84,99.22
2877,100.98,96.31,100.41
2903,100.04,90.82,102.12
2928,100.24,96.49,100.58
2953,101.18,100.78,98.31
2978,101.06,102.86,99.12
3003,100.25,94.63,101.69
3028,100.26,88.61,101.80
3053,100.68,94.53,100.54
3078,101.49,99.72,99.49
3103,100.52,103.17,100.08
3128,99.52,92.68,101.23
3153,101.39,85.35,101.11
3178,101.34,92.21,99.86
3203,100.44,97.51,100.09
3228,100.03,101.44,101.41
3253,101.33,103.39,100.47
3278,101.36,88.84,99.66
3303,100.05,77.83,100.06
3329,99.70,86.89,101.19
3354,101.76,93.89,101.00
3379,102.11,99.19,99.30
3404,99.72,102.80,100.15
3429,100.05,96.28,100.83
3454,102.03,90.92,100.63
3479,101.20,96.48,99.86
3504,100.10,101.21,100.38
3529,100.25,102.23,101.17
3554,100.65,100.04,100.58
3579,101.65,99.11,99.35
3604,100.57,101.81,100.04
3629,100.09,103.55,101.26
3654,100.30,87.44,101.60
3679,100.87,73.98,100.04
3704,100.76,84.52,99.39
3729,100.21,91.69,101.21
3755,100.50,97.51,101.09
3779,100.83,101.26,100.01
3804,101.33,103.33,100.07
3829,99.98,89.00,101.38
3854,100.75,77.88,101.46
3879,101.15,87.53,99.59
3904,100.65,94.04,100.06
3929,100.22,98.73,100.21
3954,100.58,102.78,101.96
3979,101.16,95.18,99.65
4004,101.55,90.31,99.99
4029,100.12,95.95,101.56
4055,99.49,100.63,101.36
4080,101.63,102.81,100.01
4105,101.44,95.35,100.32
4130,100.47,89.63,101.49
4155,99.68,95.73,100.61
4180,100.93,100.51,99.80
4205,101.87,102.67,100.25
4230,100.54,95.26,101.54
4255,100.12,91.40,101.07
4280,100.48,97.09,99.46
4305,100.96,101.15,99.96
4330,100.54,102.84,101.94
4355,100.91,93.98,101.18
4380,101.38,88.89,100.01
4405,100.33,95.35,99.84
4430,100.14,100.00,101.30
4455,100.69,103.40,101.76
4481,100.99,91.35,99.99
4506,100.61,80.20,99.98
4531,100.22,88.76,101.66
4556,100.54,95.21,101.17
4581,100.79,100.14,99.81
4606,100.94,102.57,100.12
4631,100.46,97.50,100.99
4656,100.41,93.93,100.58
4681,100.74,98.91,100.09
4706,101.13,103.12,99.78
4731,100.47,93.24,101.01
4756,99.89,85.54,102.11
4781,100.95,92.46,100.15
4806,101.68,97.92,98.79
4831,101.14,101.97,99.80
4856,99.45,102.85,101.44
4881,100.92,94.41,101.82
4907,101.79,89.43,99.95
4931,100.88,96.11,100.39
4956,99.94,100.33,100.67
4981,100.96,102.41,100.40
5006,101.91,98.86,99.69
5031,100.31,96.57,100.68
5056,99.65,100.74,101.41
5081,100.79,103.30,100.14
5106,102.12,88.98,99.53
5131,99.20,79.46,100.88
5156,99.27,87.97,100.93
5181,101.16,94.63,99.94
5207,101.85,99.40,100.01
5232,100.20,102.34,101.87
5257,100.04,101.74,101.77
5282,101.50,96.33,99.78
5307,101.34,97.88,99.96
5332,100.19,101.65,101.96
5357,100.01,103.22,101.26
5382,101.39,90.89,100.21
5407,102.36,81.71,99.36
5432,97.99,90.19,99.65
5457,96.07,96.07,101.52
5482,99.35,100.45,101.11
5507,100.57,103.01,100.04
5532,103.06,92.06,100.39
5557,91.85,84.21,101.05
5582,83.50,91.65,100.43
5607,90.09,96.98,99.42
5633,94.56,101.02,100.02
5658,98.23,102.62,101.34
5683,101.30,95.65,101.33
5708,102.00,92.25,100.01
5733,101.13,97.85,100.09
5758,99.44,102.26,101.04
5783,100.26,101.18,100.53
5808,102.02,98.69,99.75
5833,100.65,100.36,100.34
5858,99.91,102.92,101.36
5883,101.07,92.60,100.12
5908,102.29,85.93,98.88
5933,98.81,92.95,100.86
