s1B-5.33

MotorSpeedMeasurement
1000,0,0,0
1010,0.00,0.00,1.12
1020,-1.03,0.45,0.00
1030,3.67,-0.85,-0.62
1040,3.58,5.03,1.80
1050,5.69,5.94,3.02
1060,7.49,6.98,2.99
1070,7.71,8.56,5.01
1080,8.87,8.68,5.10
1090,-1.58,-1.33,-1.05
1100,7.11,7.66,6.48
1110,7.79,7.22,6.73
1120,10.07,13.80,8.64
1130,9.89,10.09,8.32
1140,10.13,11.11,8.01
1150,-2.12,-2.68,-1.88
1160,11.94,12.74,10.79
1170,12.85,13.41,9.71
1180,14.64,15.31,10.15
1190,14.24,16.17,10.62
1200,16.06,15.69,6.84
1210,16.68,17.58,8.88
1220,-3.17,-3.73,-2.38
1230,18.14,18.91,12.70
1240,18.68,19.67,13.75
1250,19.49,21.51,10.81
1260,21.06,21.98,14.18
1270,21.96,22.92,10.83
1280,-3.37,-3.64,-1.83
1290,22.91,24.09,12.89
1300,23.84,25.47,12.13
1310,24.92,25.34,12.05
1320,24.78,22.61,12.59
1330,25.17,26.42,12.58
1340,25.89,23.52,14.38
1350,-5.04,-5.29,-2.67
1360,27.91,29.00,14.85
1370,26.11,29.64,14.15
1380,29.80,25.58,15.63
1390,29.38,25.31,14.67
1400,29.52,30.46,16.30
1410,-4.94,-4.94,-2.89
1420,31.10,31.50,16.83
1430,26.66,29.49,17.19
1440,27.17,32.89,17.36
1451,27.74,33.97,17.73
1461,29.22,30.36,18.21
1471,32.53,30.97,18.18
1481,-6.08,-5.57,-3.43
1491,33.28,30.53,19.61
1501,29.27,30.71,18.93
1511,31.30,31.71,19.16
1521,29.97,31.72,20.64
1531,31.82,33.20,19.58
1541,-4.92,-4.91,-3.39
1551,32.46,33.87,20.96
1561,32.80,33.86,21.60
1571,33.44,34.51,21.82
1581,31.76,33.38,20.91
1591,33.83,35.21,22.07
1601,34.09,36.33,22.28
1611,-6.35,-6.62,-4.25
1622,34.53,35.96,22.77
1632,35.54,37.34,23.00
1642,35.92,36.96,23.23
1652,35.60,29.57,23.52
1662,36.20,37.28,23.61
1672,-5.70,-5.96,-3.91
1682,36.29,39.06,23.94
1692,38.06,38.73,24.25
1702,37.17,39.70,24.53
1712,36.94,37.87,24.07
1722,38.46,40.09,25.76
1732,38.88,40.67,24.89
1742,-7.17,-7.41,-5.07
1752,37.40,39.67,24.10
1762,39.68,41.08,26.34
1772,39.67,42.01,26.37
1782,39.87,41.47,25.75
1792,38.68,40.47,25.60
1802,40.48,34.35,27.49
1812,-7.70,-6.37,-5.04
1822,41.55,35.04,26.38
1832,41.05,42.41,23.14
1842,40.01,38.00,24.73
1852,41.50,44.33,23.64
1862,42.80,43.29,26.30
1872,-7.67,-6.62,-5.00
1882,41.67,38.70,26.96
1892,42.43,40.42,26.85
1902,43.68,44.19,26.80
1912,42.37,40.85,28.53
1922,43.08,39.41,27.46
1932,44.19,45.62,24.24
1942,-7.93,-6.09,-4.79
1952,44.31,37.16,28.89
1963,44.69,33.15,28.22
1973,44.62,33.82,29.46
1983,44.12,46.97,29.22
1993,45.03,46.48,29.74
2003,-8.50,-8.75,-5.32
2013,44.18,45.72,25.23
2023,45.55,42.70,29.72
2033,45.60,43.65,23.97
2043,46.01,43.61,26.74
2053,44.60,41.42,28.99
2063,45.97,44.07,27.02
2073,-8.78,-7.45,-5.56
2083,46.14,36.04,30.28
2093,45.60,46.70,25.76
2103,47.45,46.44,25.09
2113,46.52,47.98,29.85
2123,46.84,49.13,30.47
2134,-8.75,-8.21,-4.75
2144,46.97,45.12,26.22
2154,47.88,44.48,27.88
2164,47.50,35.58,26.73
2174,46.90,44.05,28.13
2184,42.93,38.67,30.98
2194,47.39,45.42,26.97
2204,-9.04,-9.31,-5.31
2214,48.77,50.21,31.56
2224,46.11,43.50,29.82
2234,44.94,46.77,31.14
2244,47.86,41.63,26.69
2254,47.74,51.06,28.05
2264,-7.53,-7.27,-4.65
2274,49.66,49.64,28.67
2284,48.20,49.82,27.24
2294,45.00,45.44,28.08
2304,47.13,40.81,31.39
2314,41.02,42.51,31.91
2324,44.44,45.83,28.98
2334,-8.70,-7.15,-5.33
2344,48.26,46.95,33.02
2354,42.92,39.23,32.57
2364,45.79,46.32,28.62
2374,49.15,41.66,31.93
2384,50.11,34.79,31.89
2394,-7.80,-7.29,-4.69
2404,46.47,43.53,31.95
2414,48.75,37.90,29.33
2424,45.40,47.28,28.36
2434,48.21,41.80,26.35
2444,46.28,43.93,29.60
2454,44.95,43.99,28.38
2464,-9.29,-7.12,-5.30
2475,50.78,44.92,28.38
2485,46.71,44.38,28.33
2495,51.46,48.26,28.59
2505,50.09,46.73,32.91
2515,50.09,43.83,32.91
2525,-8.05,-7.02,-5.21
2535,47.30,48.69,30.43
2545,46.73,44.40,28.67
2555,47.23,48.66,28.62
2565,45.91,45.45,28.82
2575,47.26,39.23,30.08
2585,47.71,44.35,30.77
2595,-8.74,-7.95,-6.08
2605,46.11,38.15,31.79
2615,47.17,48.62,28.92
2625,46.66,47.77,29.72
2635,51.44,49.08,33.88
2646,52.07,41.00,30.74
2656,-8.72,-8.21,-5.85
2666,43.90,49.53,33.29
2676,50.60,41.98,29.25
2686,46.80,41.08,29.45
2696,47.01,34.89,28.91
2706,51.42,44.84,31.09
2716,48.26,49.49,33.61
2726,-9.03,-9.28,-5.59
2736,45.51,48.21,29.23
2746,46.66,44.78,31.12
2756,48.09,49.47,29.23
2766,48.62,45.76,29.69
2776,49.64,48.06,29.37
2786,-8.74,-9.27,-5.27
2796,49.56,38.24,29.76
2806,48.60,44.29,31.12
2816,50.66,38.51,29.71
2826,48.64,40.99,30.02
2836,52.61,33.27,35.10
2846,49.07,24.07,31.51
2856,-9.00,-5.83,-5.58
2866,51.35,48.16,29.64
2876,48.66,37.21,30.05
2886,48.04,50.03,30.43
2896,52.57,46.17,35.03
2906,47.52,37.54,30.11
2916,-9.03,-7.68,-5.84
2926,52.61,42.88,36.17
2936,47.61,41.50,29.70
2946,49.02,49.02,30.03
2956,44.42,37.25,30.10
2966,48.20,46.21,30.66
2976,48.56,41.89,31.11
2987,-9.30,-9.26,-5.55
2997,50.19,32.97,32.57
3007,49.85,50.17,32.07
3017,49.97,46.74,30.73
3027,49.65,33.55,35.45
3037,41.17,43.77,29.35
3047,-9.30,-7.44,35.38
3057,49.83,50.94,-5.87
3067,53.03,46.27,31.89
3077,51.33,34.13,30.07
3087,50.48,46.53,31.74
3097,49.53,33.28,30.71
3107,50.44,46.55,31.75
3117,-8.08,-6.51,-4.95
3127,50.58,46.25,31.78
3137,49.57,47.08,32.47
3147,48.90,46.23,30.76
3158,49.99,42.34,31.42
3168,49.16,41.93,31.08
3178,49.89,-8.76,-6.63
3188,-8.98,42.23,34.95
3198,49.58,48.11,31.84
3208,47.98,49.62,29.66
3218,48.02,46.19,31.76
3228,49.97,50.76,31.03
3238,52.81,42.34,35.72
3248,-7.81,-6.01,-4.94
3258,50.05,42.90,32.14
3268,53.54,41.94,32.19
3278,49.89,42.76,32.07
3288,48.02,34.82,30.88
3298,49.45,42.83,30.36
3308,49.95,46.21,32.45
3318,-8.96,-8.75,-5.54
3328,47.94,40.10,30.81
3338,49.97,47.11,31.82
3348,52.83,42.34,32.45
3358,49.95,47.08,32.17
3368,46.65,51.04,32.40
3378,-8.09,-6.49,-5.23
3388,51.09,48.50,35.29
3398,48.58,46.66,36.06
3408,49.95,39.96,31.41
3418,46.85,40.49,34.80
3428,49.97,38.16,32.14
3438,51.04,42.80,31.01
3448,-9.28,-8.75,-5.80
3458,48.49,41.69,30.57
3468,54.21,42.81,32.81
3478,49.59,42.78,32.10
3488,49.91,47.04,31.02
3499,49.41,47.10,32.46
3509,-9.77,-9.22,-5.84
3519,50.01,40.01,32.52
3529,50.05,42.92,31.46
3539,49.89,47.43,36.42
3549,48.49,30.46,30.92
3559,50.52,47.08,31.00
3569,51.44,39.98,32.51
3579,-8.48,-7.42,-6.11
3589,53.50,41.15,31.65
3599,50.26,44.19,36.48
3609,53.37,43.25,31.37
3619,54.17,42.78,32.03
3629,49.55,45.37,31.23
3639,-9.26,-8.75,-5.83
3649,51.36,47.08,32.42
3659,49.95,51.99,32.17
3670,50.88,43.31,31.43
3680,53.92,47.18,32.45
3690,49.95,47.45,31.73
3700,49.41,47.11,32.42
3710,-9.28,-9.01,-6.11
3720,45.41,40.56,30.92
3730,50.80,47.11,32.81
3740,54.23,47.96,32.82
3750,50.15,47.62,31.72
3760,47.76,39.96,35.18
3770,-10.07,-9.03,-6.10
3780,51.72,47.41,32.63
3790,54.19,39.93,32.81
3800,49.16,40.46,31.13
3810,50.15,52.09,32.75
3820,49.06,51.62,31.40
3830,50.03,43.36,32.89
3840,-8.07,-7.26,-5.22
3850,55.59,44.66,36.07
3860,50.56,43.34,32.43
3870,50.48,48.49,32.50
3880,49.85,48.98,32.05
3890,47.46,44.29,30.81
3900,-9.26,-9.01,-6.10
3910,49.97,49.12,32.82
3920,49.87,51.86,32.77
3930,47.93,45.76,31.58
3940,50.44,43.76,32.80
3950,49.41,51.90,31.71
3960,54.19,43.29,32.45
3970,-8.07,-8.35,-5.22
