¦ÓbÂrÂ
MotorSpeedMeasurement
1000,0,0,0
1025,17.35,13.22,7.85
1050,9.79,7.91,5.49
1075,14.82,13.57,8.47
1100,19.75,18.65,12.17
1125,23.88,23.12,14.80
1150,27.76,27.17,17.76
1175,31.44,31.01,20.39
1200,34.85,34.27,23.01
1225,37.60,37.83,25.35
1250,40.93,40.42,27.77
1275,42.98,43.23,29.44
1300,45.95,45.74,31.26
1325,47.92,47.88,33.17
1350,50.06,50.20,34.57
1375,51.76,52.38,36.25
1400,54.15,54.50,37.81
1425,55.55,55.88,39.04
1451,57.29,57.63,40.58
1476,58.83,59.25,41.64
1501,60.16,60.80,42.91
1526,61.56,61.91,43.87
1551,63.02,63.00,45.30
1576,63.70,64.30,45.89
1601,65.35,65.69,47.26
1626,66.15,66.41,47.91
1651,66.99,67.26,48.67
1676,67.91,68.47,49.65
1701,69.23,69.05,50.46
1726,69.69,69.75,51.49
1751,70.17,70.72,51.90
1776,71.08,71.22,52.57
1801,72.10,71.71,53.13
1826,72.09,72.56,53.69
1851,73.31,73.22,54.34
1876,73.44,73.54,54.96
1901,74.13,74.14,55.57
1926,74.62,74.46,56.10
1951,75.11,75.02,56.60
1976,75.66,75.20,56.92
2001,75.99,76.09,57.38
2026,76.41,75.87,57.72
2051,76.60,76.80,58.04
2076,77.21,76.62,58.74
2101,77.31,77.03,59.07
2126,77.75,77.53,58.76
2151,78.06,77.84,60.22
2176,78.45,78.08,59.98
2202,78.47,78.20,60.19
2227,78.84,77.89,60.42
2251,79.22,79.30,61.04
2276,79.24,78.76,61.27
2301,79.59,79.32,61.14
2326,79.59,79.16,61.58
2351,80.02,79.39,61.98
2376,80.10,79.70,62.16
2401,80.44,79.96,62.57
2426,80.50,80.00,62.39
2451,80.66,79.96,62.54
2476,80.83,80.35,63.22
2501,80.92,80.51,62.84
2526,80.88,80.58,63.57
2551,81.06,80.02,63.62
2576,81.26,81.47,63.37
2601,81.57,80.74,63.78
2627,81.39,80.94,64.12
2651,81.61,81.02,64.10
2676,81.88,81.34,64.19
2701,81.67,81.23,64.33
2726,81.99,81.19,64.43
2751,82.29,81.22,64.37
2776,81.94,81.76,64.74
2801,82.01,81.27,65.05
2827,81.83,81.43,64.79
2851,82.50,81.75,64.79
2876,82.50,81.69,65.14
2902,82.40,81.79,65.34
2927,82.46,81.84,65.07
2953,82.65,81.63,65.52
2977,82.59,82.09,65.26
3002,82.33,81.71,65.68
3027,82.62,82.08,65.67
3052,82.74,81.88,65.55
3077,82.82,82.27,65.82
3102,82.65,82.05,65.52
3127,82.90,81.29,65.99
3153,82.81,82.82,65.88
3177,82.49,82.07,65.81
3202,82.86,82.22,66.09
3228,82.97,82.26,66.06
3252,82.92,82.14,66.11
3277,82.92,82.38,66.22
3302,83.03,82.52,65.99
3328,83.23,82.19,66.25
3353,83.06,82.40,66.30
3378,83.00,82.29,65.73
3404,82.84,81.72,67.01
3428,83.22,83.23,66.59
3453,82.96,82.42,66.45
3478,83.08,81.99,66.52
3503,83.23,82.89,66.50
3529,82.97,82.46,66.57
3553,83.12,82.65,66.57
3578,83.03,82.51,66.63
3603,83.15,82.33,66.65
3628,83.11,82.81,66.62
3653,83.07,82.45,66.74
3678,83.26,82.77,66.67
3703,83.01,82.45,66.56
3728,83.20,82.44,66.89
3753,83.41,82.98,66.58
3778,83.20,82.47,66.76
3803,83.24,82.76,66.79
3828,83.03,82.56,67.15
3853,83.35,82.84,66.82
3878,83.14,82.71,66.86
3903,83.23,82.86,66.76
3928,83.22,82.51,66.83
3954,83.14,82.96,66.88
3978,83.31,82.56,66.84
4003,83.62,82.75,66.75
4028,83.35,82.97,66.86
4054,83.19,82.79,67.21
4080,83.53,83.01,66.86
4105,83.41,82.67,66.96
4129,83.20,82.66,66.80
4155,83.42,83.00,67.05
4179,83.31,82.76,67.17
4204,83.41,82.84,67.04
4230,83.43,82.93,66.89
4254,83.58,82.81,67.00
4279,83.50,82.83,66.82
4304,83.23,82.88,67.14
4329,83.51,82.94,67.35
4355,83.45,82.92,66.93
4379,83.67,82.85,67.05
4404,83.51,82.59,66.33
4430,83.27,83.04,67.71
4455,83.43,82.58,67.35
4480,83.73,83.18,66.96
4505,83.36,82.75,66.84
4530,83.47,83.01,67.19
4555,83.73,82.97,67.33
4580,83.57,82.96,66.97
4606,83.31,82.79,66.93
4630,83.58,83.04,67.12
4655,83.51,82.64,67.42
4680,83.80,83.27,67.11
4705,83.44,82.54,67.00
4730,83.49,83.26,66.90
4755,83.49,82.05,67.12
4780,83.89,83.69,67.42
4805,83.50,83.24,67.03
4830,83.56,82.78,67.15
4855,83.80,83.15,67.06
4880,83.53,82.69,67.40
4905,83.36,83.31,67.08
4930,83.61,82.96,67.16
4955,83.61,82.78,66.99
4980,83.80,82.80,67.45
5005,83.46,83.13,67.15
5030,83.50,83.23,66.94
5055,83.61,82.75,67.12
5080,83.97,82.95,67.55
5105,83.50,82.89,67.07
5131,83.53,83.05,67.24
5155,83.83,83.22,67.09
5181,83.49,82.78,67.49
5207,83.50,83.15,67.14
5231,83.76,82.89,67.09
5256,83.61,83.13,67.47
5282,83.83,82.85,67.09
5306,83.65,83.18,67.26
5331,83.41,83.01,67.07
5356,83.69,83.08,67.54
5381,83.65,83.16,67.16
5406,83.81,82.92,67.09
5432,83.69,83.09,67.58
5456,83.80,83.03,67.16
5481,83.62,83.15,67.15
5507,83.61,83.08,67.31
5532,83.58,83.00,67.39
5556,83.71,83.28,67.29
5581,83.84,83.02,67.12
5606,83.62,83.16,67.55
5633,83.83,83.33,67.23
5658,83.65,83.10,67.12
5682,83.73,83.15,67.58
5707,83.83,83.00,67.25
5732,83.81,83.24,67.12
5757,83.97,83.07,67.60
5782,83.65,83.20,67.18
5807,83.65,83.22,67.21
5832,84.09,83.07,67.58
5857,83.57,83.18,67.25
5882,84.10,83.40,67.17
5907,83.88,83.24,67.68
5933,83.69,83.20,67.23
