
MotorSpeedMeasurement
1000,0,0,0
1025,32.44,31.90,26.53
1050,43.43,44.31,39.13
1075,59.07,60.13,54.86
1101,70.33,72.20,66.85
1125,78.56,80.81,75.18
1152,85.63,87.59,82.31
1176,90.64,93.10,87.93
1201,94.66,97.25,91.82
1226,97.39,100.46,95.01
1251,99.89,102.98,97.78
1276,101.95,105.24,99.81
1301,103.23,106.80,101.40
1326,104.75,107.95,102.84
1351,105.45,109.09,104.06
1376,106.59,109.88,104.77
1401,106.95,110.56,105.48
1426,108.03,111.35,105.84
1452,108.01,111.59,106.71
1477,108.47,112.11,106.99
1502,109.08,112.20,107.22
1527,109.41,112.36,107.51
1552,109.37,112.47,107.62
1577,109.69,112.72,107.93
1602,109.80,113.05,107.87
1627,109.94,112.70,108.42
1652,109.97,112.84,108.34
1677,109.98,113.07,108.55
1702,110.19,112.93,108.40
1727,110.16,113.05,108.41
1752,110.45,112.97,108.78
1777,110.26,112.88,108.50
1802,110.13,113.27,108.91
1827,110.14,112.93,108.78
1852,110.18,113.27,108.50
1878,110.56,113.06,109.16
1902,110.32,113.02,108.55
1927,110.05,113.30,109.11
1952,110.13,113.05,108.92
1977,110.34,113.31,108.86
2002,110.52,113.13,109.11
2027,110.11,113.45,109.01
2052,110.13,112.99,108.67
2077,110.42,113.46,109.08
2102,110.66,113.10,108.95
2127,110.16,113.53,108.67
2152,110.29,113.24,108.99
2177,110.72,113.46,108.90
2202,110.28,113.33,108.79
2227,110.32,113.40,108.92
2252,110.26,113.55,108.63
2277,110.76,113.21,109.06
2302,110.30,113.48,108.97
2327,110.25,113.23,108.60
2352,110.86,113.56,109.17
2377,110.42,113.24,108.98
2402,110.20,113.37,108.64
2427,110.83,113.26,109.24
2452,109.73,113.66,109.06
2477,111.01,113.53,108.73
2502,110.04,113.33,109.10
2527,111.46,113.62,109.11
2552,110.27,113.19,108.74
2577,110.86,113.59,109.15
2603,110.49,113.58,108.84
2627,110.54,113.41,108.86
2652,110.85,113.62,109.25
2677,110.47,113.24,109.05
2702,110.42,113.62,108.60
2727,110.76,113.43,109.20
2752,110.52,113.70,108.83
2777,110.43,113.62,108.85
2802,110.85,113.40,109.15
2827,110.34,113.62,109.06
2852,110.90,113.58,108.65
2877,110.43,113.25,109.22
2903,110.66,113.69,108.79
2928,110.82,113.30,109.11
2953,110.47,113.55,108.98
2978,110.57,113.30,108.82
3003,110.92,113.71,109.08
3028,110.57,113.60,109.05
3053,110.52,113.30,108.64
3078,110.86,113.51,109.18
3103,110.54,113.28,109.07
3128,111.10,113.66,108.69
3153,110.59,113.64,109.13
3178,110.94,113.29,109.06
3203,110.50,113.66,108.96
3228,110.99,113.21,108.83
3253,110.61,113.55,108.95
3278,110.75,113.23,108.71
3303,110.83,113.64,109.20
3329,110.64,113.58,108.95
3354,111.09,113.31,108.68
3379,110.65,113.67,109.25
3404,110.68,112.51,108.96
3429,110.94,114.25,108.69
3454,110.68,113.31,109.16
3479,111.12,113.64,108.69
3504,110.54,113.67,109.12
3529,111.18,113.24,109.07
3554,110.58,113.59,108.67
3579,111.15,113.60,109.13
3604,109.97,113.34,109.00
3629,111.79,113.73,108.85
3654,110.61,113.28,109.11
3679,110.47,113.64,109.00
3704,111.43,113.31,108.87
3729,111.03,113.66,108.92
3755,110.61,113.53,109.24
3779,111.14,113.43,109.13
3804,110.61,113.60,108.69
3829,110.89,113.30,109.19
3854,110.99,113.68,109.15
3879,111.01,113.53,108.74
3904,110.74,113.39,109.17
3929,111.04,113.57,109.11
3954,110.69,113.53,108.74
3979,110.74,113.37,109.17
4004,110.96,113.48,109.07
4029,110.63,113.27,108.76
4055,111.08,113.67,109.16
4080,110.58,113.19,109.10
4105,110.95,113.49,108.59
4130,110.71,113.36,109.32
4155,110.94,113.54,108.95
4180,110.61,113.60,108.67
4205,110.65,113.25,109.15
4230,111.01,113.55,108.95
4255,110.76,113.38,108.74
4280,111.06,113.62,109.17
4305,110.61,113.57,109.00
4330,111.17,112.71,108.81
4355,110.56,114.20,108.91
4380,111.11,112.76,108.77
4405,110.72,114.33,108.99
4430,110.94,113.58,109.00
4455,110.61,113.21,108.76
4481,110.69,113.69,109.15
4506,111.11,113.21,109.09
4531,110.54,113.57,108.71
4556,111.01,113.36,109.24
4581,110.77,113.57,109.15
4606,111.06,113.62,108.85
4631,110.61,113.29,109.06
4656,111.17,113.62,109.31
4681,110.59,113.64,109.21
4706,111.17,113.40,108.78
4731,110.78,113.67,109.31
4756,111.06,113.41,109.13
4781,110.61,113.70,109.14
4806,111.18,113.67,109.03
4831,110.65,113.43,109.05
4856,111.06,113.62,109.19
4881,110.77,113.40,108.80
4907,111.01,113.71,109.36
4931,110.72,113.77,108.98
4956,110.76,113.52,109.27
4981,111.06,113.54,108.92
5006,110.76,113.77,109.40
5031,111.09,113.33,109.10
5056,110.76,113.70,109.23
5081,111.14,113.68,108.83
5106,111.08,113.24,109.34
5131,110.72,113.72,109.09
5156,110.90,113.38,109.01
5181,111.04,113.57,109.08
5207,111.27,113.57,109.36
5232,110.21,113.19,109.21
5257,111.86,113.71,108.87
5282,110.87,113.17,109.31
5307,111.45,113.66,109.20
5332,110.82,113.24,108.88
5357,111.24,113.46,109.08
5382,111.23,113.14,109.25
5407,110.87,113.56,109.15
5432,111.39,113.10,108.80
5457,110.85,113.62,109.17
5482,111.23,113.44,109.09
5507,111.26,113.18,109.09
5532,111.01,113.46,108.91
5557,111.30,113.06,109.07
5582,110.89,113.53,109.07
5607,111.35,112.99,108.76
5633,111.35,113.56,109.30
5658,111.04,113.05,108.82
5683,111.30,113.53,108.99
5708,110.40,113.00,109.21
5733,111.93,113.34,109.13
5758,111.16,113.08,108.74
5783,111.28,113.24,109.15
5808,111.32,113.08,109.09
5833,110.56,113.01,108.90
5858,111.92,113.24,108.95
5883,111.35,113.06,108.77
5908,110.99,113.29,109.12
5933,111.37,112.88,108.98
