
MotorSpeedMeasurement
1000,0,0,0
1025,5.47,1.02,0.01
1050,0.08,2.06,0.00
1075,3.83,3.75,0.00
1100,5.03,5.17,0.26
1125,6.82,6.75,0.37
1150,7.72,8.19,1.95
1175,9.38,9.42,2.89
1200,10.79,10.47,3.76
1225,11.74,11.75,4.36
1250,12.57,13.12,4.95
1275,14.02,14.05,6.13
1300,15.20,14.87,6.27
1325,15.71,16.18,7.11
1350,17.16,16.95,7.90
1375,17.49,18.06,7.95
1400,18.70,18.69,8.87
1425,19.81,19.75,9.62
1451,20.10,20.49,9.81
1476,21.46,21.48,10.62
1501,21.79,21.92,11.08
1526,22.77,22.72,11.46
1551,23.38,23.49,11.83
1576,23.88,23.84,12.23
1601,24.54,24.53,12.43
1626,25.44,25.43,13.25
1651,25.77,25.89,13.47
1676,26.84,26.68,13.58
1701,26.85,26.80,14.40
1726,27.73,27.69,14.51
1751,28.28,28.15,14.75
1776,28.39,28.31,15.25
1801,29.14,29.00,15.37
1826,29.63,29.40,15.72
1851,30.17,30.04,16.11
1876,30.39,30.10,16.25
1901,30.88,30.74,16.53
1926,31.28,31.01,16.84
1951,31.72,31.10,16.76
1976,32.33,32.07,17.35
2001,32.28,32.05,17.58
2026,32.94,32.15,18.03
2051,33.14,32.86,17.70
2076,33.17,32.73,18.23
2101,33.71,33.32,18.60
2126,34.07,33.74,18.60
2151,34.62,33.89,18.79
2176,34.34,34.30,18.98
2201,34.93,34.36,18.96
2226,35.23,34.46,19.35
2251,35.70,34.80,19.74
2276,35.79,35.17,19.56
2301,35.09,35.58,20.05
2326,37.15,35.52,19.81
2351,36.25,35.83,20.51
2376,36.70,35.68,20.35
2401,36.79,36.15,20.14
2426,37.29,36.34,20.62
2451,37.02,36.69,20.98
2476,37.61,36.62,20.99
2501,37.58,36.78,20.94
2526,37.88,37.12,21.32
2551,38.18,37.12,21.19
2576,38.20,37.09,21.42
2601,38.54,37.67,21.39
2626,38.41,37.51,21.91
2651,38.75,37.55,21.77
2676,38.83,37.90,21.59
2701,38.92,38.10,21.98
2726,39.40,37.74,22.23
2751,39.19,38.22,22.02
2776,39.59,38.62,22.48
2801,39.46,38.25,22.11
2826,39.82,38.38,22.59
2851,39.73,38.77,22.66
2876,40.16,38.88,22.31
2902,39.87,38.84,22.90
2927,40.36,38.84,22.77
2952,40.48,38.88,22.90
2977,40.19,39.06,22.92
3002,40.58,39.05,22.68
3027,40.76,39.06,23.05
3052,40.68,39.47,23.32
3077,40.58,39.17,23.33
3102,41.21,39.77,23.16
3127,41.26,39.28,23.41
3152,41.12,39.80,23.28
3177,41.13,39.49,23.51
3202,41.02,39.82,23.49
3227,41.31,39.77,23.46
3252,41.72,39.94,23.65
3277,41.56,39.76,23.54
3302,41.29,40.07,23.73
3328,41.73,40.30,23.60
3353,42.01,39.89,23.94
3378,41.53,40.20,23.85
3403,41.86,40.42,23.73
3428,42.12,40.25,23.86
3453,41.87,40.14,24.25
3478,42.15,40.33,23.91
3503,42.29,40.50,24.05
3528,41.92,40.61,23.90
3553,42.36,40.58,24.36
3578,42.11,40.22,24.06
3603,42.43,40.89,24.00
3628,42.55,40.65,24.29
3653,42.15,40.38,24.40
3678,42.49,40.75,24.10
3703,42.78,40.65,24.52
3728,42.53,40.79,24.32
3753,42.41,40.87,24.51
3778,42.80,40.68,24.28
3803,42.69,40.89,24.28
3828,42.94,40.83,24.62
3853,42.80,40.96,24.28
3878,42.56,40.93,24.73
3903,42.89,40.91,24.33
3928,42.93,41.23,24.59
3953,42.99,40.63,24.45
3978,43.07,41.36,24.64
4003,43.14,41.03,24.55
4028,43.06,40.93,24.92
4054,43.14,41.23,24.34
4079,42.59,41.05,24.89
4104,43.74,41.01,24.52
4129,43.36,41.16,24.65
4154,43.04,40.99,25.00
4179,43.38,41.17,24.49
4204,43.09,41.03,24.99
4229,43.33,41.53,24.65
4254,43.33,41.19,24.75
4279,43.27,41.11,24.59
4304,43.37,41.30,24.78
4329,43.42,41.08,25.11
4354,43.73,41.53,24.70
4379,43.50,41.26,24.85
4404,43.44,41.15,24.71
4429,43.34,41.31,24.87
4454,43.51,41.11,25.17
4480,43.54,41.33,24.64
4505,43.49,41.19,24.83
4530,42.81,41.61,25.23
4555,44.16,41.24,24.92
4580,43.88,41.23,24.70
4605,43.59,41.46,25.15
4630,43.50,41.58,25.07
4655,43.48,41.30,24.92
4680,43.69,41.44,25.00
4705,43.99,41.24,24.84
4730,43.65,41.73,24.95
4755,43.46,41.35,25.22
4780,44.01,41.34,24.88
4805,43.75,41.38,24.95
4830,43.60,41.79,25.39
4855,43.70,41.48,25.07
4880,43.78,41.35,24.78
4905,44.09,41.86,25.09
4930,43.67,41.46,25.39
4955,43.73,41.37,24.82
4980,44.12,41.91,25.10
5005,43.69,41.39,25.39
5030,43.81,41.55,25.09
5055,44.14,41.91,24.81
5080,43.75,41.38,25.45
5105,43.83,41.56,25.07
5130,44.19,41.76,24.99
5155,43.89,41.67,25.18
5180,43.68,41.33,25.36
5206,43.92,42.06,25.22
5231,44.26,41.52,25.23
5256,43.81,41.56,25.37
5281,43.92,41.87,25.23
5306,44.27,41.53,24.95
5331,43.87,41.66,25.27
5356,43.86,41.83,25.46
5381,44.22,41.54,25.14
5406,43.91,41.58,25.29
5431,44.28,41.91,25.47
5456,44.06,41.62,25.17
5481,43.74,41.90,25.60
5506,44.28,41.49,25.05
5531,43.89,41.74,25.29
5556,43.92,41.82,25.46
5581,44.34,41.64,25.30
5606,43.83,41.95,25.39
5632,44.07,41.62,25.31
5657,44.42,41.74,25.23
5682,43.81,41.84,25.17
5707,44.40,41.65,25.57
5732,43.96,41.69,25.05
5757,43.99,41.92,25.32
5782,44.38,41.64,25.48
5807,43.89,41.88,25.19
5832,44.36,41.63,25.33
5857,43.95,41.70,25.25
5882,43.97,41.91,25.35
5907,44.30,41.65,25.59
5932,44.00,41.94,25.19
