
MotorSpeedMeasurement
1000,0,0,0
1025,32.03,31.19,23.70
1050,32.95,32.08,26.88
1075,43.38,43.47,35.52
1100,52.19,52.34,42.15
1125,59.30,60.38,48.25
1150,65.01,66.34,52.94
1175,70.64,71.69,57.42
1200,74.57,76.12,61.69
1225,78.40,80.15,65.12
1250,82.19,83.58,68.98
1275,84.78,86.23,71.85
1301,86.88,89.25,74.39
1325,89.61,91.33,76.52
1351,91.20,93.23,78.52
1376,93.13,95.10,80.66
1401,94.16,96.36,82.19
1426,95.49,97.70,83.56
1452,96.43,98.79,84.77
1477,97.60,100.08,86.36
1502,98.30,100.58,87.01
1526,98.79,101.36,88.31
1552,99.64,102.12,88.77
1577,100.21,102.50,89.72
1602,100.36,103.08,90.36
1627,100.95,103.80,91.33
1652,101.26,103.76,90.97
1677,101.77,104.12,92.56
1702,102.01,104.06,92.53
1727,102.54,104.80,92.95
1751,102.47,105.28,93.30
1777,102.80,105.87,93.64
1802,102.92,106.02,93.87
1827,103.04,106.03,94.21
1852,102.54,106.41,94.62
1878,103.94,105.82,94.64
1902,103.80,106.13,94.92
1927,103.29,105.84,95.10
1952,103.99,106.43,95.42
1977,103.47,106.18,95.41
2002,103.71,106.60,95.36
2027,104.10,106.46,95.74
2052,104.24,106.94,96.12
2077,103.93,106.80,96.00
2102,104.39,106.73,95.90
2127,103.83,106.48,96.18
2152,104.14,106.73,96.01
2177,103.97,106.88,96.56
2202,104.53,106.71,96.30
2227,104.48,106.82,96.14
2252,104.62,106.85,96.46
2277,104.10,106.94,96.80
2302,104.68,106.61,96.45
2327,104.60,106.94,96.73
2352,104.55,107.03,96.54
2377,104.19,106.97,96.49
2402,104.36,106.94,97.00
2427,104.60,106.68,96.61
2452,104.67,106.97,96.82
2477,104.73,107.10,96.45
2502,104.48,106.97,97.08
2527,104.65,107.04,96.53
2552,104.83,106.80,96.78
2577,104.68,107.06,97.03
2603,104.66,107.22,96.70
2627,104.41,107.09,96.95
2652,104.58,106.97,97.06
2677,104.44,107.17,96.76
2702,104.43,107.13,97.00
2727,104.34,107.29,96.84
2752,104.84,106.88,96.98
2777,104.92,107.10,96.62
2802,104.89,107.16,97.24
2827,105.11,107.30,96.64
2852,104.89,107.37,97.26
2877,104.77,107.13,96.67
2903,104.86,107.32,97.26
2928,104.79,107.21,96.88
2953,104.61,107.36,97.06
2978,104.99,106.89,96.88
3003,104.87,107.25,97.08
3028,104.91,107.37,96.90
3053,104.60,107.38,97.11
3078,103.85,107.17,96.96
3103,104.89,107.37,96.93
3128,104.80,107.24,97.12
3153,105.06,107.29,96.93
3178,105.16,107.55,97.11
3203,105.43,107.05,96.70
3228,105.48,107.19,97.29
3253,105.51,106.66,96.78
3278,105.50,108.05,97.27
3303,105.72,107.22,96.79
3329,106.23,107.24,97.14
3354,105.78,107.05,96.90
3379,105.48,107.55,97.30
3404,105.38,107.07,97.19
3429,105.09,107.15,97.02
3454,104.92,107.24,97.16
3479,104.72,107.22,97.17
3504,104.97,107.36,96.80
3529,105.24,107.27,97.16
3554,105.28,107.20,97.08
3579,105.90,107.24,97.49
3604,105.71,107.41,96.95
3629,105.43,107.36,97.09
3654,105.41,107.34,97.52
3679,105.23,107.25,96.93
3704,105.06,107.31,97.35
3729,104.99,107.43,97.30
3755,105.07,107.27,96.82
3779,105.21,107.01,97.46
3804,105.67,107.67,97.23
3829,105.47,107.46,97.04
3854,105.52,106.90,97.49
3879,105.40,107.41,97.11
3904,105.37,107.41,97.28
3929,105.14,107.85,97.50
3954,105.15,107.04,97.33
3979,105.16,107.31,97.08
4004,105.14,107.49,97.41
4029,105.28,107.46,97.44
4055,105.35,107.36,97.03
4080,105.76,107.41,97.48
4105,105.45,107.38,97.43
4130,105.30,107.39,97.28
4154,105.30,107.51,97.43
4180,105.32,107.24,97.40
4205,105.30,107.36,97.03
4230,105.00,107.43,97.36
4255,105.27,107.41,97.59
4280,105.59,107.29,97.49
4305,105.29,107.29,97.26
4330,105.37,107.53,97.40
4355,105.19,107.29,97.39
4380,105.47,107.36,97.24
4405,105.31,107.38,97.38
4430,105.34,107.41,97.64
4455,105.23,107.50,97.37
4481,105.22,107.36,97.31
4506,105.19,107.37,97.47
4531,105.23,107.24,97.34
4556,105.27,107.47,97.05
4581,105.69,107.31,97.57
4606,105.35,107.42,96.64
4631,105.24,107.26,97.99
4656,105.38,107.39,97.32
4680,105.38,107.08,97.46
4706,105.17,107.66,97.60
4731,105.19,107.22,97.12
4756,105.40,107.34,97.47
4781,105.53,107.38,97.54
4806,105.24,107.27,97.06
4831,105.23,107.04,97.57
4856,105.34,107.31,97.42
4881,105.14,107.24,97.42
4907,105.37,107.37,97.30
4931,105.42,107.29,97.39
4956,105.26,107.29,97.49
4981,105.34,107.42,97.08
5006,105.61,107.27,97.42
5031,105.01,107.25,97.66
5056,105.57,107.31,97.39
5081,105.26,107.38,97.12
5106,105.30,107.42,97.50
5131,105.11,107.29,97.47
5156,105.30,107.27,97.06
5181,105.28,107.38,97.58
5207,105.29,107.56,97.50
5232,105.44,107.37,97.26
5257,105.15,107.36,97.37
5282,105.29,107.32,97.41
5307,105.58,107.43,96.82
5332,105.09,107.47,97.86
5357,105.69,107.41,97.39
5382,105.16,107.39,97.43
5407,105.30,107.54,97.08
5432,105.29,107.51,97.63
5457,105.32,107.39,97.48
5482,105.32,107.50,97.08
5507,105.26,107.52,97.42
5532,105.29,107.37,97.59
5557,105.55,107.45,97.50
5582,105.25,107.36,97.11
5607,105.37,107.52,97.58
5633,105.35,107.49,97.48
5658,105.15,107.41,97.14
5683,105.35,107.43,97.58
5708,105.25,107.51,97.48
5733,105.35,107.27,97.40
5758,105.22,107.47,97.30
5783,105.33,107.45,97.40
5808,105.52,107.57,97.52
5833,105.40,107.29,97.11
5858,105.37,107.46,97.40
5883,105.23,107.42,97.69
5908,105.40,107.60,97.43
5933,105.28,107.45,97.11
