,7¸©s4908.27,7ô
MotorSpeedMeasurement
1000,225.87,190.78,190.05
1002,100.13,76.45,158.73
1005,90.58,62.97,169.78
1007,133.45,101.90,182.48
1010,142.05,122.75,184.91
1014,167.50,145.67,215.21
1019,205.38,176.06,243.31
1025,233.28,219.47,278.66
1030,257.12,246.21,284.52
1035,294.81,270.27,305.34
1040,295.20,308.88,355.73
1045,359.71,348.08,354.05
1050,368.79,354.33,379.09
1055,394.19,384.32,396.20
1060,401.99,403.54,425.04
1065,424.38,440.00,423.73
1071,446.78,453.47,456.35
1076,464.76,466.93,463.32
1081,477.33,482.25,479.62
1086,504.66,502.01,486.76
1091,504.03,519.63,515.06
1096,526.52,536.99,507.42
1101,535.99,546.02,537.85
1106,547.73,555.56,540.96
1112,559.55,571.32,550.75
1117,565.96,587.77,555.13
1122,575.40,587.31,579.60
1127,593.87,608.80,576.31
1132,605.94,618.52,583.20
1137,598.09,622.08,601.44
1142,619.01,631.91,605.94
1147,602.86,637.07,602.18
1153,650.63,646.05,618.72
1158,634.42,660.96,625.49
1163,645.54,658.42,629.43
1168,661.06,661.99,624.02
1173,648.85,681.46,664.25
1178,666.67,683.06,644.03
1183,662.51,688.98,645.04
1188,682.18,688.26,667.19
1193,667.71,698.22,652.84
1199,686.27,702.58,675.68
1204,691.70,705.88,660.45
1209,690.18,706.65,681.46
1214,685.74,714.85,673.53
1219,700.00,731.23,680.40
1224,702.03,720.97,693.34
1229,705.88,726.06,689.52
1234,710.34,725.49,685.20
1240,719.70,741.61,694.44
1245,717.70,732.96,697.13
1250,719.42,746.86,700.39
1255,716.50,738.15,683.06
1260,719.28,751.58,726.63
1265,726.06,743.35,709.22
1270,738.82,752.31,711.46
1275,726.63,747.44,714.29
1281,730.21,758.16,714.85
1286,745.97,765.51,725.49
1291,727.41,747.70,714.29
1296,750.99,768.32,720.00
1301,733.02,765.91,720.97
1306,751.58,770.14,733.02
1311,741.19,755.23,725.81
1316,753.48,772.58,725.49
1321,739.88,750.00,722.09
1327,758.18,793.02,740.45
1332,742.19,773.40,728.92
1337,757.58,780.00,726.63
1342,759.35,776.40,743.35
1346,748.62,764.71,733.54
1351,759.35,783.13,731.90
1356,765.31,780.03,742.19
1361,750.39,779.42,733.54
1367,764.11,780.64,748.03
1372,762.91,780.64,731.33
1377,755.17,783.70,750.99
1382,764.53,784.31,739.41
1387,768.32,784.93,745.98
1392,771.36,788.02,739.41
1397,756.40,786.16,748.27
1402,772.36,787.40,740.00
1408,767.46,787.40,751.16
1413,773.81,789.89,742.38
1418,769.23,784.84,748.85
1423,761.83,799.53,744.17
1428,771.60,789.89,750.00
1433,775.04,789.27,738.15
1438,771.60,793.65,759.39
1443,779.38,787.86,740.45
1448,774.59,793.02,754.64
1454,773.99,790.90,745.10
1459,766.51,790.51,753.97
1464,774.42,797.45,745.10
1469,780.62,788.46,755.17
1474,774.59,807.09,754.06
1479,775.80,794.28,741.61
1484,780.64,792.12,761.83
1489,783.76,793.65,741.61
1495,776.40,792.73,758.16
1500,781.25,796.81,754.06
1505,778.21,793.34,742.19
1510,780.03,805.82,762.44
1515,770.14,795.19,743.35
1520,780.64,798.08,758.16
1525,779.42,795.81,755.23
1530,783.13,799.36,750.20
1536,781.25,785.44,755.23
1541,782.47,818.69,742.77
1546,781.86,792.12,759.94
1551,781.25,801.92,756.40
1556,782.47,795.19,749.59
1561,783.70,796.43,756.99
1566,786.92,808.36,743.93
1571,778.88,796.43,759.94
1576,782.47,799.36,748.62
1582,788.20,796.43,758.79
1587,783.70,801.92,755.81
1592,759.30,807.69,725.74
1597,809.72,794.57,780.00
1602,780.65,800.64,757.58
1607,787.40,798.29,723.79
1611,786.29,801.28,781.88
1616,780.65,803.37,727.97
1622,790.11,800.16,778.75
1627,761.61,799.36,756.99
1632,784.31,794.57,745.10
1637,805.82,800.16,764.90
1642,785.55,809.00,745.98
1647,784.93,797.67,760.00
1652,786.78,798.91,756.40
1657,785.55,800.64,744.51
1662,785.55,809.56,761.12
1668,783.09,800.00,756.40
1673,788.64,797.67,743.93
1678,784.31,798.91,742.77
1683,786.78,796.43,769.53
1688,784.93,813.49,759.39
1693,786.78,797.05,758.16
1698,783.04,798.29,742.77
1703,789.47,800.64,763.51
1709,784.84,798.91,756.40
1714,786.29,812.20,752.64
1719,786.65,797.05,758.16
1724,797.05,799.53,745.98
1729,784.31,803.21,760.00
1734,788.02,808.94,756.99
1739,786.16,797.05,744.51
1744,786.78,800.64,761.12
1750,784.31,800.16,756.40
1755,788.02,810.19,752.64
1760,788.02,802.57,758.16
1765,784.93,799.53,726.86
1770,788.02,797.67,779.38
1775,788.02,799.36,757.58
1780,788.02,811.44,751.42
1785,781.85,798.91,757.58
1790,781.86,798.91,744.84
1796,792.39,803.21,761.22
1801,786.78,806.45,756.40
1806,786.78,800.78,746.27
1811,786.78,763.36,759.94
1816,784.84,843.62,759.35
1821,786.78,808.31,751.42
1826,788.02,801.92,757.58
1831,787.40,797.67,745.98
1837,788.64,799.53,760.61
1842,783.09,798.29,758.16
1847,791.14,812.20,746.27
1852,786.65,800.16,759.94
1857,786.16,798.29,757.58
1862,788.64,801.92,751.42
1867,786.16,810.19,757.58
1872,796.43,798.29,745.98
1876,787.40,800.16,760.61
1882,787.40,803.21,758.16
1887,788.02,809.56,744.51
1892,786.78,803.21,761.72
1897,788.64,798.91,735.86
1902,786.16,797.05,774.25
1907,788.02,801.41,757.58
1912,782.44,812.85,744.51
1917,787.40,798.91,761.12
1923,783.09,797.67,756.40
1928,791.14,803.86,747.44
1933,786.78,809.56,763.05
1938,786.78,797.05,747.70
1943,788.02,802.66,758.79
1948,786.78,801.92,757.58
1953,787.25,811.44,744.51
1958,785.55,797.67,761.12
1964,788.02,803.21,758.16
1969,786.16,799.53,745.68
1974,788.02,808.94,763.05
1979,767.46,803.86,747.70
1984,806.45,800.16,758.18
1989,787.86,796.43,758.16
1994,787.40,801.41,742.77
1999,797.67,812.85,763.51
2004,788.02,798.91,756.40
2010,786.78,799.53,747.44
2015,789.27,803.21,763.05
2020,786.78,808.31,748.27
2025,784.93,800.16,756.97
2030,789.89,803.86,759.35
2035,786.78,800.16,744.51
2040,783.64,809.56,761.12
2045,787.40,800.16,758.75
2051,787.40,802.57,745.68
2056,788.02,800.16,762.44
2061,786.78,807.07,748.85
2066,789.27,800.78,758.18
2071,786.65,803.86,757.58
2076,786.16,798.91,745.10
2081,788.64,798.29,761.12
2086,784.31,815.43,748.03
2092,790.51,798.91,761.22
2097,787.86,798.91,756.99
2102,786.78,798.29,745.10
2107,786.78,816.73,761.72
2112,798.29,798.91,757.58
2117,789.27,800.16,744.51
2122,789.27,804.51,761.12
2127,787.40,807.69,749.21
2131,789.27,800.16,759.39
2137,787.40,799.53,756.99
2142,787.40,802.57,744.51
2147,784.84,790.29,761.12
2152,787.40,820.31,757.58
2157,786.78,802.57,713.73
2162,788.64,800.78,797.22
2167,785.55,809.56,745.68
2172,791.14,798.91,759.94
2178,785.44,804.51,758.16
2183,788.02,802.03,743.93
2188,789.27,809.56,761.72
2193,784.31,799.53,748.62
2198,790.51,781.25,759.39
2203,776.52,822.63,757.58
2208,798.08,808.94,744.51
2213,787.40,802.57,759.94
2219,798.29,800.16,758.75
2224,786.16,799.53,743.93
2229,789.27,800.16,764.28
2234,788.02,814.14,746.55
2239,788.64,799.53,758.79
2244,786.16,802.03,757.58
2249,789.89,777.60,743.93
2254,782.44,835.99,761.12
2259,787.40,799.53,749.80
2265,788.64,798.91,758.79
2270,787.40,781.86,755.81
2275,786.78,834.00,743.93
2280,788.02,800.78,761.12
2285,784.84,798.29,756.99
2290,786.16,781.86,750.20
2295,789.89,832.67,758.75
2300,788.02,799.53,726.86
2306,786.78,800.16,778.75
2311,788.02,803.86,756.40
2316,788.02,810.81,744.51
2321,786.65,798.91,764.28
2326,797.05,801.41,753.58
2331,778.75,804.51,751.42
2336,796.43,810.19,758.16
2341,787.40,799.53,744.51
2347,788.02,800.16,761.12
2352,788.02,803.21,755.23
2357,789.27,809.56,752.03
2362,786.78,802.57,756.40
2367,782.44,800.78,746.27
2372,789.89,799.53,759.35
2377,786.78,800.16,758.16
2382,788.64,814.14,745.10
2387,786.78,798.29,759.94
2393,788.02,803.29,749.80
2398,787.40,809.56,757.58
2402,784.84,803.86,756.40
2407,787.40,799.53,746.27
2412,788.64,800.78,759.94
2417,787.40,811.44,758.16
2422,789.27,798.91,750.20
2427,784.31,804.51,755.23
2433,787.86,799.53,747.13
2438,789.27,807.69,758.79
2443,795.81,805.80,756.99
2448,788.02,800.16,745.10
2453,786.16,800.16,761.12
2458,788.02,810.81,749.21
2463,788.64,803.86,757.58
2468,786.78,799.53,758.16
2473,789.89,800.16,745.10
2479,786.78,780.64,761.12
2484,782.44,836.65,748.62
2489,790.11,800.16,754.06
2494,786.04,800.78,763.05
2499,786.78,790.29,747.13
2504,788.64,820.95,758.79
2509,787.40,803.86,756.99
2514,786.78,798.29,744.51
2520,787.40,800.78,763.67
2525,784.84,814.79,746.55
2530,788.64,800.16,759.39
2535,787.40,801.41,757.58
2540,788.02,808.94,741.03
2545,786.16,807.10,763.51
2550,787.25,798.91,758.16
2555,786.16,802.66,724.92
2561,788.64,799.53,783.76
2566,796.43,815.43,747.13
2571,788.02,799.53,758.79
2576,787.40,801.41,758.16
2581,787.40,810.19,742.77
2586,788.64,803.21,762.91
2591,788.64,800.78,749.21
2596,786.78,800.16,759.39
2601,789.27,798.91,754.06
2607,782.44,818.04,747.44
2612,784.93,800.16,759.94
2617,791.14,802.66,758.16
2622,786.16,811.44,744.51
2627,788.64,803.21,764.28
2632,765.11,800.78,746.55
2637,811.69,798.91,758.79
2642,784.84,814.58,756.99
2648,789.27,799.53,745.10
2652,788.02,805.15,760.53
2657,766.87,798.29,749.21
2662,788.02,810.19,760.00
2667,809.00,803.92,756.40
2672,797.05,800.16,747.13
2677,778.13,804.51,758.79
2682,797.67,810.81,755.23
2688,788.02,801.41,746.27
2693,786.78,802.66,760.53
2698,789.27,804.51,749.80
2703,786.78,810.19,760.00
2708,790.51,800.16,756.40
2713,781.85,802.03,744.51
2718,788.02,803.86,756.99
2723,788.64,811.44,752.77
2728,787.40,801.41,759.39
2734,787.40,800.78,757.58
2739,785.55,799.53,745.68
2744,790.51,816.08,759.94
2749,784.24,801.41,749.21
2754,784.93,800.78,751.73
2759,790.51,805.15,764.90
2764,788.64,812.06,745.98
2769,787.40,800.16,759.39
2775,788.02,803.29,757.58
2780,786.65,808.94,745.10
2785,786.16,807.75,758.75
2790,794.57,800.16,756.99
2795,791.77,803.29,751.42
2800,787.40,810.19,752.90
2805,788.02,800.78,730.77
2810,783.09,805.80,776.89
2816,791.77,799.53,759.94
2821,787.40,812.06,745.68
2826,787.40,805.15,760.61
2831,782.44,800.78,748.85
2836,768.32,802.66,757.58
2841,807.72,812.06,757.58
2846,784.93,799.53,743.93
2851,789.89,803.29,760.53
2856,786.78,799.53,747.44
2862,786.78,818.04,761.22
2867,786.78,802.66,757.58
2872,784.24,802.66,743.93
2877,786.78,810.81,761.12
2882,787.40,804.51,756.99
2887,786.78,802.66,744.51
2892,788.02,798.29,763.67
2897,784.93,814.58,745.98
2903,787.40,801.41,756.37
2907,787.86,802.03,759.94
2912,786.16,806.45,743.93
2917,787.40,812.06,759.39
2922,784.93,801.41,750.00
2927,797.67,803.92,758.79
2932,787.40,798.29,756.40
2937,785.55,820.00,745.10
2942,789.89,801.41,758.16
2948,785.55,802.66,750.99
2953,789.27,811.44,756.97
2958,787.40,802.03,754.64
2963,780.06,781.86,747.70
2968,790.51,822.63,758.18
2973,784.31,813.95,756.99
2978,789.89,800.16,749.59
2983,786.78,803.29,757.58
2989,787.40,799.53,743.35
2994,788.02,818.04,759.94
2999,784.84,802.66,752.90
3004,788.02,802.03,752.64
3009,788.64,802.03,755.81
3014,785.55,818.69,744.51
3019,788.02,796.06,758.75
3024,786.78,808.41,757.58
3030,787.40,811.44,743.93
3035,786.78,801.41,761.22
3040,784.84,802.03,746.55
3045,789.89,804.51,756.97
3050,797.05,812.69,756.40
3055,787.40,802.66,745.10
3060,788.64,801.41,758.75
3065,785.55,800.78,749.21
3070,789.89,818.69,757.58
3076,786.78,801.41,754.06
3081,785.55,803.92,745.10
3086,788.64,812.06,763.05
3091,763.94,801.41,745.98
3096,807.09,803.29,758.18
3101,786.78,804.51,756.99
3106,787.40,813.95,742.77
3111,788.02,803.29,764.28
3117,786.78,801.41,745.41
3122,788.02,792.12,758.18
3127,786.65,824.62,753.48
3132,785.55,803.92,745.10
3137,786.78,802.03,760.53
3142,788.64,813.32,749.21
3147,788.02,802.03,758.79
3152,787.25,803.29,754.64
3158,788.83,800.16,744.51
3163,786.04,818.69,760.53
3168,797.67,800.78,748.03
3173,778.13,803.92,757.58
3178,798.29,813.32,757.58
3183,787.40,801.41,744.51
3187,789.27,806.45,757.58
3192,787.40,801.41,756.99
3197,786.16,811.44,750.20
3203,788.64,803.29,755.81
3208,783.64,800.78,743.93
3213,787.40,806.45,760.53
3218,787.40,813.32,756.99
3223,786.78,802.03,749.59
3228,788.02,803.29,756.40
3233,767.46,813.32,727.41
3238,807.72,798.91,776.27
3244,788.02,807.75,757.58
3249,786.78,803.92,747.78
3254,789.27,813.32,758.16
3259,786.78,800.78,744.51
3264,768.05,803.29,759.35
3269,808.36,781.86,758.16
3274,785.55,835.99,742.77
3279,789.89,803.92,761.72
3284,797.05,800.78,756.99
3290,788.02,813.95,749.59
3295,789.27,802.03,756.99
3300,787.40,800.78,742.77
3305,788.64,807.75,761.72
3310,787.40,813.95,749.21
3315,786.16,802.66,755.17
3320,784.84,804.55,756.99
3325,787.40,811.44,745.68
3331,785.55,807.75,758.75
3336,789.27,799.70,758.75
3341,788.02,805.80,750.20
3346,786.16,812.06,758.16
3351,787.25,802.03,743.93
3356,788.02,802.03,759.94
3361,788.64,803.92,755.81
3366,786.16,814.79,744.51
3372,788.64,803.29,763.67
3377,787.25,803.92,745.98
3382,767.11,810.81,755.77
3387,807.09,803.29,761.12
3392,797.05,805.18,744.51
3397,786.78,807.10,757.58
3402,788.64,812.06,751.58
3407,787.40,802.66,757.58
3412,789.27,803.29,756.99
3418,786.16,812.06,741.61
3423,789.27,805.15,763.51
3428,782.44,803.29,758.16
3432,792.04,800.16,749.59
3437,787.40,804.55,756.99
3442,783.64,811.44,747.13
3447,787.40,802.66,757.58
3452,786.78,805.80,756.40
3458,787.40,813.95,744.51
3463,788.02,802.03,764.90
3468,785.44,802.66,746.55
3473,788.02,813.32,758.79
3478,788.64,802.03,756.40
3483,765.70,802.03,743.35
3488,809.72,783.09,761.12
3493,786.65,837.99,756.99
3499,787.56,802.66,748.99
3504,787.86,801.41,758.75
3509,786.16,803.92,745.10
3514,797.05,811.44,760.53
3519,787.40,806.45,756.40
3524,788.64,800.78,743.93
3529,788.64,814.58,763.67
3534,786.78,802.03,745.98
3539,788.64,804.55,754.57
3545,787.40,806.45,761.72
3550,787.40,812.06,744.51
3555,781.85,802.03,761.22
3560,789.27,803.29,748.85
3565,787.40,812.69,758.79
3570,786.16,800.16,756.40
3575,786.04,804.55,743.35
3580,791.40,805.15,761.72
3586,785.44,812.06,750.39
3591,785.55,803.29,759.39
3596,791.77,802.03,754.64
3601,786.16,802.03,748.27
3606,788.64,817.38,755.77
3611,787.86,801.41,759.35
3616,786.78,804.55,745.10
3621,788.64,812.69,759.94
3627,797.05,800.78,749.80
3632,786.78,804.55,760.00
3637,789.27,804.51,756.40
3642,788.64,813.32,743.93
3647,788.64,799.53,760.53
3652,782.44,804.55,756.40
3657,795.27,801.41,751.42
3662,782.44,815.43,757.58
3667,788.02,803.29,745.68
3673,788.64,801.41,759.35
3678,786.78,813.32,756.40
3683,788.64,802.03,744.51
3688,784.84,805.80,764.28
3693,788.02,801.41,743.35
3697,788.02,813.95,761.12
3702,789.27,802.03,757.58
3707,788.02,804.55,743.93
3713,789.27,804.51,760.53
3718,786.04,813.95,748.03
3723,788.02,800.78,758.79
3728,797.67,803.29,757.58
3733,788.02,811.44,745.41
3738,788.02,803.92,759.39
3743,788.02,800.16,757.58
3748,788.02,783.70,745.68
3753,788.64,834.00,762.44
3759,763.36,801.41,727.97
3764,808.36,804.55,777.51
3769,788.02,807.10,756.40
3774,786.78,812.69,743.93
3779,791.14,800.16,760.53
3784,787.40,803.92,749.21
3789,788.64,810.81,758.18
3794,784.24,802.03,757.58
3800,787.40,800.78,743.35
3805,786.78,805.80,761.12
3810,788.02,810.81,756.99
3815,787.40,802.66,750.20
3820,789.68,799.53,756.40
3825,767.11,802.66,745.68
3830,818.39,814.79,759.94
3835,789.27,800.78,756.99
3841,787.40,802.03,743.35
3846,788.02,806.45,763.67
3851,787.40,811.44,745.98
3856,787.40,798.29,757.58
3861,787.40,803.29,758.75
3866,789.27,801.41,745.10
3871,783.64,815.43,758.16
3876,786.16,801.41,739.30
3881,789.27,802.03,771.73
3887,786.16,808.31,754.06
3892,789.27,803.29,745.68
3897,785.44,805.15,760.53
3902,786.78,800.16,749.21
3907,788.64,811.44,758.79
3912,788.64,805.15,757.58
3917,787.40,796.06,746.55
3922,788.64,807.75,758.79
3928,786.65,811.44,755.81
3933,787.40,799.53,750.81
3938,798.29,803.29,754.15
3943,788.64,803.21,747.44
3948,788.02,812.06,759.39
3953,789.27,799.53,758.16
3958,787.40,800.16,743.35
3962,787.40,805.80,761.12
3968,787.40,809.56,748.62
3973,786.78,802.66,755.17
3978,784.84,800.16,759.35
3983,786.16,802.57,745.10
3988,787.40,813.95,758.75
3993,788.64,800.78,756.99
3998,788.64,800.78,749.59
4003,788.64,813.95,756.40
4008,786.65,803.86,742.77
4014,784.31,800.78,760.53
4019,791.14,802.03,755.81
4024,785.55,812.06,749.59
4029,789.27,803.86,756.99
4034,796.66,798.48,745.98
4039,778.13,803.86,757.58
4044,797.05,810.81,755.23
4049,786.78,802.03,723.22
4055,789.89,802.57,782.50
4060,789.27,802.03,743.93
4065,787.40,810.81,758.75
4070,786.16,802.03,756.40
4075,791.14,802.66,750.81
4080,788.02,804.51,755.23
4085,784.24,810.81,742.77
4090,788.02,805.15,758.16
4096,786.78,797.27,756.40
4101,788.64,800.78,750.81
4106,788.02,815.43,756.40
4111,788.64,800.78,744.51
4116,786.04,800.16,758.75
4121,788.02,803.29,755.23
4126,789.27,814.14,750.20
4131,785.55,801.41,755.81
4136,788.46,800.78,741.61
4142,788.64,799.53,761.12
4147,796.43,818.04,756.99
4152,785.55,800.78,740.45
4157,790.51,803.29,764.90
4162,787.40,810.81,746.55
4167,787.40,781.25,756.37
4172,789.27,826.61,756.40
4177,787.40,802.03,748.99
4183,789.27,810.19,756.40
4188,783.04,799.53,743.35
4193,789.27,802.66,759.35
4198,787.40,802.57,756.40
4203,788.64,813.32,750.20
4208,784.31,802.03,754.06
4213,785.44,799.53,744.51
4217,790.51,806.45,759.35
4222,788.02,813.32,756.40
4228,788.02,799.53,748.99
4233,789.27,805.18,756.99
4238,786.04,810.81,743.35
4243,788.02,806.45,759.35
4248,798.91,801.41,754.06
4253,786.78,800.16,750.81
4258,788.64,813.32,755.81
4263,787.40,801.41,726.86
4269,786.16,801.41,776.27
4274,790.51,803.86,758.75
4279,786.78,812.69,747.78
4284,788.64,802.03,755.81
4289,780.65,800.78,747.70
4294,789.89,806.45,756.97
4299,788.64,812.06,755.81
4304,788.64,801.41,748.38
4310,788.64,801.41,758.16
4315,786.78,813.32,743.35
4320,789.89,805.80,759.35
4325,782.44,802.66,752.90
4330,788.02,800.78,752.03
4335,789.27,812.06,755.23
4340,785.55,802.66,741.03
4345,788.46,798.29,764.71
4350,786.78,806.45,755.23
4356,789.89,813.32,752.64
4361,798.29,800.78,755.81
4366,787.40,802.66,745.41
4371,789.89,805.80,758.18
4376,788.02,812.69,755.23
4381,787.40,800.78,744.51
4386,786.78,803.92,762.44
4391,789.27,800.16,727.41
4397,786.78,818.04,778.75
4402,783.64,802.03,755.81
4407,786.78,801.41,743.35
4412,789.27,811.44,764.28
4417,787.40,803.29,745.41
4422,788.64,800.78,756.37
4427,765.70,804.51,759.35
4432,808.36,813.32,745.10
4438,785.55,802.03,758.75
4443,786.16,801.41,748.03
4448,791.14,793.34,758.79
4453,788.64,825.95,756.99
4458,787.25,800.78,743.35
4463,787.40,803.92,760.53
4468,797.67,812.06,756.99
4473,789.27,801.41,745.10
4477,787.40,807.10,761.22
4483,789.27,802.66,743.93
4488,784.93,808.94,760.53
4493,790.51,804.55,756.40
4498,787.40,800.78,750.20
4503,788.02,804.51,756.40
4508,782.44,813.32,744.51
4513,788.64,802.03,759.35
4518,788.02,802.03,756.99
4524,788.02,811.44,743.35
4529,766.28,802.66,763.67
4534,807.72,803.92,744.27
4539,789.27,805.15,760.00
4544,786.16,812.06,754.64
4549,787.40,800.78,746.86
4554,787.86,802.66,759.94
4559,785.55,801.41,747.44
4564,790.11,816.73,760.61
4570,787.25,802.66,755.81
4575,788.02,800.78,743.93
4580,797.67,802.66,759.94
4585,788.02,811.44,756.99
4590,788.64,805.15,744.51
4595,787.40,801.41,763.67
4600,786.16,810.81,742.19
4605,790.51,803.92,762.31
4611,782.44,803.29,755.81
4616,793.33,805.80,746.57
4621,783.64,811.44,760.53
4626,788.02,802.03,745.10
4631,787.40,803.29,754.64
4636,787.40,812.06,762.31
4641,788.64,803.86,744.51
4646,783.04,802.66,761.22
4652,788.64,799.53,747.13
4657,791.14,813.95,758.18
4662,781.25,803.29,756.99
4667,793.34,798.91,745.10
4672,768.93,807.10,763.05
4677,815.85,812.69,745.98
4682,779.38,801.41,758.18
4687,797.05,803.92,756.40
4692,784.93,812.69,743.93
4698,789.89,805.15,759.94
4703,788.02,801.41,756.99
4708,791.14,802.03,748.38
4713,787.40,802.66,759.35
4718,789.27,814.14,743.93
4723,783.04,805.18,760.53
4728,787.40,801.41,756.40
4733,789.27,810.81,750.81
4739,784.31,803.92,755.81
4744,787.25,800.78,726.86
4748,788.64,802.03,778.75
4753,788.64,817.38,756.99
4758,786.16,801.41,743.93
4763,789.27,803.92,759.94
4768,790.51,812.69,748.62
4773,789.27,804.51,758.79
4779,795.45,800.78,755.81
4784,788.02,800.78,743.35
4789,788.02,814.58,761.12
4794,787.40,801.41,757.58
4799,788.02,802.66,751.42
4804,788.02,804.51,755.81
4809,783.64,811.44,743.93
4814,793.33,803.29,759.94
4819,782.44,800.16,755.81
4825,788.02,802.66,750.81
4830,788.64,816.73,756.99
4835,788.64,801.41,743.35
4840,787.40,802.66,759.94
4845,786.04,813.95,755.81
4850,786.16,800.16,743.35
4855,789.89,805.15,763.67
4860,787.40,801.41,742.77
4866,788.02,813.95,758.75
4871,786.65,800.78,759.35
4876,789.27,803.29,744.51
4881,788.64,805.15,761.83
4886,798.91,810.19,745.98
4891,784.93,802.66,756.97
4896,789.27,802.66,754.64
4901,788.02,801.41,745.10
4907,789.27,816.73,762.44
4912,787.40,801.41,746.55
4917,786.16,803.92,758.18
4922,785.44,811.44,756.99
4927,787.40,800.78,742.77
4932,788.02,803.92,760.53
4937,788.02,804.51,745.68
4942,787.40,810.81,759.39
4947,788.64,802.66,757.58
4953,786.65,802.66,744.51
4958,786.16,800.78,758.75
4963,788.64,815.43,746.27
4968,786.78,803.29,762.44
4973,786.16,800.78,755.23
4978,790.90,810.19,744.51
4983,786.78,807.10,760.53
4988,797.67,802.66,756.40
4994,778.75,803.29,747.78
4999,798.29,810.81,759.94
5004,789.27,802.03,742.77
5008,786.78,802.03,761.12
5013,790.51,782.47,755.23
5018,788.02,836.65,748.99
5023,785.55,799.53,758.16
5028,786.04,803.29,745.10
5033,787.40,811.44,756.99
5039,788.02,804.51,759.94
5044,787.40,801.41,743.93
5049,784.93,800.16,762.44
5054,791.14,814.58,746.55
5059,786.04,800.78,757.58
5064,786.78,803.29,756.40
5069,790.51,805.15,744.51
5074,786.78,813.95,763.05
5080,788.64,800.16,745.98
5085,787.86,803.29,758.18
5090,786.78,799.53,755.81
5095,798.29,818.04,742.77
5100,788.64,802.03,757.58
5105,787.40,802.66,759.94
5110,788.64,811.44,748.99
5115,786.78,803.29,757.58
5121,791.77,804.51,741.61
5126,788.02,801.41,762.31
5131,783.04,812.06,737.01
5136,789.27,801.41,770.48
5141,786.16,803.29,751.73
5146,788.64,800.78,748.62
5151,790.51,818.69,759.35
5156,783.64,800.78,754.06
5161,789.27,803.92,754.49
5167,786.78,799.53,755.81
5172,790.51,813.32,742.77
5177,789.27,804.51,761.12
5182,796.66,802.66,752.90
5187,778.13,810.81,746.86
5192,799.53,804.51,764.28
5197,788.02,802.03,744.27
5202,788.64,802.03,760.00
5208,788.02,812.06,755.81
5213,786.16,801.41,743.35
5218,786.65,805.80,763.67
5223,786.78,803.29,743.35
5228,789.89,810.81,760.53
5233,786.78,802.03,756.99
5238,790.51,803.92,744.51
5243,789.27,798.91,739.30
5249,787.25,818.04,768.93
5254,786.16,800.16,756.97
5259,789.27,803.29,756.40
5264,787.40,811.44,743.35
5269,768.64,799.53,759.94
5273,809.00,807.10,748.62
5278,787.40,799.53,758.18
5283,778.21,813.95,755.81
5288,809.00,801.41,742.77
5294,788.64,802.66,760.53
5299,789.27,806.45,748.03
5304,788.02,812.69,757.58
5309,789.89,800.16,756.99
5314,783.04,803.92,744.51
5319,788.02,811.44,758.75
5324,788.02,782.47,756.40
5329,789.27,822.88,750.81
5335,788.02,804.51,755.23
5340,788.02,811.44,743.35
5345,785.44,800.78,759.35
5350,788.64,802.66,756.40
5355,789.27,803.21,749.59
5360,787.40,815.22,755.81
5365,789.89,801.41,745.10
5370,786.65,802.03,759.35
5376,798.29,794.57,755.23
5381,788.02,827.28,750.20
5386,786.78,800.16,755.23
5391,789.27,804.55,746.55
5396,788.64,810.81,757.58
5401,785.55,803.29,757.58
5406,790.51,802.66,748.99
5411,786.78,804.51,755.23
5416,784.84,811.44,742.77
5422,788.64,803.29,759.94
5427,788.02,799.53,755.81
5432,788.64,803.92,749.59
5437,784.93,813.49,756.40
5442,791.14,803.29,745.98
5447,783.64,800.78,756.97
5452,787.40,815.22,755.23
5457,788.64,800.78,749.59
5463,787.40,803.92,751.73
5468,787.40,800.16,746.86
5473,788.02,818.69,758.75
5478,797.87,801.41,748.62
5483,786.16,802.66,758.79
5488,790.51,800.16,755.23
5493,788.02,816.08,743.35
5498,787.40,802.66,759.35
5504,786.16,800.16,748.03
5509,789.27,812.69,757.58
5514,788.64,804.51,756.40
5519,763.36,800.16,744.51
5523,807.72,803.92,758.16
5529,788.02,812.06,748.62
5534,788.02,800.78,756.37
5538,786.16,803.29,752.90
5543,790.51,780.64,746.27
5549,786.16,835.99,740.45
5554,786.65,803.29,767.72
5559,787.40,801.41,758.18
5564,788.64,802.03,755.81
5569,767.46,792.73,742.77
5574,807.72,825.28,759.94
5579,788.64,799.53,756.40
5584,787.40,812.69,748.99
5590,798.91,805.15,756.40
5595,787.40,797.87,744.84
5600,788.64,805.80,758.18
5605,788.02,812.06,748.62
5610,789.27,801.41,758.18
5615,788.02,803.29,755.23
5620,787.40,805.15,743.35
5625,783.64,812.06,759.35
5630,788.02,802.03,748.62
5636,788.02,800.16,757.58
5641,787.40,803.29,756.99
5646,788.64,812.20,743.93
5651,787.40,805.18,759.35
5656,786.04,799.53,755.23
5661,789.27,802.03,749.59
5666,786.16,815.43,756.40
5671,787.86,801.41,745.10
5677,789.27,802.66,758.16
5682,786.78,812.06,756.99
5687,789.27,801.41,750.20
5692,797.05,805.15,755.23
5697,787.40,803.92,747.13
5702,789.27,812.06,756.97
5707,788.02,801.41,756.40
5712,788.64,802.03,744.51
5718,788.64,805.15,761.83
5723,789.27,811.44,743.93
5728,780.65,802.66,759.94
5733,789.89,800.16,755.81
5738,787.40,801.41,750.20
5743,789.27,816.73,755.23
5748,787.40,801.41,742.77
5753,788.64,802.66,760.53
5758,784.84,812.69,756.40
5764,788.02,800.78,723.79
5769,788.02,805.15,783.13
5774,789.27,804.55,742.77
5779,789.27,808.94,760.53
5784,786.04,803.92,755.23
5789,786.16,802.66,743.93
5793,791.14,801.41,763.67
5798,794.57,814.79,744.84
5804,789.89,803.29,758.79
5809,788.64,799.53,755.23
5814,786.78,812.69,743.35
5819,788.02,805.15,763.05
5824,784.24,801.41,744.27
5829,793.33,803.29,758.79
5834,783.04,812.06,756.99
5839,788.64,800.78,744.51
5844,786.78,803.92,758.75
5850,789.27,800.16,748.62
5855,789.27,816.73,756.97
5860,787.40,801.41,756.40
5865,783.04,803.92,741.61
5870,789.27,800.78,764.28
5875,788.02,816.08,745.41
5880,787.40,802.66,756.97
5885,789.89,800.16,758.16
5891,786.04,812.69,742.77
5896,787.40,805.15,760.53
5901,797.67,801.41,746.27
5906,788.02,801.41,760.00
5911,788.02,813.95,756.99
5916,786.78,801.41,744.51
5921,788.64,802.03,759.35
5926,787.40,807.75,747.44
5932,788.02,811.44,758.79
5937,784.93,801.41,755.81
5942,786.65,802.66,743.93
5947,787.40,810.81,759.35
5952,788.64,802.66,748.62
5957,788.64,803.86,758.79
5962,789.27,801.41,757.58
5967,784.84,812.69,743.93
5972,786.78,802.03,759.35
5978,788.64,800.78,755.23
5983,788.02,803.86,750.20
5988,789.27,814.58,755.81
5993,788.64,798.91,745.10
5998,786.65,805.18,758.75
6003,798.29,799.53,757.58
6008,788.02,818.04,743.93
6013,789.27,801.41,760.00
6019,788.64,802.03,744.51
6024,788.64,798.91,761.12
6029,788.02,816.08,756.40
6034,765.11,800.16,749.59
6039,807.72,801.41,757.58
6043,788.02,813.32,742.77
6049,786.16,779.42,756.99
6053,789.89,826.61,759.94
6059,788.02,802.66,750.20
6064,787.40,812.06,755.23
6069,787.25,800.78,744.51
6074,789.27,803.29,756.99
6079,786.16,803.86,759.35
6084,788.64,812.69,743.35
6089,788.46,801.41,763.67
6094,787.40,802.03,745.41
6099,798.29,801.41,757.58
6105,788.64,814.14,754.06
6110,787.40,802.66,744.51
6115,788.64,799.53,760.53
6120,788.64,800.78,748.62
6125,788.64,816.73,757.58
6130,787.40,800.78,756.99
6135,784.84,803.29,743.35
6140,789.27,811.44,759.94
6146,788.02,801.41,748.03
6151,788.64,802.66,758.79
6156,788.02,806.45,756.99
6161,788.64,810.81,744.51
6166,784.84,802.03,758.75
6171,788.02,802.66,746.27
6176,788.64,800.78,760.00
6181,789.27,814.79,756.40
6187,766.28,803.29,743.35
6192,809.64,799.53,759.94
6197,797.05,802.66,756.40
6202,790.51,815.43,750.20
6207,788.02,802.03,756.40
6212,788.02,802.66,743.35
6217,786.78,812.69,760.53
6222,790.51,781.86,756.99
6227,783.04,824.62,712.63
6233,794.62,805.82,796.57
6238,783.64,812.06,744.51
6243,788.02,799.53,758.75
6248,787.25,804.55,756.99
6253,789.89,801.41,750.81
6258,767.11,815.43,755.81
6263,809.00,803.29,743.93
6268,788.02,800.16,759.94
6274,788.64,812.06,756.40
6279,788.46,803.29,744.51
6284,788.02,805.15,763.05
6289,797.67,802.66,744.51
6294,789.89,812.69,759.35
6299,788.64,800.78,754.64
6304,789.89,802.66,743.93
6308,788.02,808.41,763.67
6313,789.89,810.19,726.30
6319,787.40,802.03,778.13
6324,784.24,803.92,757.58
6329,789.89,811.44,743.93
6334,788.02,782.47,758.75
6339,763.36,821.60,748.62
6344,814.33,804.51,756.97
6349,785.44,812.69,756.40
6354,788.02,802.66,744.51
6360,789.27,801.41,758.75
6365,786.04,798.91,749.80
6370,791.40,820.66,757.58
6375,786.04,801.41,755.81
6380,788.02,803.29,743.35
6385,797.05,812.69,760.53
6390,788.02,801.41,756.40
6395,787.40,803.29,744.51
6401,788.02,806.45,762.44
6406,786.78,811.44,743.35
6411,787.40,800.78,760.53
6416,784.84,803.92,755.81
6421,791.40,802.66,748.99
6426,784.84,815.43,756.99
6431,788.02,802.66,744.51
6436,789.27,802.03,759.35
6441,784.93,813.32,756.99
6447,791.77,802.66,750.81
6452,783.64,803.86,754.64
6457,787.40,805.82,744.51
6462,789.27,812.69,759.35
6467,788.64,802.03,755.23
6472,788.02,803.92,724.35
6477,786.78,800.78,783.76
6482,788.46,818.04,745.10
6488,796.43,803.29,758.75
6493,791.14,801.41,755.81
6498,788.02,812.06,743.93
6503,788.02,803.92,761.22
6508,786.78,800.78,746.55
6513,788.02,783.70,758.79
6518,789.89,835.32,754.64
6523,786.16,803.92,751.42
6529,784.84,804.55,756.40
6534,788.64,812.06,746.55
6539,786.78,800.78,755.77
6544,787.25,805.82,757.58
6549,789.27,805.15,749.59
6554,788.83,813.95,754.64
6559,786.65,800.78,746.27
6564,786.78,803.92,759.35
6568,788.64,812.06,756.40
6575,788.46,803.92,742.77
6579,787.40,805.80,763.05
6584,787.40,801.41,744.84
6589,788.64,812.69,758.18
6594,798.91,803.29,756.99
6599,789.27,803.29,742.19
6604,788.02,807.10,761.12
6609,788.64,813.95,748.62
6615,786.78,800.78,758.18
6620,765.11,805.18,754.64
6625,809.00,812.69,743.35
6630,787.40,801.41,759.35
6635,788.02,804.55,748.62
6640,788.02,800.78,757.58
6645,788.02,816.73,757.58
6650,784.84,803.92,743.35
6656,788.02,800.78,757.58
6661,786.78,813.95,749.80
6666,792.39,802.66,756.97
6671,786.04,802.66,755.81
6676,789.47,806.45,744.51
6681,786.04,811.44,761.22
6686,788.02,804.55,745.98
6691,798.29,804.55,756.97
6696,788.64,812.69,755.23
6702,787.40,783.09,742.19
6707,789.27,827.95,759.94
6712,788.02,803.29,727.20
6717,789.89,812.06,777.51
6722,788.02,803.92,756.40
6727,782.44,801.41,741.61
6732,789.89,803.86,763.67
6737,788.02,816.49,744.84
6743,788.64,780.06,756.97
6748,788.02,826.61,754.06
6753,783.64,813.32,750.20
6758,789.27,803.29,755.23
6763,788.64,804.55,744.27
6768,788.02,795.19,758.18
6773,787.25,825.95,748.03
6778,790.75,802.03,755.77
6784,786.04,804.55,755.23
6789,799.53,813.95,742.19
6794,788.02,802.03,756.99
6799,784.93,803.92,757.58
6804,791.14,806.45,748.38
6809,788.02,812.69,755.23
6814,788.64,804.55,742.19
6819,787.40,799.53,760.61
6824,784.24,815.85,744.84
6830,788.64,803.29,758.18
6834,788.02,804.55,755.23
6839,788.64,800.78,743.35
6844,788.64,821.31,761.83
6849,784.24,802.03,744.27
6854,790.51,805.18,756.97
6859,786.78,813.32,752.31
6864,789.27,802.66,750.20
6870,787.86,802.03,754.64
6875,787.40,814.58,743.93
6880,786.78,805.80,755.81
6885,800.16,804.55,756.99
6890,788.64,800.78,747.78
6895,789.27,813.32,756.40
6900,787.40,802.66,741.61
6905,788.64,804.55,759.35
6910,788.64,801.41,746.86
6916,788.02,818.69,756.97
6921,782.44,803.29,754.64
6926,789.89,802.66,743.93
6931,788.02,815.22,761.83
6936,788.02,802.03,742.77
6941,785.44,803.92,758.75
6946,788.64,803.29,752.90
6951,788.02,817.38,725.49
6957,789.89,803.92,783.13
6962,786.04,802.03,743.71
6967,789.27,812.06,758.18
6972,798.29,805.18,754.64
6977,788.64,802.03,721.53
6982,788.02,803.29,784.39
6987,788.02,817.38,742.77
6992,789.27,802.66,758.75
6998,787.40,803.29,747.44
7003,786.16,813.95,756.97
7008,791.77,801.41,755.81
7013,783.04,806.45,740.45
7018,788.64,805.15,760.53
7023,789.27,813.95,747.44
7028,789.89,801.41,756.37
7033,788.02,804.55,756.40
7038,765.11,812.06,742.77
7044,809.00,804.55,762.44
7049,787.40,800.78,744.27
7054,789.27,805.15,757.58
7059,787.40,815.22,752.90
7064,789.89,802.66,750.81
7069,787.25,802.03,755.23
7074,798.29,815.22,742.77
7079,788.64,802.66,758.75
7085,789.89,803.92,755.81
7089,788.02,807.10,748.38
7094,787.40,813.95,754.06
7099,789.27,801.41,742.19
7104,783.64,805.18,759.35
7109,788.64,810.81,746.86
7114,788.02,805.18,756.97
7119,785.55,802.03,754.64
7124,791.14,803.92,743.35
7130,766.87,816.08,761.22
7135,808.36,800.78,741.03
7140,789.89,804.55,760.53
7145,786.16,802.66,754.06
7150,789.27,814.58,743.35
7155,785.44,805.18,757.58
7160,790.75,806.45,747.78
7165,788.46,812.69,757.58
7171,795.81,803.29,751.16
7176,789.27,801.41,752.03
7181,789.27,815.85,753.48
7186,785.55,802.03,743.35
7191,793.02,805.18,756.99
7196,787.40,805.80,748.62
7201,790.51,812.69,756.97
7206,783.04,803.92,755.23
7212,788.02,802.66,741.61
7217,789.27,813.95,761.22
7222,788.02,802.66,741.03
7227,784.24,803.29,759.35
7232,788.64,806.45,752.31
7237,789.27,813.95,726.06
7242,788.64,800.16,781.25
7247,787.25,808.36,741.61
7252,789.27,812.06,758.75
7258,798.29,803.92,746.86
7263,789.27,803.92,755.77
7268,788.02,806.45,754.64
7273,787.40,812.69,741.61
7278,788.64,804.55,760.00
7283,788.02,800.16,746.55
7288,788.02,795.81,755.77
7293,787.40,825.95,754.64
7299,782.44,803.92,741.61
7304,788.64,803.92,761.83
7309,786.78,814.58,742.19
7314,788.02,802.03,758.16
7319,786.16,803.29,747.44
7324,789.89,813.95,756.97
7329,786.78,803.92,754.06
7334,783.64,803.92,740.45
7340,792.04,806.45,763.67
7345,782.44,813.95,743.71
7350,788.02,803.92,756.97
7354,786.78,802.66,755.23
7360,787.40,810.81,742.77
7364,787.40,806.45,759.39
7369,786.04,802.03,745.98
7374,787.40,806.45,755.17
7379,797.05,812.06,746.86
7385,777.51,805.18,756.37
7390,795.81,804.55,754.64
7395,786.78,813.95,742.19
7400,786.78,781.86,757.58
7405,786.78,822.88,747.44
7410,786.16,801.41,756.97
7415,788.02,820.00,752.90
7420,786.16,802.03,742.77
7426,788.02,803.92,758.79
7431,788.02,812.69,745.10
7436,781.85,804.55,758.16
7441,788.02,800.78,755.81
7446,786.78,805.80,748.38
7451,788.02,815.22,752.31
7456,787.40,802.03,743.35
7461,786.16,804.55,758.75
7467,788.02,813.95,746.86
7472,787.40,802.03,754.57
7477,784.24,803.92,758.16
7482,788.64,808.41,739.88
7487,788.02,811.44,764.28
7492,788.64,803.92,725.19
7497,785.44,803.92,776.89
7502,788.02,812.06,753.48
7507,788.64,803.92,748.38
7513,795.81,806.45,756.99
7518,788.02,798.91,743.35
7523,788.02,815.85,756.99
7528,786.78,803.29,754.64
7533,788.64,802.66,746.57
7538,788.02,802.03,756.99
7543,788.64,817.38,742.77
7548,781.85,802.03,761.83
7554,794.62,806.45,742.77
7559,781.85,813.32,758.16
7564,784.93,802.03,755.23
7569,790.51,803.92,742.19
7574,787.40,802.66,761.83
7579,786.78,793.96,742.19
7584,788.02,827.95,756.99
7589,784.24,802.03,749.21
7595,787.40,812.06,757.58
7600,788.64,803.29,755.81
7605,786.78,803.29,743.35
7609,789.89,802.03,758.16
7615,785.44,818.04,748.03
7619,788.83,803.29,756.37
7624,787.25,804.55,755.23
7629,795.81,812.69,743.93
7634,788.02,802.03,757.58
7640,788.02,805.18,756.40
7645,786.78,801.41,748.38
7650,786.78,818.69,755.23
7655,789.89,802.03,740.45
7660,788.64,803.92,764.28
7665,787.40,812.06,744.84
7670,783.04,804.55,756.37
7675,788.64,800.78,753.48
7681,787.40,804.55,745.68
7686,789.27,814.79,762.44
7691,786.78,803.92,744.84
7696,788.64,804.55,756.97
7701,784.24,813.95,754.64
7706,788.64,802.03,743.35
7711,788.02,804.55,763.05
7716,789.27,801.41,742.77
7721,788.02,819.34,758.75
7727,784.24,802.66,753.48
7732,791.77,803.92,748.38
7737,797.67,812.06,756.40
7742,788.02,803.29,742.77
7747,786.78,801.41,756.40
7752,787.40,806.45,749.80
7757,790.51,814.58,756.97
7762,787.40,802.03,755.23
7768,789.27,803.92,742.19
7773,783.04,802.03,757.58
7778,787.40,814.58,748.62
7783,788.02,803.92,756.97
7788,789.89,807.75,755.81
7793,788.64,813.32,741.61
7798,786.16,802.03,761.83
7803,785.44,803.92,745.98
7809,788.64,814.58,756.97
7814,787.40,802.03,754.06
7819,788.64,803.92,742.19
7824,788.02,805.80,761.22
7829,788.02,812.69,743.93
7834,787.25,804.55,757.58
7839,797.67,802.03,754.06
7844,788.02,813.32,750.20
7849,789.27,802.66,754.64
7855,784.31,784.31,741.03
7860,790.51,827.95,758.75
7865,787.40,812.06,745.68
7870,785.55,802.03,759.39
7874,785.44,805.18,755.81
7879,788.02,801.41,742.19
7884,787.40,818.04,761.83
7889,788.02,801.41,744.27
7895,787.40,802.66,756.37
7900,766.87,811.44,754.64
7905,811.03,803.29,750.20
7910,784.24,801.41,755.23
7915,786.78,802.03,743.35
7920,788.64,817.38,756.99
7925,787.86,802.03,735.86
7930,786.29,803.29,769.23
7936,789.07,812.69,755.23
7941,788.02,799.53,742.19
7946,797.67,806.45,757.58
7951,786.16,806.45,749.21
7956,791.14,812.69,757.58
7961,787.40,802.03,755.23
7966,789.27,803.29,742.19
7971,787.40,800.78,759.35
7976,787.40,816.08,746.86
7982,787.40,803.29,756.97
7987,783.64,800.16,755.81
7992,788.02,812.06,743.35
7997,787.40,807.10,762.44
8002,787.40,796.66,744.84
8007,786.16,802.66,757.58
8012,787.86,818.69,754.64
8017,790.11,801.41,749.59
8023,787.25,803.92,754.06
8028,784.31,799.53,745.10
8033,790.51,820.00,755.23
8038,787.25,802.03,760.53
8043,787.40,802.66,743.35
8048,788.64,812.06,759.39
8053,797.05,802.66,747.70
8058,787.40,801.41,753.97
8064,784.31,803.21,757.58
8069,792.39,814.58,743.93
8074,789.27,802.66,763.05
8079,786.78,800.78,742.19
8084,789.89,802.03,759.35
8089,783.04,818.04,748.62
8094,790.75,801.41,757.58
8099,785.44,804.55,754.64
8104,788.02,811.44,743.93
8110,787.40,802.03,758.75
8115,784.84,802.66,756.40
8120,791.40,804.51,750.20
8125,766.28,812.69,755.81
8130,808.36,803.92,742.77
8135,788.64,801.41,759.94
8139,789.27,802.03,747.44
8145,786.04,815.43,758.18
8150,788.64,802.66,756.40
8155,796.43,802.03,743.93
8160,788.64,812.06,758.16
8165,788.64,802.66,755.81
8170,788.64,803.92,749.59
8175,787.40,805.80,755.81
8180,788.64,812.06,742.77
8185,788.64,801.41,759.35
8190,781.85,803.29,736.43
8196,789.89,813.32,769.23
8201,788.64,805.15,755.81
8206,787.40,799.09,740.45
8211,788.64,805.15,761.72
8216,791.14,811.44,747.44
8221,788.02,803.29,756.97
8226,783.64,801.41,756.40
8231,789.27,803.21,741.61
8237,788.64,815.85,759.35
8242,787.40,802.03,749.21
8247,787.86,803.92,756.97
8252,788.64,792.12,755.23
8257,797.67,827.28,742.77
8262,789.89,801.41,758.75
8267,787.40,803.29,748.03
8272,788.02,813.95,756.97
8278,787.40,800.78,756.99
8283,788.64,803.92,742.77
8288,786.78,805.15,761.22
8293,788.02,811.44,745.98
8298,785.44,803.92,756.37
8303,788.64,801.41,755.81
8308,787.40,812.06,743.93
8313,788.64,807.75,761.83
8318,786.04,799.09,744.84
8324,788.02,807.75,758.18
8329,789.27,812.69,753.48
8334,786.78,800.78,751.42
8339,788.64,804.55,754.64
8344,788.46,812.69,743.35
8349,787.40,805.80,758.16
8354,795.81,801.41,755.23
8359,788.64,802.66,751.42
8365,790.51,812.06,755.23
8370,789.27,802.03,742.77
8375,788.02,802.03,759.35
8380,789.27,806.45,747.44
8385,786.16,812.69,756.37
8390,784.84,802.03,757.58
8395,789.27,803.29,743.35
8399,788.02,793.96,758.75
8406,788.64,821.60,748.03
8410,786.16,803.92,756.37
8415,787.40,807.10,755.23
8420,786.65,812.06,742.77
8425,788.64,801.41,758.75
8430,788.64,803.92,747.44
8435,788.64,800.78,757.58
8440,786.04,817.38,753.48
8445,788.64,803.92,742.77
8451,788.64,798.29,760.53
8456,796.43,815.85,746.86
8461,788.02,802.66,756.97
8466,787.40,803.21,753.48
8471,788.64,805.82,745.10
8476,788.64,812.06,763.05
8481,787.40,803.29,741.03
8486,789.89,803.92,760.53
8492,782.44,800.78,752.31
8497,788.02,794.57,750.81
8502,789.27,827.95,755.23
8507,787.40,798.48,743.93
8512,788.02,817.38,757.58
8517,750.19,803.29,755.81
8522,829.88,802.03,748.99
8527,784.24,803.29,755.23
8532,788.02,812.69,742.19
8538,788.02,805.80,759.35
8543,788.02,800.78,747.44
8548,788.64,812.69,753.97
8553,786.04,803.29,759.35
8558,798.91,807.09,742.19
8563,787.40,805.80,758.75
8568,786.16,812.69,746.27
8573,789.27,802.03,757.58
8579,788.02,803.92,754.64
8584,787.40,813.32,743.35
8589,787.40,802.66,763.05
8594,784.24,803.92,743.71
8599,788.02,805.15,758.79
8604,786.78,812.06,752.90
8609,789.89,803.29,751.42
8614,786.78,801.41,755.23
8620,788.64,814.58,739.30
8625,789.27,783.09,762.31
8630,781.25,803.92,755.81
8635,791.77,827.28,748.38
8640,788.02,813.95,755.81
8645,788.64,801.41,741.03
8650,788.02,805.18,761.12
8655,787.25,813.32,747.44
8660,789.27,802.66,757.58
8666,798.29,803.92,755.81
8670,788.02,805.80,743.35
8675,788.02,812.69,759.35
8680,788.02,803.92,748.03
8685,789.27,801.41,757.58
8690,788.02,804.55,754.64
8695,784.24,816.08,743.35
8700,788.02,802.03,755.23
8706,788.02,805.18,750.99
8711,788.64,813.32,758.18
8716,788.64,802.66,756.40
8721,786.04,804.55,743.35
8726,788.64,792.73,758.75
8731,787.40,828.62,746.27
8736,786.78,799.70,757.58
8741,791.14,807.75,755.81
8747,787.25,812.06,743.93
8752,788.83,803.92,737.58
8757,786.04,802.03,768.93
8762,799.53,812.69,757.58
8767,787.40,805.80,754.64
8772,788.02,801.53,742.77
8777,789.89,806.45,761.22
8782,789.27,813.32,744.51
8787,787.40,803.92,758.16
8793,784.24,805.18,756.40
8798,786.78,813.32,742.77
8803,790.51,806.45,761.83
8808,789.27,800.30,744.84
8813,787.40,806.45,757.58
8818,784.24,814.58,754.06
8823,792.68,800.78,746.57
8828,786.04,802.66,759.94
8834,787.40,815.22,743.93
8839,790.51,803.92,757.58
8844,786.04,806.45,754.06
8849,790.11,802.03,747.78
8854,787.86,813.95,758.16
8859,798.29,802.66,742.19
8864,786.78,803.92,759.35
8869,788.02,794.57,747.44
8875,790.51,827.95,757.58
8880,789.27,801.41,753.48
8885,786.78,802.66,743.93
8890,784.24,815.85,762.44
8895,789.89,802.66,744.84
8900,786.16,802.03,756.97
8905,791.14,813.95,755.23
8910,768.05,806.45,743.35
8915,811.03,803.92,762.44
8921,785.44,798.91,743.71
8925,787.40,816.49,758.18
8930,788.46,803.29,754.06
8935,789.27,802.03,742.77
8940,787.40,803.29,761.22
8945,797.67,819.34,744.51
8950,789.27,802.03,755.81
8955,788.64,803.29,756.40
8961,789.89,813.32,749.59
8966,786.78,803.29,754.64
8971,788.64,805.18,741.61
8976,785.44,802.66,759.35
8981,788.02,794.57,746.86
8986,788.02,803.92,757.58
8991,788.64,825.95,755.81
8996,789.27,813.32,742.77
9001,786.78,804.55,762.44
9007,786.65,802.03,744.27
9012,788.02,813.95,757.58
9017,788.02,807.75,754.06
9022,789.89,798.48,742.19
9027,789.27,810.37,764.28
9032,783.64,813.95,743.14
9037,791.77,798.91,758.79
9042,797.67,808.36,755.23
9048,787.40,813.32,742.19
9053,788.64,803.29,762.44
9058,788.02,802.66,744.27
9063,788.02,807.75,757.58
9068,789.27,811.44,756.40
9073,786.16,805.82,745.37
9078,784.84,802.03,757.58
9083,789.27,812.06,743.35
9089,788.64,805.82,758.75
9094,785.44,802.66,755.81
9099,792.68,807.75,746.57
9104,784.24,813.95,756.99
9109,789.27,802.66,742.77
9114,788.64,805.18,758.16
9119,787.40,812.69,748.03
9124,788.64,800.78,755.17
9129,789.07,806.45,756.40
9135,798.91,783.09,742.19
9140,789.89,837.99,762.44
9145,788.02,803.92,744.27
9150,788.64,802.66,756.97
9155,786.78,812.69,756.40
9160,791.77,804.55,748.38
9165,784.24,806.45,753.48
9170,785.55,797.87,743.35
9176,790.51,820.00,758.75
9181,787.40,803.29,755.81
9185,789.89,805.18,748.99
9190,789.27,812.06,756.40
9195,786.04,803.29,742.19
9200,784.31,804.55,759.35
9205,794.28,802.66,746.27
9210,786.16,816.08,757.58
9216,788.46,803.92,754.64
9221,798.29,804.55,743.35
9226,788.02,812.06,762.44
9231,788.02,803.92,733.08
9236,786.78,802.03,767.99
9241,789.27,783.70,756.40
9246,789.27,835.99,742.77
9251,788.64,801.41,761.83
9256,788.64,806.45,742.19
9262,783.64,813.95,758.75
9267,788.64,801.41,755.81
9272,789.27,805.82,743.35
9277,788.02,800.78,757.58
9282,788.64,819.34,745.10
9287,783.64,802.66,758.75
9292,788.02,804.55,753.48
9297,789.27,811.44,749.59
9303,786.78,803.29,754.64
9308,787.86,803.29,743.93
9313,789.27,805.80,757.58
9318,786.78,814.58,745.10
9323,790.51,802.03,758.79
9328,799.53,803.92,754.64
9333,788.02,814.58,742.19
9338,788.02,802.03,761.22
9344,788.02,805.18,744.84
9349,788.02,807.10,756.37
9354,783.64,811.44,755.81
9359,788.02,804.55,748.38
9364,788.02,803.92,754.06
9369,788.64,813.95,740.45
9374,787.40,802.66,760.53
9379,785.44,803.29,754.64
9384,771.36,802.03,748.38
9390,804.55,816.08,755.81
9395,789.27,804.55,740.45
9400,788.64,802.66,763.05
9405,788.64,813.95,744.27
9410,787.86,802.66,756.97
9415,797.05,803.92,753.48
9420,778.13,807.75,748.38
9425,797.67,812.69,755.81
9431,788.64,802.03,743.71
9436,786.78,805.18,757.58
9441,789.89,812.69,747.44
9445,789.27,802.03,755.17
9450,783.04,805.80,754.64
9455,788.02,803.92,741.61
9460,788.64,812.06,761.83
9465,788.02,803.92,743.71
9470,786.16,798.91,753.97
9476,789.27,815.22,756.99
9481,788.64,803.29,748.99
9486,785.44,805.15,753.48
9491,789.27,803.92,741.61
9496,788.64,813.32,757.58
9501,766.87,801.41,746.86
9506,809.00,804.55,754.57
9511,788.64,800.78,756.99
9517,788.02,819.34,741.61
9522,793.34,802.66,757.58
9527,792.39,803.29,745.68
9532,788.02,810.81,756.97
9537,787.40,804.55,754.64
9542,788.02,802.03,747.78
9547,789.27,803.29,755.23
9552,789.27,815.43,741.61
9558,780.65,803.29,755.81
9563,789.27,800.16,748.62
9568,790.51,815.85,755.17
9573,785.55,802.66,754.06
9578,791.14,805.18,742.19
9583,788.02,805.80,761.22
9588,782.44,812.06,743.35
9593,789.27,802.03,756.40
9598,789.89,803.92,746.86
9604,788.64,812.06,755.17
9609,788.46,807.75,754.06
9614,799.53,799.70,739.30
9619,778.13,805.80,763.05
9624,799.53,812.06,741.61
9629,787.40,803.92,756.99
9634,789.27,800.78,734.73
9639,788.02,803.92,768.61
9645,788.64,818.04,752.90
9650,784.24,802.66,741.61
9655,788.64,804.55,760.61
9660,788.64,813.95,742.77
9665,788.64,800.78,756.40
9670,786.65,803.29,755.23
9675,788.64,803.29,746.57
9680,788.64,818.69,753.48
9686,785.55,801.41,741.03
9691,791.77,801.41,761.22
9696,788.46,814.58,739.30
9701,787.40,803.29,759.94
9706,798.29,802.03,754.64
9710,786.78,803.92,748.99
9715,789.89,816.73,752.90
9720,789.27,802.66,742.19
9725,788.64,803.92,757.58
9731,789.27,813.95,746.27
9736,788.02,802.03,756.37
9741,783.64,805.18,754.64
9746,789.27,800.78,742.77
9751,788.02,820.00,759.39
9756,784.24,802.66,744.84
9761,793.33,803.29,754.57
9766,783.04,813.32,754.06
9772,789.27,801.41,747.78
9777,788.02,802.03,754.64
9782,788.02,806.45,742.19
9787,788.64,813.49,761.22
9792,786.65,806.45,741.03
9797,788.02,802.66,758.75
9802,798.91,814.58,752.90
9807,787.40,802.66,748.38
9812,788.02,802.66,753.48
9818,787.40,814.58,743.35
9823,787.40,807.75,756.99
9828,788.64,802.03,746.86
9833,784.31,804.55,755.77
9838,791.14,813.32,754.06
9843,783.04,802.66,748.38
9848,787.40,803.92,752.90
9853,788.64,812.69,742.19
9859,788.64,806.45,757.58
9864,784.24,804.55,752.90
9869,792.04,800.78,747.78
9874,784.24,815.22,756.99
9879,788.64,803.29,739.30
9884,786.16,804.55,741.03
9889,790.51,802.03,764.90
9894,788.02,814.58,755.81
9900,784.84,807.75,755.81
9905,792.04,805.18,748.99
9910,786.04,813.95,754.64
9915,777.60,803.29,741.61
9920,808.36,803.92,758.16
9925,785.55,811.44,746.27
9930,787.40,805.18,755.77
9935,788.64,807.10,755.23
9940,787.40,802.03,741.03
9946,786.16,814.58,763.05
9951,783.04,803.92,742.19
9956,788.64,802.66,757.58
9961,788.02,793.96,746.27
9965,786.78,824.18,755.77
9970,788.64,805.82,754.06
9975,787.40,806.45,743.35
9980,788.64,813.95,760.61
9986,786.16,802.66,740.45
9991,784.24,803.92,759.94
9996,788.64,815.22,752.31
10001,786.78,802.66,743.35
10007,796.66,810.71,758.75
10012,781.25,800.30,750.19
10017,786.04,813.32,753.58
10022,794.85,800.30,754.64
10028,780.67,810.10,750.75
10033,786.65,810.10,752.45
10038,791.86,799.70,744.27
10044,786.04,811.32,748.85
10049,794.25,807.66,750.19
10054,783.04,802.14,753.58
10059,766.64,791.86,757.58
10064,817.12,822.24,753.01
10070,779.51,810.10,751.88
10075,796.06,810.71,751.31
10081,783.64,799.70,755.23
10086,783.64,809.49,752.45
10091,793.65,810.71,751.31
10096,786.65,800.92,744.84
10101,792.77,808.27,747.70
10106,783.04,804.55,752.45
10112,783.04,808.88,753.01
10118,797.87,810.71,758.75
10123,783.04,800.30,750.75
10128,786.04,808.27,753.01
10133,796.66,810.71,755.81
10138,780.09,797.27,753.01
10143,795.45,809.49,751.31
10148,783.04,800.30,751.88
10155,784.84,811.32,744.27
10160,796.66,812.69,748.27
10165,783.04,798.48,753.58
10170,784.17,809.49,758.75
10175,796.43,809.49,752.45
10180,777.78,799.09,751.88
10185,796.06,809.49,751.88
10191,785.44,800.78,756.99
10196,784.24,810.71,751.31
10202,795.45,808.88,752.45
10207,781.25,798.48,750.19
10212,796.06,809.49,747.13
10217,783.04,790.07,749.42
10223,785.44,799.09,752.45
10228,796.66,830.76,752.45
10233,781.85,800.92,758.16
10238,786.65,808.88,753.58
10244,795.45,808.88,752.45
10249,778.93,800.92,753.01
10254,797.27,812.69,754.06
10259,783.04,799.09,751.31
10265,783.58,807.66,754.15
10270,797.67,810.10,744.27
10275,781.85,800.30,751.16
10280,785.93,807.06,752.45
10286,792.45,810.71,753.01
10291,784.24,799.70,752.45
10297,796.06,813.32,758.16
10302,783.64,799.70,753.01
10307,783.58,807.66,750.75
10312,796.43,810.10,754.64
10317,783.58,799.09,753.58
10322,795.45,809.49,752.45
10328,783.04,798.48,741.44
10334,785.34,813.95,754.15
10339,799.53,806.45,751.73
10344,760.95,800.30,751.88
10349,816.25,810.71,751.31
10354,783.64,808.27,759.94
10359,785.34,799.70,751.88
10364,797.05,810.10,752.45
10371,783.04,802.66,753.48
10376,793.36,809.49,752.45
10381,784.84,810.10,747.94
10386,782.44,799.70,747.70
10391,798.48,807.66,733.08
10396,780.67,811.93,769.23
10402,787.86,799.70,753.58
10407,798.29,812.06,755.81
10413,781.25,801.53,753.01
10418,796.06,808.27,752.45
10423,782.44,810.10,751.31
10428,786.65,800.92,754.06
10433,794.25,807.66,751.31
10439,780.67,811.32,752.45
10444,797.27,798.48,743.71
10449,783.04,813.95,750.58
10455,783.64,798.48,753.01
10460,797.27,809.49,748.50
10465,783.64,810.10,760.53
10470,783.58,799.70,751.88
10476,797.05,810.10,754.06
10481,780.09,798.48,751.88
10486,796.06,809.49,750.19
10491,783.64,812.69,752.45
10497,782.41,779.51,744.27
10502,800.16,832.04,748.27
10507,780.67,808.88,754.15
10513,796.66,799.09,750.19
10518,783.04,809.49,758.16
10523,786.65,810.10,749.06
10528,796.66,799.09,753.01
10533,782.44,812.69,755.23
10539,793.94,800.30,750.75
10544,783.04,809.49,744.27
10550,783.64,810.10,751.31
10555,798.48,800.30,751.31
10560,781.25,807.66,751.73
10565,787.11,792.45,749.63
10570,793.65,818.39,758.75
10575,784.84,811.93,751.88
10580,796.06,800.92,750.75
10587,784.24,805.85,755.23
10592,784.17,811.93,750.19
10597,793.65,799.70,752.45
10602,786.65,809.49,732.53
10607,796.06,798.48,762.78
10612,784.24,810.10,751.73
10618,787.25,813.32,730.88
10624,796.66,799.70,777.60
10629,783.64,808.88,751.88
10634,793.36,809.49,751.31
10639,783.04,797.27,751.31
10644,783.04,812.55,751.73
10649,798.48,801.41,754.15
10655,778.93,809.49,742.01
10660,797.87,810.10,752.31
10665,784.24,799.70,752.45
10671,784.24,809.49,749.63
10676,796.06,809.49,758.16
10681,783.04,799.09,749.63
10686,784.75,813.95,753.01
10692,797.05,799.70,752.90
10697,782.41,809.49,752.45
10702,796.66,810.71,752.45
10707,782.44,800.92,751.88
10713,785.44,806.45,743.71
10718,797.27,811.93,748.85
10723,778.93,800.30,752.45
10729,794.85,812.69,722.76
10734,785.44,801.53,788.64
10739,782.44,807.66,752.45
10744,799.09,811.32,751.31
10749,780.65,797.87,754.06
10755,786.52,811.32,752.45
10760,792.45,810.10,751.88
10766,783.04,799.70,744.27
10771,797.27,807.66,751.88
10776,783.64,802.14,750.00
10781,783.58,791.26,753.58
10786,797.05,832.04,758.16
10791,782.41,799.70,751.31
10797,796.66,810.71,751.88
10803,781.85,799.70,754.06
10808,786.04,808.27,752.45
10813,797.27,791.86,752.45
10818,782.44,819.36,752.45
10823,791.61,813.32,742.57
10828,763.36,809.49,751.16
10833,805.83,800.30,753.01
10840,797.27,809.49,750.75
10845,783.64,808.88,758.75
10850,784.17,802.14,751.31
10855,797.67,808.88,752.45
10860,780.67,800.30,755.23
10865,796.06,813.16,747.94
10870,780.06,813.95,755.86
10876,788.29,799.70,744.27
10882,798.91,808.88,751.88
10887,783.04,809.49,751.73
10892,794.53,802.14,750.19
10897,782.44,808.88,759.35
10902,787.86,811.32,751.31
10908,795.45,799.09,749.63
10913,783.64,810.10,734.74
10918,783.58,804.55,774.59
10924,773.00,807.66,752.45
10929,801.53,811.32,751.31
10934,797.87,799.70,751.88
10939,784.24,810.71,743.93
10945,784.17,809.49,750.75
10950,795.19,800.30,751.88
10955,784.24,810.71,759.35
10960,783.58,799.70,751.31
10966,791.86,813.32,751.88
10971,784.84,809.49,753.01
10976,796.06,799.70,754.64
10982,782.44,810.10,752.45
10987,784.17,809.49,752.45
10992,791.86,800.30,744.27
10997,786.65,810.10,752.45
11002,796.06,810.71,746.55
11008,782.44,800.92,753.58
11013,784.24,813.95,759.35
11019,796.06,800.92,749.63
11024,783.64,808.27,754.15
11029,783.00,811.93,755.23
11034,797.05,799.70,750.75
11039,779.51,808.88,753.58
11044,797.27,811.32,751.31
11051,783.04,801.53,745.41
11056,783.58,807.66,748.85
11061,798.29,803.92,751.31
11066,779.51,810.71,758.75
11071,787.25,809.49,751.88
11076,792.45,800.92,751.88
11081,786.04,808.88,755.23
11087,796.06,810.71,751.31
11092,781.83,799.70,752.45
11098,786.04,813.32,750.19
11103,793.05,800.30,746.55
11108,784.24,811.32,749.63
11113,797.27,808.27,751.16
11118,784.24,799.70,752.45
11124,783.64,811.93,756.40
11129,797.27,809.49,753.58
11134,779.51,799.70,751.31
11140,796.66,810.71,752.45
11145,784.24,778.28,755.81
11150,784.17,831.44,751.31
11155,797.05,814.58,751.88
11161,784.24,799.70,744.84
11166,792.77,808.88,748.27
11171,783.04,811.93,753.58
11176,786.04,800.92,751.88
11182,796.06,808.88,758.75
11187,781.85,811.93,748.50
11192,785.93,797.87,755.29
11198,798.29,815.85,756.40
11203,780.09,800.30,750.75
11208,796.06,808.88,750.75
11213,783.64,811.93,753.01
