
MotorSpeedMeasurement
Time,vA,vB,vC,targetVelocity,pwmA,pwmB,pwmC
1200,367.65,358.95,434.82,0.00
1400,52.92,56.58,19.07,7.00
1600,17.16,11.12,0.00,14.00
1800,25.10,13.60,16.19,21.00
2000,23.06,20.53,22.49,28.00
2200,29.45,29.77,21.51,35.00
2400,38.27,34.11,36.68,42.00
2600,40.15,44.35,41.55,49.00
2800,49.78,49.58,48.33,56.00
3000,57.03,55.01,53.81,63.00
3200,64.42,63.90,62.73,70.00
3400,70.07,71.56,71.75,77.00
3600,77.62,74.57,76.68,84.00
3800,84.85,87.94,83.60,91.00
4000,93.79,92.83,92.40,98.00
4200,98.13,97.46,100.18,105.00
4400,105.74,106.25,107.54,112.00
4600,113.31,110.01,113.51,119.00
4800,120.49,122.15,122.39,126.00
5000,127.57,126.19,128.40,133.00
5200,133.17,135.57,133.65,140.00
5400,140.65,140.22,142.02,147.00
5600,151.13,147.76,151.30,154.00
5800,157.08,156.61,155.03,161.00
6000,163.24,163.08,163.48,168.00
6200,171.63,170.31,171.23,175.00
6400,177.03,176.91,179.57,182.00
6600,187.20,184.00,185.84,189.00
6800,192.25,191.08,191.11,196.00
7000,201.26,199.97,199.82,203.00
7200,208.10,206.61,208.75,210.00
7400,216.75,216.04,214.24,217.00
7600,220.79,220.92,221.24,224.00
7800,231.93,227.45,227.74,231.00
8000,235.73,237.63,238.53,238.00
8200,250.00,240.95,241.62,245.00
8400,250.16,248.49,252.73,252.00
8600,259.26,258.24,258.44,259.00
8800,267.42,265.50,265.75,266.00
9000,275.03,274.42,274.94,273.00
9200,283.63,281.44,280.02,280.00
9400,289.80,281.26,288.87,287.00
9600,297.81,295.46,292.01,294.00
9800,305.23,301.89,300.67,301.00
10000,305.86,309.75,309.24,308.00
10200,320.51,316.95,318.30,315.00
10400,324.68,324.04,324.78,322.00
10600,335.57,331.86,330.45,329.00
10800,341.40,339.05,339.31,336.00
11000,346.79,346.62,344.37,343.00
11200,352.74,355.10,351.19,350.00
11400,362.88,362.55,361.29,357.00
11600,371.80,369.36,365.99,364.00
11800,377.99,376.68,374.49,371.00
12000,387.19,383.17,384.05,378.00
12200,393.45,391.36,390.26,385.00
12400,399.28,401.31,395.85,392.00
12600,407.30,405.98,404.14,399.00
12800,417.45,413.26,410.86,406.00
13000,424.77,422.41,420.96,413.00
13200,433.29,427.80,428.43,420.00
13400,438.18,437.02,433.86,427.00
13600,448.03,445.10,440.17,434.00
13800,452.85,451.88,447.15,441.00
14000,460.72,461.09,455.95,448.00
14200,468.24,466.96,464.12,455.00
14400,473.91,473.78,469.41,462.00
14600,488.84,483.53,479.12,469.00
14800,488.97,488.90,484.45,476.00
15000,496.58,497.29,492.27,483.00
15200,504.56,505.34,499.76,490.00
15400,513.97,511.32,508.13,497.00
15600,518.48,519.61,511.49,504.00
15800,525.80,524.05,520.07,511.00
16000,534.82,532.66,527.62,518.00
16200,544.16,540.92,533.92,525.00
16400,550.66,546.49,539.42,532.00
16600,557.00,554.29,548.83,539.00
16800,571.90,574.38,557.64,546.00
17000,567.12,565.26,560.57,553.00
17200,580.21,578.13,572.01,560.00
17400,585.75,584.44,578.46,567.00
17600,595.92,592.03,584.34,574.00
17800,602.41,597.66,589.94,581.00
18000,606.09,604.58,597.17,588.00
18200,616.02,614.42,603.20,595.00
18400,621.89,619.74,608.99,602.00
18600,629.57,625.41,613.92,609.00
18800,636.01,634.21,624.49,616.00
19000,642.94,642.43,630.88,623.00
19200,647.87,649.55,637.49,630.00
19400,654.79,650.09,641.65,637.00
19600,663.65,660.14,646.42,644.00
19800,669.47,669.57,654.70,651.00
20000,676.01,677.22,663.36,658.00
20200,682.15,682.82,671.82,665.00
20400,688.39,687.43,673.45,672.00
20600,695.46,697.39,680.08,679.00
20800,700.75,704.80,683.04,686.00
21000,710.25,708.33,690.30,693.00
21200,712.08,713.70,694.33,700.00
21400,721.47,725.35,702.61,707.00
21600,725.60,728.16,707.92,700.00
21800,715.51,713.05,700.39,693.00
22000,708.50,711.61,694.56,686.00
22200,708.55,704.86,685.60,679.00
22400,699.55,699.41,680.83,672.00
22600,693.21,692.98,677.33,665.00
22800,686.05,684.88,671.63,658.00
23000,677.56,677.25,664.06,651.00
23200,673.59,670.11,654.05,644.00
23400,665.54,665.69,650.62,637.00
23600,660.27,658.00,644.65,630.00
23800,652.65,651.83,638.01,623.00
24000,646.87,644.87,631.48,616.00
24200,639.13,638.31,624.51,609.00
24400,631.57,632.81,615.74,602.00
24600,623.68,624.19,610.35,595.00
24800,618.29,618.04,604.71,588.00
25000,609.85,609.38,595.88,581.00
25200,602.70,601.92,592.26,574.00
25400,594.28,595.62,584.80,567.00
25600,587.37,589.16,574.85,560.00
25800,580.16,580.83,570.20,553.00
26000,577.11,571.87,565.68,546.00
26200,569.52,566.22,557.46,539.00
26400,559.06,559.73,550.05,532.00
26600,552.40,551.20,542.33,525.00
26800,547.56,543.74,536.41,518.00
27000,542.54,535.83,530.33,511.00
27200,529.08,529.85,522.45,504.00
27400,523.65,522.11,514.20,497.00
27600,518.80,514.50,506.47,490.00
27800,508.06,508.97,499.11,483.00
28000,501.39,498.20,495.93,476.00
28200,492.78,493.81,486.00,469.00
28400,485.78,484.83,479.79,462.00
28600,479.59,479.67,472.39,455.00
28800,473.90,469.50,465.84,448.00
29000,459.43,463.83,457.39,441.00
29200,456.17,454.55,449.61,434.00
29400,451.51,449.17,443.93,427.00
29600,452.01,448.52,442.66,420.00
29800,433.53,430.15,430.16,413.00
30000,427.59,426.65,425.24,406.00
30200,420.82,419.72,415.99,399.00
30400,415.36,413.48,408.04,392.00
30600,406.12,404.94,401.90,385.00
30800,396.50,398.70,395.42,378.00
31000,390.31,389.36,383.86,371.00
31200,385.22,379.96,379.38,364.00
31400,374.03,374.53,373.01,357.00
31600,368.90,367.71,362.50,350.00
31800,361.12,359.32,357.26,343.00
32000,353.97,350.39,351.77,336.00
32200,345.75,343.87,341.91,329.00
32400,339.21,335.41,335.41,322.00
32600,331.20,330.29,328.02,315.00
32800,320.99,322.42,317.49,308.00
33000,315.22,315.01,313.19,301.00
33200,306.22,307.78,303.88,294.00
33400,302.34,300.81,301.01,287.00
33600,294.36,292.68,291.59,280.00
33800,285.02,285.04,283.73,273.00
34000,277.73,276.87,275.97,266.00
34200,269.08,268.09,268.25,259.00
34400,263.89,262.87,261.03,252.00
34600,255.02,255.34,255.62,245.00
34800,248.09,247.52,248.65,238.00
35000,242.38,239.20,238.94,231.00
35200,233.86,233.57,233.61,224.00
35400,226.32,226.86,225.23,217.00
35600,218.43,220.84,217.04,210.00
35800,212.68,209.86,209.56,203.00
36000,203.05,203.18,204.65,196.00
36200,199.61,197.53,195.76,189.00
36400,189.81,189.54,188.80,182.00
36600,180.64,182.60,181.13,175.00
36800,176.66,173.27,174.97,168.00
37000,169.08,166.30,164.95,161.00
37200,160.68,162.74,160.26,154.00
37400,155.30,153.65,153.53,147.00
37600,145.14,148.23,143.77,140.00
37800,138.71,139.51,138.12,133.00
38000,131.90,131.71,130.59,126.00
38200,126.14,126.02,124.38,119.00
38400,118.99,117.12,113.74,112.00
38600,111.39,111.33,109.58,105.00
38800,103.17,105.27,103.22,98.00
39000,95.63,96.65,94.09,91.00
39200,90.74,91.04,85.71,84.00
39400,79.10,82.12,79.34,77.00
39600,76.23,73.16,70.67,70.00
39800,65.77,70.46,64.28,63.00
40000,61.45,61.95,54.54,56.00
40200,54.78,52.62,48.27,49.00
40400,47.04,43.28,43.50,42.00
