
MotorSpeedMeasurement
Time,vA,vB,vC,targetVelocity,pwmA,pwmB,pwmC
1200,196.00,188.00,188.00,0.00
1399,-62.50,-58.33,-62.50,3.20
1599,8.82,7.69,13.04,6.40
1799,0.00,0.00,0.00,9.60
1999,5.71,9.38,0.36,12.80
2199,4.35,7.14,9.09,16.00
2399,8.57,13.79,7.14,19.20
2599,14.29,15.38,14.29,22.40
2799,19.05,19.05,15.38,25.60
2999,24.00,23.08,20.83,28.80
3200,25.00,25.00,20.83,32.00
3400,28.00,28.00,24.14,35.20
3600,33.33,33.33,29.63,38.40
3800,36.00,36.00,32.00,41.60
4000,36.00,39.13,34.78,44.80
4200,43.48,43.48,40.91,48.00
4400,48.00,48.00,43.48,51.20
4600,48.15,48.00,44.44,54.40
4800,54.17,52.17,52.17,57.60
5000,58.33,57.69,52.00,60.80
5200,60.00,57.69,52.00,64.00
5400,61.54,60.00,60.87,67.20
5600,66.67,65.38,64.00,70.40
5800,70.83,68.00,66.67,73.60
6000,72.00,70.83,65.38,76.80
6200,80.00,76.92,70.37,80.00
6400,80.77,80.00,72.00,83.20
6600,80.00,84.00,76.92,86.40
6800,91.67,88.00,87.50,89.60
7000,92.00,95.83,80.00,92.80
7200,84.62,92.00,88.00,96.00
7400,92.00,92.00,88.00,99.20
7600,108.33,104.00,96.15,102.40
7800,104.00,96.00,96.00,105.60
8000,100.00,104.17,96.00,108.80
8200,112.00,120.00,112.00,112.00
8400,108.00,112.00,104.00,115.20
8600,112.00,112.00,112.00,118.40
8800,124.00,111.54,120.00,121.60
9000,132.00,123.08,120.00,124.80
9200,120.00,120.83,111.54,128.00
9400,124.00,136.00,124.00,131.20
9600,136.00,136.00,128.00,134.40
9800,140.00,128.00,137.50,137.60
10000,140.00,130.77,124.00,140.80
10200,144.00,134.62,136.00,144.00
10400,140.00,148.00,136.00,147.20
10600,154.17,146.15,140.00,150.40
10800,152.00,164.00,148.00,153.60
11000,153.85,153.85,142.31,156.80
11200,156.00,156.00,150.00,160.00
11400,172.00,175.00,164.00,163.20
11600,168.00,176.00,168.00,166.40
11800,168.00,165.38,160.00,169.60
12000,172.00,169.23,160.00,172.80
12200,180.00,180.00,172.00,176.00
12400,176.00,172.00,165.38,179.20
12600,176.00,180.00,165.38,182.40
12800,204.17,195.83,180.00,185.60
13000,188.00,184.00,180.00,188.80
13200,188.00,184.00,176.92,192.00
13400,200.00,196.15,200.00,195.20
13600,208.00,196.00,196.00,198.40
13800,196.00,200.00,184.62,201.60
14000,200.00,208.33,196.00,204.80
14200,216.00,216.00,212.50,208.00
14400,208.00,216.67,200.00,211.20
14600,216.00,212.00,204.00,214.40
14800,224.00,224.00,225.00,217.60
15000,216.00,229.17,203.85,220.80
15200,229.17,220.00,203.85,224.00
15400,236.00,236.00,219.23,227.20
15600,230.77,226.92,237.50,230.40
15800,226.92,223.08,224.00,233.60
16000,240.00,234.62,226.92,236.80
16200,252.00,254.17,230.77,240.00
16400,230.77,234.62,223.08,243.20
16600,234.62,250.00,241.67,246.40
16800,248.00,248.00,226.92,249.60
17000,253.85,260.00,242.31,252.80
17200,253.85,275.00,266.67,256.00
17400,260.00,250.00,258.33,259.20
17600,272.00,272.00,253.85,262.40
17800,276.00,265.38,264.00,265.60
18000,257.69,270.83,256.00,268.80
18200,261.54,268.00,266.67,272.00
18400,291.67,280.00,283.33,275.20
18600,269.23,265.38,275.00,278.40
18800,265.38,283.33,264.00,281.60
19000,280.77,292.00,273.08,284.80
19200,291.67,291.67,272.00,288.00
19400,288.00,288.00,276.00,291.20
19600,292.31,300.00,280.77,294.40
19800,304.00,296.15,292.00,297.60
20000,296.00,296.00,295.83,300.80
20200,320.83,320.83,277.78,304.00
20400,325.00,329.17,304.00,307.20
20600,304.00,316.67,296.00,310.40
20800,308.00,308.00,296.00,313.60
21000,324.00,324.00,300.00,316.80
21200,316.00,312.00,300.00,320.00
21400,303.85,316.00,304.00,323.20
21600,328.00,328.00,329.17,320.00
21800,315.38,315.38,292.59,316.80
22000,325.00,303.85,308.33,313.60
22200,311.54,320.00,308.00,310.40
22400,311.54,311.54,296.15,307.20
22600,312.50,312.50,288.00,304.00
22800,300.00,300.00,288.00,300.80
23000,308.00,308.00,296.00,297.60
23200,284.62,284.62,284.00,294.40
23400,284.62,280.77,280.00,291.20
23600,296.00,296.00,288.00,288.00
23800,300.00,288.00,272.00,284.80
24000,295.83,276.92,265.38,281.60
24200,292.00,288.00,291.67,278.40
24400,300.00,288.00,280.00,275.20
24600,272.00,272.00,275.00,272.00
24800,262.96,262.96,272.00,268.80
25000,276.00,269.23,261.54,265.60
25200,268.00,275.00,252.00,262.40
25400,253.85,260.00,252.00,259.20
25600,268.00,268.00,270.83,256.00
25800,256.00,256.00,244.00,252.80
26000,262.50,252.00,238.46,249.60
26200,260.00,256.00,242.31,246.40
26400,250.00,246.15,248.00,243.20
26600,250.00,244.00,232.00,240.00
26800,258.33,242.31,244.00,236.80
27000,248.00,248.00,240.00,233.60
27200,236.00,236.00,224.00,230.40
27400,237.50,228.00,220.00,227.20
27600,236.00,236.00,228.00,224.00
27800,224.00,229.17,211.54,220.80
28000,220.00,229.17,220.83,217.60
28200,219.23,224.00,220.00,214.40
28400,220.83,216.00,212.50,211.20
28600,212.00,212.00,208.00,208.00
28800,212.00,211.54,208.00,204.80
29000,220.83,212.00,204.00,201.60
29200,208.33,200.00,188.46,198.40
29400,200.00,208.00,196.00,195.20
29600,200.00,204.00,196.00,192.00
29800,200.00,188.00,184.00,188.80
30000,188.00,184.00,180.00,185.60
30200,196.00,192.00,200.00,182.40
30400,180.00,176.92,176.00,179.20
30600,176.00,176.00,172.00,176.00
30800,195.83,180.00,176.00,172.80
31000,180.00,180.00,179.17,169.60
31200,183.33,176.00,172.00,166.40
31400,164.00,168.00,160.00,163.20
31600,170.83,170.83,156.00,160.00
31800,176.00,168.00,166.67,156.80
32000,156.00,160.00,152.00,153.60
32200,152.00,152.00,142.31,150.40
32400,164.00,152.00,152.00,147.20
32600,140.00,144.00,144.00,144.00
32800,-0.06,-0.05,-0.05,140.80
33000,128.00,124.00,132.00,137.60
33200,160.00,142.31,136.00,134.40
33400,128.00,132.00,137.50,131.20
33600,128.00,141.67,133.33,128.00
33800,137.50,123.08,124.00,124.80
34000,120.00,124.00,129.17,121.60
34200,120.00,120.00,112.00,118.40
34400,116.00,125.00,108.00,115.20
34600,112.00,108.00,108.00,112.00
34800,112.00,112.00,104.00,108.80
35000,107.69,116.00,104.00,105.60
35200,107.69,96.15,103.85,102.40
35400,96.00,104.00,96.00,99.20
35600,100.00,100.00,104.00,96.00
35800,96.00,96.00,92.00,92.80
36000,95.83,92.00,80.00,89.60
36200,84.62,87.50,80.00,86.40
36400,84.00,88.00,88.00,83.20
36600,80.00,80.00,73.08,80.00
36800,76.00,76.00,72.00,76.80
37000,76.00,76.00,72.00,73.60
37200,72.00,68.00,64.00,70.40
37400,66.67,68.00,64.00,67.20
37600,68.00,65.38,64.00,64.00
37800,60.00,64.00,58.33,60.80
38000,56.00,58.33,54.17,57.60
38200,51.85,52.00,52.00,54.40
38400,52.00,52.00,48.00,51.20
38600,46.15,44.00,44.44,48.00
38800,40.74,41.67,40.00,44.80
39000,42.31,41.67,39.13,41.60
39200,37.50,37.04,36.00,38.40
39400,33.33,33.33,28.00,35.20
39600,30.77,32.00,29.17,32.00
39800,26.92,26.92,24.00,28.80
40000,23.08,24.00,20.69,25.60
40200,19.23,19.23,18.18,22.40
40400,17.39,16.67,13.04,19.20
