counter,av_current, av_target, spd,av_current, av_target, spd,av_current, av_target, spd
1,24.11,0.00,-0.17,145.67,0.00,-1.02,130.06,0.00,-0.91
2,0.00,0.00,-0.05,33.75,0.00,-0.53,46.74,0.00,-0.59
3,0.00,0.00,-0.05,-114.24,0.00,0.44,-92.43,0.00,0.29
4,0.00,0.00,-0.05,-107.06,0.00,0.62,-113.54,0.00,0.63
5,0.00,0.00,-0.05,-20.00,0.00,0.22,-66.09,0.00,0.52
6,0.00,0.00,-0.05,43.51,0.00,-0.18,34.68,0.00,-0.05
7,0.00,0.00,-0.05,38.94,0.00,-0.24,78.25,0.00,-0.43
8,0.00,0.00,-0.05,16.44,0.00,-0.16,49.45,0.00,-0.38
1,0.00,0.00,0.00,0.00,0.00,0.00,-6.74,0.00,0.05
2,0.00,0.00,0.00,-3.21,0.00,0.02,-27.40,0.00,0.21
3,0.00,0.00,0.00,0.00,0.00,0.01,-15.20,0.00,0.17
4,0.00,0.00,0.00,0.00,0.00,0.01,0.00,0.00,0.10
5,0.00,0.00,0.00,0.00,0.00,0.01,6.31,0.00,0.05
6,0.00,0.00,0.00,0.00,0.00,0.01,12.03,0.00,0.00
7,0.00,0.00,0.00,0.00,0.00,0.01,8.13,0.00,0.01
8,0.00,0.00,0.00,0.00,0.00,0.01,9.29,0.00,-0.02
1,0.00,10.00,0.08,0.00,10.00,0.08,-2.25,10.00,0.10
2,0.00,10.00,0.10,0.47,10.00,0.10,0.00,10.00,0.11
3,0.00,10.00,0.12,3.54,10.00,0.10,0.00,10.00,0.13
4,0.00,10.00,0.14,8.15,10.00,0.08,1.82,10.00,0.14
5,0.00,10.00,0.16,6.87,10.00,0.09,2.50,10.00,0.15
6,0.00,10.00,0.18,12.22,10.00,0.06,9.84,10.00,0.11
7,0.00,10.00,0.20,2.91,10.00,0.12,16.07,10.00,0.07
8,0.00,10.00,0.22,3.51,10.00,0.13,16.77,10.00,0.05
1,0.48,20.00,0.17,11.69,20.00,0.09,14.32,20.00,0.07
2,12.39,20.00,0.12,13.45,20.00,0.09,10.03,20.00,0.11
3,6.15,20.00,0.18,9.97,20.00,0.13,12.07,20.00,0.12
4,0.00,20.00,0.25,13.04,20.00,0.13,12.83,20.00,0.13
5,1.47,20.00,0.28,15.38,20.00,0.12,17.96,20.00,0.10
6,10.06,20.00,0.26,18.68,20.00,0.11,19.06,20.00,0.10
7,17.80,20.00,0.22,22.78,20.00,0.08,19.35,20.00,0.10
8,27.10,30.00,0.06,20.31,30.00,0.11,22.84,30.00,0.09
1,26.79,30.00,0.07,20.17,30.00,0.13,20.95,30.00,0.12
2,19.33,30.00,0.13,24.48,30.00,0.12,24.34,30.00,0.11
3,16.42,30.00,0.17,27.65,30.00,0.11,23.58,30.00,0.13
4,13.72,30.00,0.22,26.14,30.00,0.12,27.45,30.00,0.12
5,15.41,30.00,0.24,29.63,30.00,0.11,30.79,30.00,0.10
6,18.12,30.00,0.25,32.59,30.00,0.09,32.29,30.00,0.09
7,21.25,30.00,0.25,30.98,30.00,0.09,31.24,30.00,0.09
8,29.82,40.00,0.13,31.47,40.00,0.12,31.85,40.00,0.11
1,34.36,40.00,0.12,31.56,40.00,0.13,30.91,40.00,0.14
2,29.45,40.00,0.16,32.99,40.00,0.14,33.44,40.00,0.14
3,26.87,40.00,0.20,37.08,40.00,0.13,36.12,40.00,0.13
4,24.49,40.00,0.24,41.08,40.00,0.10,42.56,40.00,0.09
5,30.10,40.00,0.24,42.47,40.00,0.09,41.23,40.00,0.10
6,33.40,40.00,0.23,39.59,40.00,0.11,42.24,40.00,0.09
7,41.71,40.00,0.19,41.98,40.00,0.09,42.48,40.00,0.08
8,43.95,50.00,0.11,40.87,50.00,0.14,38.97,50.00,0.15
1,39.24,50.00,0.16,41.88,50.00,0.15,42.54,50.00,0.15
2,39.58,50.00,0.18,45.39,50.00,0.14,46.41,50.00,0.13
3,36.93,50.00,0.22,48.74,50.00,0.12,48.53,50.00,0.13
4,38.41,50.00,0.23,50.69,50.00,0.11,51.97,50.00,0.10
5,43.02,50.00,0.22,52.19,50.00,0.10,52.25,50.00,0.10
6,45.46,50.00,0.22,54.27,50.00,0.08,53.47,50.00,0.09
7,48.96,50.00,0.21,50.48,50.00,0.10,51.34,50.00,0.09
8,50.38,60.00,0.15,50.13,60.00,0.15,49.92,60.00,0.16
1,51.20,60.00,0.17,51.12,60.00,0.17,50.65,60.00,0.17
2,49.44,60.00,0.20,59.09,60.00,0.13,58.09,60.00,0.14
3,51.06,60.00,0.21,61.08,60.00,0.12,61.88,60.00,0.12
4,50.96,60.00,0.22,62.75,60.00,0.10,60.62,60.00,0.12
5,51.46,60.00,0.24,63.19,60.00,0.10,66.13,60.00,0.08
6,55.20,60.00,0.23,59.75,60.00,0.11,61.33,60.00,0.10
7,59.36,60.00,0.21,62.21,60.00,0.10,62.24,60.00,0.09
8,63.30,70.00,0.15,62.05,70.00,0.16,60.44,70.00,0.17
1,61.52,70.00,0.17,62.96,70.00,0.17,62.82,70.00,0.17
2,60.37,70.00,0.20,66.64,70.00,0.15,66.96,70.00,0.15
3,56.33,70.00,0.25,74.37,70.00,0.11,74.58,70.00,0.11
4,61.24,70.00,0.24,74.04,70.00,0.10,74.92,70.00,0.10
5,65.68,70.00,0.22,72.58,70.00,0.10,72.59,70.00,0.10
6,67.85,70.00,0.22,73.42,70.00,0.09,74.47,70.00,0.08
7,71.32,70.00,0.20,70.49,70.00,0.10,69.71,70.00,0.11
8,69.55,80.00,0.19,69.06,80.00,0.19,69.25,80.00,0.19
1,72.48,80.00,0.19,74.01,80.00,0.18,73.67,80.00,0.18
2,69.25,80.00,0.23,79.78,80.00,0.15,81.13,80.00,0.14
3,70.53,80.00,0.24,84.06,80.00,0.12,82.47,80.00,0.13
4,71.45,80.00,0.25,87.64,80.00,0.09,87.73,80.00,0.09
5,77.65,80.00,0.22,84.98,80.00,0.09,84.61,80.00,0.09
6,79.61,80.00,0.22,85.68,80.00,0.08,82.08,80.00,0.10
7,80.58,80.00,0.21,81.34,80.00,0.09,83.84,80.00,0.09
8,80.30,90.00,0.20,79.24,90.00,0.20,79.31,90.00,0.20
1,82.09,90.00,0.20,81.00,90.00,0.21,82.10,90.00,0.21
2,81.25,90.00,0.23,88.87,90.00,0.18,88.52,90.00,0.18
3,84.60,90.00,0.22,100.12,90.00,0.10,96.53,90.00,0.12
4,83.43,90.00,0.24,100.50,90.00,0.08,102.16,90.00,0.07
5,83.64,90.00,0.25,97.11,90.00,0.08,97.70,90.00,0.08
6,89.83,90.00,0.22,94.67,90.00,0.08,94.04,90.00,0.09
7,89.44,90.00,0.22,91.18,90.00,0.10,89.39,90.00,0.11
8,90.74,100.00,0.21,90.05,100.00,0.21,89.97,100.00,0.21
1,90.46,100.00,0.23,94.11,100.00,0.20,93.24,100.00,0.21
2,92.15,100.00,0.24,103.20,100.00,0.15,101.30,100.00,0.17
3,93.56,100.00,0.24,106.50,100.00,0.12,108.59,100.00,0.11
4,95.88,100.00,0.24,109.29,100.00,0.09,109.94,100.00,0.09
5,100.36,100.00,0.21,108.44,100.00,0.08,107.20,100.00,0.09
6,99.39,100.00,0.22,106.70,100.00,0.07,103.39,100.00,0.10
7,98.74,100.00,0.23,100.37,100.00,0.10,102.90,100.00,0.10
8,98.96,110.00,0.23,98.09,110.00,0.24,99.32,110.00,0.23
1,103.44,110.00,0.23,105.35,110.00,0.21,102.49,110.00,0.23
2,102.12,110.00,0.25,114.40,110.00,0.16,114.79,110.00,0.16
3,103.47,110.00,0.25,118.30,110.00,0.12,122.59,110.00,0.10
4,106.62,110.00,0.24,122.07,110.00,0.08,123.35,110.00,0.07
5,111.28,110.00,0.22,119.18,110.00,0.08,117.68,110.00,0.08
6,110.32,110.00,0.22,117.98,110.00,0.07,113.26,110.00,0.09
7,110.25,110.00,0.22,112.22,110.00,0.09,111.44,110.00,0.10
8,111.18,120.00,0.23,107.14,120.00,0.26,108.75,120.00,0.25
1,110.38,120.00,0.26,115.15,120.00,0.23,111.54,120.00,0.25
2,112.47,120.00,0.26,124.54,120.00,0.18,126.18,120.00,0.17
3,114.39,120.00,0.26,134.77,120.00,0.09,132.23,120.00,0.11
4,116.28,120.00,0.26,134.36,120.00,0.07,133.33,120.00,0.08
5,122.26,120.00,0.23,132.54,120.00,0.05,132.48,120.00,0.06
6,122.92,120.00,0.22,124.16,120.00,0.09,126.48,120.00,0.08
7,120.93,120.00,0.23,122.93,120.00,0.09,121.04,120.00,0.10
8,122.22,130.00,0.24,117.94,130.00,0.27,118.66,130.00,0.27
1,119.79,130.00,0.27,123.82,130.00,0.25,122.51,130.00,0.26
2,123.65,130.00,0.27,137.45,130.00,0.17,138.12,130.00,0.17
3,128.74,130.00,0.24,145.40,130.00,0.10,145.91,130.00,0.10
4,128.93,130.00,0.24,145.75,130.00,0.07,145.61,130.00,0.07
5,128.40,130.00,0.25,141.75,130.00,0.06,141.27,130.00,0.07
6,131.06,130.00,0.23,135.03,130.00,0.09,136.05,130.00,0.08
7,133.92,130.00,0.21,134.62,130.00,0.08,133.27,130.00,0.09
8,130.60,140.00,0.27,129.30,140.00,0.27,127.43,140.00,0.29
1,130.33,140.00,0.29,132.52,140.00,0.27,132.30,140.00,0.28
2,136.98,140.00,0.26,150.89,140.00,0.16,151.32,140.00,0.16
3,137.58,140.00,0.26,156.02,140.00,0.10,159.03,140.00,0.08
4,140.67,140.00,0.24,159.06,140.00,0.05,157.16,140.00,0.06
5,141.27,140.00,0.24,151.99,140.00,0.06,151.76,140.00,0.06
6,141.84,140.00,0.23,146.76,140.00,0.07,146.11,140.00,0.08
7,143.33,140.00,0.22,143.51,140.00,0.08,142.62,140.00,0.09
8,141.49,150.00,0.27,140.26,150.00,0.28,138.54,150.00,0.29
1,141.71,150.00,0.29,143.39,150.00,0.28,143.47,150.00,0.28
2,144.95,150.00,0.28,160.65,150.00,0.17,156.93,150.00,0.20
3,147.74,150.00,0.27,168.71,150.00,0.09,171.01,150.00,0.09
4,150.27,150.00,0.26,167.46,150.00,0.07,171.18,150.00,0.05
5,154.76,150.00,0.23,164.26,150.00,0.05,165.76,150.00,0.04
6,152.86,150.00,0.23,158.15,150.00,0.07,158.28,150.00,0.06
7,151.52,150.00,0.24,155.48,150.00,0.07,153.77,150.00,0.08
8,152.15,160.00,0.28,147.22,160.00,0.32,146.90,160.00,0.32
1,151.37,160.00,0.30,155.76,160.00,0.28,151.52,160.00,0.31
2,155.64,160.00,0.29,171.69,160.00,0.18,172.44,160.00,0.18
3,159.26,160.00,0.28,178.68,160.00,0.11,184.81,160.00,0.07
4,162.07,160.00,0.26,180.59,160.00,0.06,182.36,160.00,0.04
5,162.06,160.00,0.25,178.13,160.00,0.03,178.80,160.00,0.02
6,165.03,160.00,0.23,168.89,160.00,0.06,168.46,160.00,0.06
7,162.26,160.00,0.24,163.04,160.00,0.09,164.65,160.00,0.07
8,161.45,170.00,0.30,159.03,170.00,0.32,156.02,170.00,0.34
1,162.76,170.00,0.31,165.35,170.00,0.30,163.32,170.00,0.32
2,167.29,170.00,0.29,183.56,170.00,0.18,184.81,170.00,0.18
3,169.31,170.00,0.28,191.63,170.00,0.10,194.17,170.00,0.09
4,172.22,170.00,0.27,191.33,170.00,0.05,190.51,170.00,0.06
5,174.00,170.00,0.25,187.13,170.00,0.04,190.74,170.00,0.02
6,171.23,170.00,0.26,179.36,170.00,0.06,180.80,170.00,0.05
7,173.18,170.00,0.24,173.17,170.00,0.09,172.89,170.00,0.08
8,173.67,180.00,0.30,166.64,180.00,0.35,169.49,180.00,0.33
1,173.61,180.00,0.31,175.02,180.00,0.32,174.33,180.00,0.32
2,177.13,180.00,0.30,197.37,180.00,0.17,192.71,180.00,0.20
3,181.47,180.00,0.28,208.14,180.00,0.06,204.18,180.00,0.09
4,182.60,180.00,0.27,202.92,180.00,0.04,202.20,180.00,0.06
5,182.54,180.00,0.26,198.28,180.00,0.03,198.22,180.00,0.04
6,183.65,180.00,0.25,193.29,180.00,0.03,192.52,180.00,0.05
7,181.83,180.00,0.25,183.79,180.00,0.07,183.22,180.00,0.09
8,182.20,190.00,0.33,177.75,190.00,0.36,178.26,190.00,0.35
1,183.17,190.00,0.33,187.85,190.00,0.31,186.23,190.00,0.32
2,187.79,190.00,0.32,207.35,190.00,0.18,203.32,190.00,0.21
3,194.22,190.00,0.28,213.98,190.00,0.10,216.25,190.00,0.09
4,195.22,190.00,0.26,213.78,190.00,0.05,216.02,190.00,0.04
5,193.58,190.00,0.26,209.86,190.00,0.03,210.54,190.00,0.03
6,193.99,190.00,0.25,201.15,190.00,0.05,200.58,190.00,0.06
7,195.28,190.00,0.23,197.22,190.00,0.06,195.92,190.00,0.07
8,190.37,200.00,0.35,188.11,200.00,0.37,188.32,200.00,0.37
1,193.54,200.00,0.35,195.47,200.00,0.34,194.96,200.00,0.34
2,196.82,200.00,0.34,218.01,200.00,0.19,216.95,200.00,0.20
3,205.05,200.00,0.29,228.12,200.00,0.09,228.95,200.00,0.08
4,205.30,200.00,0.28,224.95,200.00,0.05,226.14,200.00,0.04
5,208.85,200.00,0.24,221.93,200.00,0.02,222.48,200.00,0.02
6,206.24,200.00,0.24,212.27,200.00,0.05,213.06,200.00,0.04
7,203.06,200.00,0.25,206.25,200.00,0.06,205.76,200.00,0.06
8,200.10,210.00,0.37,198.98,210.00,0.38,198.38,210.00,0.38
1,203.41,210.00,0.37,208.73,210.00,0.33,204.92,210.00,0.36
2,210.40,210.00,0.33,227.24,210.00,0.20,229.25,210.00,0.20
3,213.88,210.00,0.31,235.43,210.00,0.11,240.23,210.00,0.08
4,216.45,210.00,0.28,236.44,210.00,0.05,236.97,210.00,0.05
5,215.76,210.00,0.27,233.16,210.00,0.02,231.41,210.00,0.03
6,217.84,210.00,0.25,222.93,210.00,0.05,222.86,210.00,0.05
7,213.33,210.00,0.26,216.08,210.00,0.07,213.85,210.00,0.09
8,214.29,220.00,0.35,212.63,220.00,0.37,207.71,220.00,0.40
1,212.03,220.00,0.38,217.36,220.00,0.35,217.39,220.00,0.36
2,220.88,220.00,0.34,235.58,220.00,0.23,242.04,220.00,0.19
3,223.90,220.00,0.31,249.30,220.00,0.10,250.77,220.00,0.08
4,226.45,220.00,0.29,248.78,220.00,0.04,248.61,220.00,0.04
5,228.68,220.00,0.26,244.13,220.00,0.02,242.87,220.00,0.02
6,226.94,220.00,0.25,234.59,220.00,0.04,233.07,220.00,0.04
7,224.11,220.00,0.26,228.05,220.00,0.05,226.21,220.00,0.07
8,221.38,230.00,0.39,223.25,230.00,0.38,218.75,230.00,0.41
1,222.20,230.00,0.40,228.09,230.00,0.36,225.52,230.00,0.38
2,231.63,230.00,0.35,248.14,230.00,0.22,249.77,230.00,0.22
3,238.91,230.00,0.30,257.77,230.00,0.12,261.84,230.00,0.10
4,240.15,230.00,0.27,259.32,230.00,0.05,260.71,230.00,0.04
5,237.54,230.00,0.27,255.46,230.00,0.02,254.01,230.00,0.03
6,234.41,230.00,0.27,246.43,230.00,0.03,244.74,230.00,0.04
7,233.64,230.00,0.27,237.13,230.00,0.06,240.01,230.00,0.05
8,234.59,240.00,0.38,230.58,240.00,0.41,230.00,240.00,0.41
1,234.19,240.00,0.39,242.15,240.00,0.35,237.33,240.00,0.38
2,238.13,240.00,0.38,262.08,240.00,0.20,263.59,240.00,0.20
3,249.04,240.00,0.31,269.64,240.00,0.11,273.75,240.00,0.08
4,247.29,240.00,0.30,271.91,240.00,0.03,273.27,240.00,0.02
5,250.49,240.00,0.26,262.61,240.00,0.03,263.33,240.00,0.02
6,247.18,240.00,0.27,255.06,240.00,0.04,254.24,240.00,0.04
7,244.34,240.00,0.27,250.44,240.00,0.04,246.59,240.00,0.07
8,240.66,250.00,0.42,238.96,250.00,0.43,240.38,250.00,0.42
1,245.60,250.00,0.41,250.35,250.00,0.38,248.41,250.00,0.39
2,253.05,250.00,0.36,274.50,250.00,0.21,273.69,250.00,0.21
3,256.71,250.00,0.33,287.80,250.00,0.06,283.43,250.00,0.10
4,259.78,250.00,0.30,281.95,250.00,0.03,282.14,250.00,0.04
5,260.05,250.00,0.28,276.57,250.00,0.00,275.98,250.00,0.02
6,257.00,250.00,0.28,266.96,250.00,0.02,265.59,250.00,0.04
7,255.97,250.00,0.27,259.28,250.00,0.04,258.58,250.00,0.06
8,251.90,260.00,0.43,250.98,260.00,0.43,250.12,260.00,0.44
1,255.60,260.00,0.42,259.07,260.00,0.40,258.44,260.00,0.40
2,261.19,260.00,0.39,282.80,260.00,0.23,283.91,260.00,0.23
3,269.26,260.00,0.33,295.66,260.00,0.10,295.50,260.00,0.10
4,271.43,260.00,0.30,293.79,260.00,0.04,294.50,260.00,0.03
5,269.36,260.00,0.29,286.95,260.00,0.02,286.50,260.00,0.02
6,266.66,260.00,0.29,281.08,260.00,0.01,277.11,260.00,0.03
7,266.41,260.00,0.28,270.33,260.00,0.04,271.44,260.00,0.04
8,265.26,270.00,0.42,263.03,270.00,0.43,260.93,270.00,0.45
1,264.66,270.00,0.43,271.21,270.00,0.39,267.64,270.00,0.42
2,272.42,270.00,0.39,290.88,270.00,0.25,294.39,270.00,0.24
3,278.73,270.00,0.34,306.57,270.00,0.10,309.41,270.00,0.08
4,283.65,270.00,0.29,307.52,270.00,0.02,306.87,270.00,0.02
5,280.53,270.00,0.28,297.43,270.00,0.02,297.52,270.00,0.01
6,278.16,270.00,0.28,290.97,270.00,0.01,287.89,270.00,0.03
7,274.42,270.00,0.29,281.82,270.00,0.03,280.28,270.00,0.04
8,272.17,280.00,0.45,270.90,280.00,0.46,272.49,280.00,0.45
1,276.09,280.00,0.44,285.65,280.00,0.38,278.12,280.00,0.43
2,283.07,280.00,0.40,304.93,280.00,0.23,304.73,280.00,0.25
3,291.06,280.00,0.34,318.50,280.00,0.09,316.70,280.00,0.11
4,292.92,280.00,0.30,313.66,280.00,0.04,315.99,280.00,0.04
5,290.13,280.00,0.30,308.64,280.00,0.01,308.34,280.00,0.03
6,290.74,280.00,0.27,299.10,280.00,0.02,299.01,280.00,0.03
7,287.31,280.00,0.28,292.13,280.00,0.03,292.08,280.00,0.04
8,282.66,290.00,0.47,282.55,290.00,0.47,281.46,290.00,0.47
1,283.13,290.00,0.48,290.79,290.00,0.42,290.75,290.00,0.43
2,293.69,290.00,0.42,314.01,290.00,0.26,316.71,290.00,0.24
3,303.31,290.00,0.34,328.64,290.00,0.11,327.87,290.00,0.11
4,302.09,290.00,0.32,330.23,290.00,0.02,325.95,290.00,0.05
5,304.88,290.00,0.28,319.55,290.00,0.01,317.90,290.00,0.03
6,299.77,290.00,0.29,311.24,290.00,0.01,309.35,290.00,0.04
7,295.74,290.00,0.30,304.97,290.00,0.02,300.27,290.00,0.06
8,293.93,300.00,0.47,294.65,300.00,0.47,291.40,300.00,0.49
1,296.75,300.00,0.46,299.35,300.00,0.44,301.20,300.00,0.44
2,305.88,300.00,0.41,325.83,300.00,0.26,323.61,300.00,0.28
3,310.51,300.00,0.36,341.23,300.00,0.10,341.00,300.00,0.11
4,312.40,300.00,0.33,339.95,300.00,0.03,338.68,300.00,0.04
5,310.28,300.00,0.32,329.26,300.00,0.02,329.48,300.00,0.03
6,310.15,300.00,0.30,323.19,300.00,0.01,321.66,300.00,0.03
7,308.84,300.00,0.29,313.68,300.00,0.03,311.33,300.00,0.06
8,304.58,310.00,0.48,306.27,310.00,0.47,300.57,310.00,0.51
1,305.51,310.00,0.49,310.90,310.00,0.44,312.50,310.00,0.44
2,313.96,310.00,0.43,333.66,310.00,0.28,338.00,310.00,0.26
3,322.83,310.00,0.36,350.96,310.00,0.11,351.78,310.00,0.11
4,324.32,310.00,0.33,348.69,310.00,0.05,347.17,310.00,0.06
5,324.04,310.00,0.30,342.08,310.00,0.02,340.83,310.00,0.03
6,318.32,310.00,0.31,332.35,310.00,0.02,329.46,310.00,0.04
7,319.67,310.00,0.29,324.57,310.00,0.03,321.35,310.00,0.06
8,313.37,320.00,0.50,315.47,320.00,0.49,312.21,320.00,0.51
1,315.06,320.00,0.51,324.41,320.00,0.44,318.58,320.00,0.48
2,325.57,320.00,0.44,349.65,320.00,0.25,349.31,320.00,0.27
3,334.73,320.00,0.37,361.46,320.00,0.11,361.86,320.00,0.12
4,332.52,320.00,0.35,359.04,320.00,0.04,359.33,320.00,0.06
5,334.59,320.00,0.31,353.16,320.00,0.00,351.33,320.00,0.04
6,332.85,320.00,0.30,342.13,320.00,0.02,341.42,320.00,0.04
7,328.19,320.00,0.30,332.40,320.00,0.04,334.80,320.00,0.05
8,325.13,330.00,0.51,325.64,330.00,0.50,324.78,330.00,0.51
1,325.62,330.00,0.51,330.86,330.00,0.47,331.61,330.00,0.47
2,333.70,330.00,0.46,359.52,330.00,0.27,359.15,330.00,0.27
3,342.58,330.00,0.39,374.42,330.00,0.11,373.20,330.00,0.12
4,345.37,330.00,0.35,372.96,330.00,0.03,371.85,330.00,0.04
5,346.90,330.00,0.31,365.93,330.00,-0.01,361.08,330.00,0.03
6,342.19,330.00,0.31,353.21,330.00,0.01,353.08,330.00,0.03
7,336.46,330.00,0.32,345.23,330.00,0.02,340.06,330.00,0.07
8,336.78,340.00,0.51,337.56,340.00,0.50,334.97,340.00,0.52
1,335.75,340.00,0.52,342.73,340.00,0.47,341.56,340.00,0.48
2,347.56,340.00,0.45,369.70,340.00,0.28,367.40,340.00,0.30
3,350.16,340.00,0.41,379.09,340.00,0.15,382.08,340.00,0.14
4,356.64,340.00,0.35,379.32,340.00,0.07,380.75,340.00,0.07
5,355.33,340.00,0.32,373.32,340.00,0.04,373.62,340.00,0.04
6,349.65,340.00,0.33,366.04,340.00,0.02,365.59,340.00,0.03
7,350.56,340.00,0.31,353.49,340.00,0.06,352.69,340.00,0.06
8,344.30,350.00,0.54,348.53,350.00,0.51,344.19,350.00,0.54
1,346.03,350.00,0.54,351.51,350.00,0.49,354.47,350.00,0.48
2,358.79,350.00,0.46,380.71,350.00,0.28,383.11,350.00,0.27
3,362.65,350.00,0.41,392.71,350.00,0.14,393.27,350.00,0.13
4,366.99,350.00,0.36,390.25,350.00,0.07,390.94,350.00,0.06
5,363.68,350.00,0.35,383.47,350.00,0.04,381.20,350.00,0.05
6,362.85,350.00,0.33,375.14,350.00,0.03,372.77,350.00,0.05
7,360.62,350.00,0.32,367.65,350.00,0.03,362.79,350.00,0.07
8,352.83,360.00,0.56,357.25,360.00,0.53,355.23,360.00,0.55
1,357.55,360.00,0.55,364.10,360.00,0.49,361.27,360.00,0.51
2,370.43,360.00,0.46,390.20,360.00,0.30,392.10,360.00,0.30
3,373.67,360.00,0.42,404.60,360.00,0.14,408.91,360.00,0.11
4,376.43,360.00,0.37,404.48,360.00,0.05,403.62,360.00,0.05
5,375.35,360.00,0.34,395.52,360.00,0.02,397.51,360.00,0.01
6,372.71,360.00,0.33,388.01,360.00,0.01,383.37,360.00,0.03
7,367.65,360.00,0.34,376.85,360.00,0.03,374.77,360.00,0.05
8,366.57,370.00,0.55,368.30,370.00,0.54,366.69,370.00,0.55
1,366.73,370.00,0.56,375.18,370.00,0.50,374.02,370.00,0.51
2,378.37,370.00,0.48,401.40,370.00,0.30,398.11,370.00,0.33
3,381.80,370.00,0.44,412.31,370.00,0.16,416.53,370.00,0.15
4,387.51,370.00,0.38,411.83,370.00,0.08,412.90,370.00,0.08
5,386.68,370.00,0.35,406.67,370.00,0.03,407.14,370.00,0.03
6,382.61,370.00,0.34,397.99,370.00,0.02,397.82,370.00,0.02
7,378.30,370.00,0.35,384.93,370.00,0.06,382.94,370.00,0.07
8,375.63,380.00,0.57,379.90,380.00,0.54,376.00,380.00,0.57
1,380.09,380.00,0.55,384.19,380.00,0.51,386.66,380.00,0.50
2,385.18,380.00,0.52,410.70,380.00,0.32,411.84,380.00,0.31
3,395.40,380.00,0.43,425.91,380.00,0.15,427.05,380.00,0.14
4,396.31,380.00,0.40,424.21,380.00,0.07,423.73,380.00,0.07
5,394.97,380.00,0.37,414.70,380.00,0.05,414.95,380.00,0.05
6,395.21,380.00,0.34,407.40,380.00,0.03,405.36,380.00,0.04
7,390.37,380.00,0.34,398.74,380.00,0.04,396.63,380.00,0.06
8,384.25,390.00,0.60,389.33,390.00,0.56,383.95,390.00,0.60
1,388.60,390.00,0.58,393.54,390.00,0.53,392.65,390.00,0.55
2,399.75,390.00,0.50,420.10,390.00,0.34,422.34,390.00,0.34
3,402.85,390.00,0.46,436.25,390.00,0.17,438.73,390.00,0.16
4,406.97,390.00,0.41,433.13,390.00,0.10,438.17,390.00,0.06
5,408.12,390.00,0.37,429.62,390.00,0.04,430.43,390.00,0.02
6,401.44,390.00,0.38,420.20,390.00,0.02,418.90,390.00,0.02
7,402.34,390.00,0.35,409.84,390.00,0.03,407.72,390.00,0.04
8,395.42,400.00,0.60,398.42,400.00,0.58,396.25,400.00,0.60
1,399.80,400.00,0.58,409.70,400.00,0.51,406.20,400.00,0.54
2,408.29,400.00,0.52,430.02,400.00,0.35,433.05,400.00,0.34
3,415.05,400.00,0.46,447.08,400.00,0.17,445.78,400.00,0.18
4,416.07,400.00,0.42,444.18,400.00,0.09,447.06,400.00,0.08
5,416.87,400.00,0.38,438.96,400.00,0.04,438.38,400.00,0.05
6,413.26,400.00,0.38,426.87,400.00,0.05,426.69,400.00,0.05
7,408.88,400.00,0.38,420.20,400.00,0.04,417.97,400.00,0.06
8,407.52,410.00,0.60,409.04,410.00,0.59,406.31,410.00,0.61
1,410.41,410.00,0.59,418.03,410.00,0.53,414.45,410.00,0.56
2,415.04,410.00,0.55,440.94,410.00,0.35,445.99,410.00,0.33
3,423.73,410.00,0.48,456.33,410.00,0.19,458.28,410.00,0.17
4,427.45,410.00,0.43,456.47,410.00,0.09,455.79,410.00,0.10
5,428.36,410.00,0.39,450.78,410.00,0.04,447.30,410.00,0.06
6,423.47,410.00,0.39,439.48,410.00,0.04,440.17,410.00,0.04
7,421.30,410.00,0.37,432.51,410.00,0.03,428.05,410.00,0.06
8,414.99,420.00,0.64,418.49,420.00,0.61,414.60,420.00,0.64
1,419.55,420.00,0.61,430.12,420.00,0.53,429.20,420.00,0.55
2,425.79,420.00,0.57,453.43,420.00,0.35,453.74,420.00,0.36
3,434.92,420.00,0.49,465.48,420.00,0.20,467.00,420.00,0.20
4,439.46,420.00,0.43,464.10,420.00,0.12,465.71,420.00,0.11
5,437.04,420.00,0.41,457.65,420.00,0.07,457.22,420.00,0.08
6,436.88,420.00,0.38,450.89,420.00,0.05,451.04,420.00,0.05
7,432.31,420.00,0.38,439.42,420.00,0.06,437.85,420.00,0.08
8,426.25,430.00,0.64,432.39,430.00,0.60,428.88,430.00,0.62
1,427.80,430.00,0.64,436.47,430.00,0.56,433.72,430.00,0.59
2,437.64,430.00,0.57,459.86,430.00,0.39,463.04,430.00,0.38
3,447.59,430.00,0.49,476.07,430.00,0.21,476.77,430.00,0.22
4,445.66,430.00,0.47,477.98,430.00,0.11,479.18,430.00,0.11
5,449.86,430.00,0.41,471.09,430.00,0.06,470.40,430.00,0.07
6,442.91,430.00,0.41,460.92,430.00,0.05,458.90,430.00,0.07
7,442.03,430.00,0.39,452.28,430.00,0.05,450.13,430.00,0.07
8,437.52,440.00,0.65,441.83,440.00,0.62,438.60,440.00,0.64
1,442.75,440.00,0.61,448.87,440.00,0.56,445.52,440.00,0.59
2,448.19,440.00,0.57,472.70,440.00,0.38,473.55,440.00,0.39
3,453.88,440.00,0.51,485.67,440.00,0.22,487.49,440.00,0.22
4,455.18,440.00,0.48,486.43,440.00,0.13,489.13,440.00,0.11
5,456.62,440.00,0.44,481.78,440.00,0.07,479.59,440.00,0.08
6,455.18,440.00,0.41,471.62,440.00,0.05,469.65,440.00,0.07
7,452.60,440.00,0.40,460.25,440.00,0.07,459.47,440.00,0.09
8,448.31,450.00,0.65,452.28,450.00,0.63,450.34,450.00,0.64
1,447.89,450.00,0.66,458.07,450.00,0.58,455.75,450.00,0.60
2,459.35,450.00,0.59,483.84,450.00,0.39,484.84,450.00,0.39
3,462.96,450.00,0.54,497.05,450.00,0.23,498.13,450.00,0.22
4,468.75,450.00,0.47,499.03,450.00,0.12,499.03,450.00,0.12
5,467.29,450.00,0.45,490.04,450.00,0.08,489.51,450.00,0.09
6,465.96,450.00,0.42,482.95,450.00,0.05,478.66,450.00,0.09
7,461.07,450.00,0.42,472.39,450.00,0.06,470.77,450.00,0.08
8,456.39,460.00,0.68,461.30,460.00,0.65,460.79,460.00,0.65
1,462.44,460.00,0.65,470.62,460.00,0.58,465.44,460.00,0.62
2,468.31,460.00,0.60,494.93,460.00,0.39,495.09,460.00,0.40
3,474.17,460.00,0.54,505.91,460.00,0.24,508.78,460.00,0.23
4,476.31,460.00,0.50,507.61,460.00,0.14,509.87,460.00,0.13
5,475.82,460.00,0.47,501.09,460.00,0.09,500.94,460.00,0.09
6,477.01,460.00,0.43,492.51,460.00,0.07,490.28,460.00,0.08
7,471.70,460.00,0.43,482.96,460.00,0.07,477.71,460.00,0.11
8,468.78,470.00,0.68,473.08,470.00,0.65,471.39,470.00,0.66
1,470.22,470.00,0.67,481.07,470.00,0.59,478.97,470.00,0.61
2,476.73,470.00,0.63,499.03,470.00,0.44,503.57,470.00,0.42
3,486.03,470.00,0.55,522.53,470.00,0.22,517.35,470.00,0.25
4,485.93,470.00,0.52,518.15,470.00,0.14,517.11,470.00,0.16
5,488.83,470.00,0.46,514.12,470.00,0.07,510.20,470.00,0.11
6,485.51,470.00,0.45,503.07,470.00,0.06,501.88,470.00,0.09
7,482.72,470.00,0.44,492.03,470.00,0.08,492.57,470.00,0.09
8,475.96,480.00,0.71,484.37,480.00,0.66,479.83,480.00,0.69
1,482.28,480.00,0.68,488.75,480.00,0.62,488.97,480.00,0.62
2,489.08,480.00,0.63,516.22,480.00,0.41,516.56,480.00,0.41
3,495.55,480.00,0.56,525.78,480.00,0.27,528.44,480.00,0.26
4,494.33,480.00,0.54,529.06,480.00,0.15,526.91,480.00,0.17
5,498.27,480.00,0.48,522.78,480.00,0.10,523.62,480.00,0.10
6,495.78,480.00,0.46,514.21,480.00,0.07,509.73,480.00,0.11
7,491.07,480.00,0.47,504.07,480.00,0.07,501.55,480.00,0.11
8,488.27,490.00,0.71,495.17,490.00,0.66,492.65,490.00,0.68
1,488.93,490.00,0.71,501.06,490.00,0.61,495.93,490.00,0.65
2,499.21,490.00,0.64,521.16,490.00,0.45,523.68,490.00,0.45
3,503.41,490.00,0.59,536.59,490.00,0.28,537.37,490.00,0.28
4,506.29,490.00,0.55,540.01,490.00,0.16,537.85,490.00,0.19
5,507.28,490.00,0.51,536.13,490.00,0.09,532.75,490.00,0.13
6,505.22,490.00,0.49,524.48,490.00,0.08,523.28,490.00,0.11
7,502.04,490.00,0.48,515.54,490.00,0.07,513.48,490.00,0.11
8,497.25,500.00,0.73,505.38,500.00,0.68,502.76,500.00,0.69
1,500.16,500.00,0.72,510.20,500.00,0.63,508.13,500.00,0.65
2,510.20,500.00,0.65,532.99,500.00,0.45,533.00,500.00,0.46
3,511.20,500.00,0.62,548.46,500.00,0.28,547.53,500.00,0.29
4,516.11,500.00,0.56,548.72,500.00,0.18,548.33,500.00,0.19
5,518.20,500.00,0.52,545.78,500.00,0.10,542.77,500.00,0.14
6,514.98,500.00,0.50,534.07,500.00,0.09,533.25,500.00,0.12
7,512.60,500.00,0.49,524.01,500.00,0.09,523.34,500.00,0.12
8,507.80,510.00,0.74,516.22,510.00,0.69,512.21,510.00,0.71
1,511.08,510.00,0.73,522.85,510.00,0.63,521.32,510.00,0.64
2,515.17,510.00,0.69,542.41,510.00,0.46,542.33,510.00,0.48
3,523.60,510.00,0.63,556.85,510.00,0.30,556.59,510.00,0.31
4,524.90,510.00,0.59,557.83,510.00,0.20,558.36,510.00,0.21
5,528.71,510.00,0.53,552.49,510.00,0.14,553.57,510.00,0.14
6,524.45,510.00,0.52,542.54,510.00,0.12,545.10,510.00,0.11
7,521.00,510.00,0.52,535.45,510.00,0.11,534.07,510.00,0.12
8,521.97,520.00,0.73,526.44,520.00,0.70,522.29,520.00,0.73
1,520.75,520.00,0.73,532.61,520.00,0.64,530.01,520.00,0.67
2,526.27,520.00,0.69,552.22,520.00,0.48,549.94,520.00,0.51
3,531.75,520.00,0.64,564.20,520.00,0.33,568.27,520.00,0.32
4,535.04,520.00,0.60,568.74,520.00,0.21,568.64,520.00,0.22
5,534.49,520.00,0.57,563.03,520.00,0.15,563.47,520.00,0.16
6,535.22,520.00,0.54,554.48,520.00,0.13,554.30,520.00,0.14
7,531.09,520.00,0.53,546.62,520.00,0.11,545.27,520.00,0.13
8,530.54,530.00,0.75,536.93,530.00,0.71,534.15,530.00,0.73
1,529.99,530.00,0.76,540.30,530.00,0.67,538.60,530.00,0.69
2,535.49,530.00,0.72,562.90,530.00,0.49,559.12,530.00,0.53
3,544.36,530.00,0.64,574.71,530.00,0.34,577.33,530.00,0.34
4,544.58,530.00,0.61,578.13,530.00,0.23,579.12,530.00,0.23
5,543.57,530.00,0.59,575.89,530.00,0.15,573.08,530.00,0.18
6,542.15,530.00,0.58,566.53,530.00,0.12,565.68,530.00,0.14
7,543.56,530.00,0.54,555.64,530.00,0.13,556.16,530.00,0.14
8,537.59,540.00,0.79,548.42,540.00,0.71,544.10,540.00,0.74
1,542.21,540.00,0.76,553.20,540.00,0.66,549.41,540.00,0.70
2,541.80,540.00,0.76,571.04,540.00,0.51,572.93,540.00,0.51
3,557.21,540.00,0.65,588.42,540.00,0.33,586.36,540.00,0.35
4,552.36,540.00,0.65,588.37,540.00,0.23,588.92,540.00,0.24
5,554.29,540.00,0.61,580.92,540.00,0.19,581.97,540.00,0.19
6,555.90,540.00,0.57,575.39,540.00,0.14,575.25,540.00,0.16
7,551.41,540.00,0.57,567.62,540.00,0.13,565.78,540.00,0.15
8,549.19,550.00,0.79,558.07,550.00,0.73,554.68,550.00,0.75
1,548.78,550.00,0.80,560.16,550.00,0.70,562.94,550.00,0.69
2,557.26,550.00,0.74,582.72,550.00,0.52,582.62,550.00,0.52
3,561.67,550.00,0.69,593.84,550.00,0.38,594.40,550.00,0.37
4,561.43,550.00,0.67,597.95,550.00,0.26,597.85,550.00,0.26
5,565.08,550.00,0.62,593.66,550.00,0.19,592.92,550.00,0.20
6,565.11,550.00,0.59,586.80,550.00,0.16,582.73,550.00,0.19
7,562.84,550.00,0.58,576.49,550.00,0.15,577.05,550.00,0.16
8,557.29,560.00,0.82,570.94,560.00,0.72,565.52,560.00,0.76
1,562.16,560.00,0.79,572.61,560.00,0.69,570.96,560.00,0.71
2,567.11,560.00,0.75,591.53,560.00,0.53,592.27,560.00,0.54
3,569.37,560.00,0.72,603.20,560.00,0.39,604.02,560.00,0.39
4,574.40,560.00,0.67,606.32,560.00,0.28,607.37,560.00,0.28
5,574.67,560.00,0.64,601.51,560.00,0.22,603.96,560.00,0.21
6,572.43,560.00,0.62,596.98,560.00,0.17,593.69,560.00,0.20
7,566.05,560.00,0.64,585.75,560.00,0.17,587.50,560.00,0.17
8,573.11,570.00,0.79,579.70,570.00,0.75,575.89,570.00,0.77
1,571.90,570.00,0.79,582.21,570.00,0.71,579.77,570.00,0.73
2,573.26,570.00,0.78,600.65,570.00,0.56,601.63,570.00,0.56
3,581.01,570.00,0.72,613.65,570.00,0.40,613.92,570.00,0.41
4,579.95,570.00,0.71,612.69,570.00,0.32,614.98,570.00,0.32
5,582.34,570.00,0.67,613.45,570.00,0.23,614.15,570.00,0.23
6,580.85,570.00,0.66,603.86,570.00,0.21,605.78,570.00,0.20
7,579.21,570.00,0.64,598.73,570.00,0.18,595.43,570.00,0.20
8,579.78,580.00,0.83,586.22,580.00,0.79,587.37,580.00,0.78
1,579.32,580.00,0.83,602.03,580.00,0.66,594.31,580.00,0.71
2,585.75,580.00,0.79,611.15,580.00,0.55,610.26,580.00,0.57
3,591.32,580.00,0.74,622.36,580.00,0.41,622.65,580.00,0.43
4,590.81,580.00,0.72,625.50,580.00,0.31,623.68,580.00,0.33
5,591.41,580.00,0.69,618.93,580.00,0.26,622.46,580.00,0.25
6,593.69,580.00,0.66,616.23,580.00,0.20,615.82,580.00,0.22
7,589.97,580.00,0.65,607.27,580.00,0.19,606.09,580.00,0.21
8,586.18,590.00,0.87,601.47,590.00,0.76,596.82,590.00,0.80
1,590.49,590.00,0.85,602.12,590.00,0.74,601.33,590.00,0.75
2,594.03,590.00,0.82,617.48,590.00,0.60,621.39,590.00,0.59
3,595.82,590.00,0.80,629.88,590.00,0.46,633.17,590.00,0.44
4,601.97,590.00,0.75,634.04,590.00,0.35,634.19,590.00,0.35
5,603.26,590.00,0.71,630.94,590.00,0.29,631.57,590.00,0.28
6,602.12,590.00,0.69,627.75,590.00,0.23,626.22,590.00,0.23
7,599.53,590.00,0.69,620.90,590.00,0.20,615.74,590.00,0.23
8,600.59,600.00,0.85,609.95,600.00,0.79,606.78,600.00,0.81
1,601.15,600.00,0.85,614.34,600.00,0.74,615.11,600.00,0.74
2,602.03,600.00,0.84,631.43,600.00,0.59,628.39,600.00,0.61
3,610.25,600.00,0.78,639.56,600.00,0.47,639.56,600.00,0.48
4,609.66,600.00,0.76,643.44,600.00,0.36,645.94,600.00,0.36
5,609.66,600.00,0.74,643.53,600.00,0.27,640.40,600.00,0.30
6,608.43,600.00,0.73,636.05,600.00,0.24,635.92,600.00,0.25
7,611.35,600.00,0.69,627.46,600.00,0.23,625.41,600.00,0.26
8,606.48,610.00,0.90,619.94,610.00,0.80,618.59,610.00,0.81
1,608.71,610.00,0.89,624.61,610.00,0.75,623.83,610.00,0.76
2,610.15,610.00,0.88,642.38,610.00,0.60,642.17,610.00,0.60
3,616.36,610.00,0.84,648.58,610.00,0.49,649.50,610.00,0.49
4,617.79,610.00,0.81,650.98,610.00,0.39,652.03,610.00,0.39
5,619.80,610.00,0.78,651.04,610.00,0.31,650.36,610.00,0.32
6,618.77,610.00,0.77,648.03,610.00,0.25,643.83,610.00,0.28
7,621.85,610.00,0.73,633.73,610.00,0.27,635.83,610.00,0.27
8,616.90,620.00,0.91,635.09,620.00,0.78,630.78,620.00,0.81
1,619.09,620.00,0.90,633.53,620.00,0.76,631.48,620.00,0.78
2,622.94,620.00,0.87,649.86,620.00,0.62,646.45,620.00,0.66
3,624.02,620.00,0.86,657.48,620.00,0.51,657.38,620.00,0.53
4,624.69,620.00,0.85,659.39,620.00,0.42,663.03,620.00,0.41
5,630.55,620.00,0.80,661.17,620.00,0.33,659.02,620.00,0.35
6,626.93,620.00,0.80,654.15,620.00,0.29,654.88,620.00,0.31
7,629.40,620.00,0.77,647.87,620.00,0.27,644.31,620.00,0.31
8,624.09,630.00,0.94,643.43,630.00,0.81,643.95,630.00,0.80
1,635.28,630.00,0.87,642.90,630.00,0.78,641.96,630.00,0.79
2,632.27,630.00,0.89,657.18,630.00,0.66,657.48,630.00,0.66
3,634.81,630.00,0.86,669.86,630.00,0.51,670.08,630.00,0.51
4,636.39,630.00,0.84,668.60,630.00,0.44,668.87,630.00,0.44
5,635.63,630.00,0.83,671.82,630.00,0.34,668.92,630.00,0.36
6,637.15,630.00,0.81,663.57,630.00,0.32,661.55,630.00,0.34
7,638.03,630.00,0.79,661.19,630.00,0.27,656.56,630.00,0.31
8,636.94,640.00,0.94,652.53,640.00,0.83,650.25,640.00,0.84
1,639.12,640.00,0.93,654.21,640.00,0.79,648.39,640.00,0.84
2,638.95,640.00,0.93,667.21,640.00,0.67,666.45,640.00,0.69
3,641.53,640.00,0.91,675.46,640.00,0.56,680.64,640.00,0.54
4,643.95,640.00,0.89,680.97,640.00,0.45,680.63,640.00,0.46
5,644.25,640.00,0.88,676.77,640.00,0.40,678.97,640.00,0.39
6,639.63,640.00,0.91,677.05,640.00,0.32,673.14,640.00,0.35
7,647.50,640.00,0.85,668.56,640.00,0.31,661.93,640.00,0.36
8,647.26,650.00,0.95,662.88,650.00,0.84,663.79,650.00,0.83
1,637.92,650.00,1.02,665.15,650.00,0.80,664.44,650.00,0.80
2,665.96,650.00,0.85,678.53,650.00,0.67,673.59,650.00,0.71
3,666.30,650.00,0.81,684.72,650.00,0.57,684.45,650.00,0.58
4,661.01,650.00,0.82,687.06,650.00,0.49,685.99,650.00,0.50
5,660.78,650.00,0.80,686.86,650.00,0.41,686.27,650.00,0.43
6,659.62,650.00,0.78,683.37,650.00,0.36,682.19,650.00,0.39
7,655.02,650.00,0.80,677.47,650.00,0.34,675.36,650.00,0.37
8,651.77,660.00,1.00,672.30,660.00,0.86,669.57,660.00,0.88
1,658.43,660.00,0.97,674.80,660.00,0.81,671.61,660.00,0.84
2,671.25,660.00,0.88,683.27,660.00,0.73,685.25,660.00,0.72
3,672.26,660.00,0.85,694.56,660.00,0.60,693.54,660.00,0.62
4,671.46,660.00,0.84,697.69,660.00,0.51,696.08,660.00,0.53
5,668.19,660.00,0.84,695.35,660.00,0.45,695.46,660.00,0.46
6,667.26,660.00,0.83,694.11,660.00,0.39,692.31,660.00,0.41
7,665.21,660.00,0.83,688.79,660.00,0.36,684.45,660.00,0.40
8,661.12,670.00,1.02,683.15,670.00,0.87,681.08,670.00,0.88
1,669.36,670.00,0.98,685.57,670.00,0.82,684.13,670.00,0.84
2,681.78,670.00,0.89,696.48,670.00,0.71,694.78,670.00,0.73
3,681.23,670.00,0.87,702.11,670.00,0.62,701.47,670.00,0.64
4,681.39,670.00,0.85,705.66,670.00,0.53,703.40,670.00,0.56
5,673.92,670.00,0.88,704.45,670.00,0.47,703.07,670.00,0.50
6,673.03,670.00,0.88,702.51,670.00,0.41,699.95,670.00,0.45
7,673.15,670.00,0.87,698.05,670.00,0.38,696.82,670.00,0.41
8,667.19,680.00,1.06,690.22,680.00,0.90,689.98,680.00,0.90
1,676.73,680.00,1.02,697.37,680.00,0.83,690.76,680.00,0.88
2,688.41,680.00,0.94,704.69,680.00,0.74,703.30,680.00,0.77
3,691.84,680.00,0.90,713.05,680.00,0.64,707.84,680.00,0.69
4,687.70,680.00,0.91,713.13,680.00,0.57,711.61,680.00,0.61
5,684.02,680.00,0.92,710.05,680.00,0.52,713.17,680.00,0.53
6,682.30,680.00,0.92,710.20,680.00,0.46,709.65,680.00,0.49
7,678.42,680.00,0.95,705.02,680.00,0.44,708.85,680.00,0.44
8,675.15,690.00,1.09,703.13,690.00,0.89,702.73,690.00,0.90
1,683.08,690.00,1.06,702.84,690.00,0.87,702.57,690.00,0.87
2,691.21,690.00,1.02,714.40,690.00,0.76,715.18,690.00,0.76
3,702.11,690.00,0.94,720.30,690.00,0.67,719.75,690.00,0.68
4,705.66,690.00,0.89,724.93,690.00,0.58,725.11,690.00,0.58
5,695.96,690.00,0.93,719.28,690.00,0.55,721.30,690.00,0.54
6,695.12,690.00,0.92,717.43,690.00,0.50,716.61,690.00,0.51
7,688.68,690.00,0.96,712.16,690.00,0.49,710.14,690.00,0.50
8,684.88,700.00,1.11,709.39,700.00,0.93,707.93,700.00,0.94
1,692.16,700.00,1.09,711.62,700.00,0.90,709.80,700.00,0.92
2,702.11,700.00,1.03,719.07,700.00,0.82,722.29,700.00,0.81
3,707.62,700.00,0.99,723.22,700.00,0.76,726.17,700.00,0.74
4,711.27,700.00,0.95,730.70,700.00,0.66,729.78,700.00,0.66
5,712.54,700.00,0.92,730.88,700.00,0.60,729.81,700.00,0.60
6,706.85,700.00,0.93,730.47,700.00,0.54,725.77,700.00,0.57
7,699.64,700.00,0.97,724.70,700.00,0.52,724.40,700.00,0.53
8,694.56,710.00,1.12,724.93,710.00,0.91,720.48,710.00,0.94
1,703.17,710.00,1.09,722.88,710.00,0.89,721.42,710.00,0.91
2,709.08,710.00,1.07,731.47,710.00,0.81,727.88,710.00,0.85
3,713.39,710.00,1.04,736.91,710.00,0.73,733.80,710.00,0.77
4,720.92,710.00,0.98,737.44,710.00,0.67,735.65,710.00,0.71
5,720.97,710.00,0.96,740.36,710.00,0.59,736.68,710.00,0.65
6,718.19,710.00,0.95,735.18,710.00,0.57,734.38,710.00,0.61
7,713.01,710.00,0.97,733.86,710.00,0.53,732.06,710.00,0.58
8,708.47,720.00,1.11,731.15,720.00,0.95,731.82,720.00,0.95
1,713.13,720.00,1.10,730.05,720.00,0.94,730.05,720.00,0.93
2,718.66,720.00,1.07,735.87,720.00,0.88,734.49,720.00,0.88
3,721.74,720.00,1.06,739.74,720.00,0.82,739.02,720.00,0.82
4,726.11,720.00,1.02,744.94,720.00,0.74,742.77,720.00,0.76
5,726.00,720.00,1.01,746.68,720.00,0.68,744.40,720.00,0.70
6,732.53,720.00,0.95,743.22,720.00,0.65,741.40,720.00,0.67
7,728.87,720.00,0.95,744.35,720.00,0.59,742.54,720.00,0.62
8,721.11,730.00,1.11,741.97,730.00,0.96,737.81,730.00,0.99
1,725.23,730.00,1.09,740.47,730.00,0.95,742.45,730.00,0.94
2,723.96,730.00,1.11,746.50,730.00,0.88,749.65,730.00,0.86
3,730.49,730.00,1.08,750.04,730.00,0.82,752.28,730.00,0.81
4,731.84,730.00,1.07,752.47,730.00,0.77,753.30,730.00,0.76
5,733.14,730.00,1.06,751.67,730.00,0.73,752.40,730.00,0.72
6,734.49,730.00,1.04,755.45,730.00,0.66,750.39,730.00,0.68
7,735.64,730.00,1.02,750.47,730.00,0.64,749.37,730.00,0.65
8,734.70,740.00,1.09,749.31,740.00,0.99,745.91,740.00,1.02
1,738.28,740.00,1.08,751.32,740.00,0.96,751.29,740.00,0.97
2,739.50,740.00,1.07,758.94,740.00,0.88,760.41,740.00,0.88
3,737.82,740.00,1.09,762.31,740.00,0.82,762.67,740.00,0.82
4,737.69,740.00,1.09,758.56,740.00,0.80,757.58,740.00,0.81
5,741.77,740.00,1.07,767.10,740.00,0.71,763.89,740.00,0.73
6,737.92,740.00,1.09,761.60,740.00,0.69,760.06,740.00,0.71
7,742.61,740.00,1.06,756.96,740.00,0.68,755.36,740.00,0.71
8,740.02,750.00,1.14,757.22,750.00,1.02,756.63,750.00,1.03
1,741.13,750.00,1.15,757.58,750.00,1.00,757.45,750.00,1.01
2,740.10,750.00,1.18,767.05,750.00,0.92,770.85,750.00,0.90
3,735.87,750.00,1.23,776.11,750.00,0.83,774.16,750.00,0.83
4,745.60,750.00,1.19,773.66,750.00,0.79,775.38,750.00,0.78
5,739.32,750.00,1.24,770.93,750.00,0.76,769.95,750.00,0.76
6,743.34,750.00,1.23,767.54,750.00,0.74,769.36,750.00,0.73
7,739.41,750.00,1.27,766.22,750.00,0.72,765.27,750.00,0.72
8,743.30,760.00,1.20,763.86,760.00,1.06,761.75,760.00,1.07
1,742.45,760.00,1.24,766.05,760.00,1.04,766.60,760.00,1.04
2,740.71,760.00,1.29,776.84,760.00,0.95,775.89,760.00,0.96
3,741.85,760.00,1.32,778.21,760.00,0.90,779.73,760.00,0.90
4,740.94,760.00,1.36,775.01,760.00,0.89,779.66,760.00,0.86
5,742.82,760.00,1.39,777.45,760.00,0.84,777.71,760.00,0.83
6,741.56,760.00,1.43,777.29,760.00,0.81,775.48,760.00,0.81
7,742.15,760.00,1.46,772.47,760.00,0.81,774.32,760.00,0.79
8,741.73,770.00,1.30,773.62,770.00,1.07,770.48,770.00,1.10
1,743.58,770.00,1.34,773.80,770.00,1.07,775.50,770.00,1.06
2,741.16,770.00,1.41,782.14,770.00,1.00,782.01,770.00,1.00
3,742.77,770.00,1.46,788.08,770.00,0.93,788.48,770.00,0.93
4,741.38,770.00,1.52,786.51,770.00,0.91,785.36,770.00,0.92
5,742.98,770.00,1.57,785.06,770.00,0.89,790.85,770.00,0.85
6,741.84,770.00,1.63,786.11,770.00,0.85,784.18,770.00,0.86
7,742.33,770.00,1.68,782.14,770.00,0.84,781.89,770.00,0.84
8,745.57,780.00,1.36,780.15,780.00,1.11,779.18,780.00,1.12
1,740.92,780.00,1.46,779.72,780.00,1.12,782.52,780.00,1.10
2,744.51,780.00,1.51,787.85,780.00,1.06,788.58,780.00,1.05
3,743.65,780.00,1.59,789.56,780.00,1.03,793.21,780.00,1.00
4,740.68,780.00,1.68,794.36,780.00,0.98,791.73,780.00,0.99
5,745.10,780.00,1.73,795.45,780.00,0.94,803.15,780.00,0.88
6,743.49,780.00,1.81,793.91,780.00,0.92,797.62,780.00,0.87
7,743.02,780.00,1.89,789.90,780.00,0.92,792.28,780.00,0.88
8,743.61,790.00,1.45,789.02,790.00,1.14,789.35,790.00,1.13
1,742.29,790.00,1.56,789.69,790.00,1.13,784.96,790.00,1.17
2,745.28,790.00,1.63,793.59,790.00,1.11,798.12,790.00,1.08
3,744.02,790.00,1.73,795.84,790.00,1.08,796.88,790.00,1.08
4,741.92,790.00,1.83,797.91,790.00,1.06,798.66,790.00,1.05
5,745.15,790.00,1.91,799.97,790.00,1.03,800.38,790.00,1.02
6,743.61,790.00,2.01,802.03,790.00,0.99,803.96,790.00,0.97
7,741.84,790.00,2.11,802.14,790.00,0.97,800.53,790.00,0.97
8,744.63,800.00,1.53,799.90,800.00,1.14,798.83,800.00,1.15
1,742.42,800.00,1.66,800.28,800.00,1.14,797.67,800.00,1.16
2,743.54,800.00,1.76,802.79,800.00,1.12,800.78,800.00,1.14
3,745.78,800.00,1.86,802.75,800.00,1.12,801.33,800.00,1.14
4,741.72,800.00,2.00,802.93,800.00,1.11,804.44,800.00,1.11
5,744.75,800.00,2.09,805.27,800.00,1.09,803.18,800.00,1.11
6,745.05,800.00,2.20,804.43,800.00,1.08,806.96,800.00,1.08
7,738.40,800.00,2.36,805.93,800.00,1.06,804.35,800.00,1.09
8,747.48,810.00,1.59,807.11,810.00,1.18,807.11,810.00,1.18
1,745.86,810.00,1.73,804.93,810.00,1.20,807.84,810.00,1.18
2,743.34,810.00,1.88,805.92,810.00,1.20,806.32,810.00,1.19
3,745.57,810.00,1.99,805.95,810.00,1.21,806.45,810.00,1.20
4,744.22,810.00,2.13,808.16,810.00,1.20,808.04,810.00,1.20
5,744.81,810.00,2.26,805.45,810.00,1.22,807.33,810.00,1.20
6,741.89,810.00,2.41,807.77,810.00,1.22,809.07,810.00,1.20
7,745.36,810.00,2.52,805.93,810.00,1.24,807.38,810.00,1.21
8,745.16,820.00,1.70,808.22,820.00,1.25,808.46,820.00,1.25
1,742.13,820.00,1.87,808.15,820.00,1.28,808.94,820.00,1.27
2,745.05,820.00,2.00,804.82,820.00,1.32,808.85,820.00,1.29
3,744.39,820.00,2.16,807.76,820.00,1.33,806.98,820.00,1.33
4,741.89,820.00,2.32,808.96,820.00,1.35,808.94,820.00,1.34
5,745.28,820.00,2.46,804.18,820.00,1.41,809.23,820.00,1.36
6,744.87,820.00,2.61,809.21,820.00,1.40,806.71,820.00,1.40
7,741.72,820.00,2.78,808.47,820.00,1.43,808.97,820.00,1.41
8,745.36,830.00,1.78,805.53,830.00,1.36,809.34,830.00,1.33
1,745.28,830.00,1.95,809.49,830.00,1.38,806.96,830.00,1.39
2,742.19,830.00,2.14,805.32,830.00,1.45,809.62,830.00,1.42
3,745.84,830.00,2.29,807.62,830.00,1.48,808.80,830.00,1.46
4,745.51,830.00,2.46,809.11,830.00,1.52,808.21,830.00,1.51
5,742.49,830.00,2.65,805.66,830.00,1.58,807.77,830.00,1.56
6,746.33,830.00,2.80,807.45,830.00,1.62,809.21,830.00,1.59
7,744.82,830.00,2.98,808.96,830.00,1.65,809.88,830.00,1.63
8,745.48,840.00,1.86,806.45,840.00,1.43,806.84,840.00,1.43
1,743.54,840.00,2.06,807.70,840.00,1.49,809.09,840.00,1.48
2,745.90,840.00,2.24,809.22,840.00,1.55,810.28,840.00,1.54
3,745.51,840.00,2.43,806.07,840.00,1.63,809.99,840.00,1.60
4,745.18,840.00,2.62,808.29,840.00,1.68,809.06,840.00,1.66
5,742.86,840.00,2.83,808.81,840.00,1.74,808.16,840.00,1.73
6,746.56,840.00,3.00,805.69,840.00,1.83,809.86,840.00,1.78
7,745.18,840.00,3.19,808.55,840.00,1.88,810.00,840.00,1.84
8,744.40,850.00,1.95,808.97,850.00,1.50,809.21,850.00,1.50
1,746.02,850.00,2.15,806.45,850.00,1.60,807.91,850.00,1.59
2,745.11,850.00,2.37,807.70,850.00,1.68,808.58,850.00,1.67
3,745.51,850.00,2.57,809.10,850.00,1.75,809.99,850.00,1.74
4,745.42,850.00,2.78,805.93,850.00,1.86,808.80,850.00,1.83
5,739.44,850.00,3.04,808.21,850.00,1.93,807.21,850.00,1.92
6,751.02,850.00,3.18,808.42,850.00,2.01,809.73,850.00,1.99
7,746.09,850.00,3.41,805.82,850.00,2.11,809.73,850.00,2.07
8,745.42,860.00,2.03,807.76,860.00,1.59,806.45,860.00,1.60
1,743.59,860.00,2.27,807.11,860.00,1.70,810.28,860.00,1.68
2,747.26,860.00,2.48,807.84,860.00,1.80,809.86,860.00,1.79
3,746.21,860.00,2.71,808.81,860.00,1.90,806.19,860.00,1.91
4,743.42,860.00,2.96,805.95,860.00,2.02,809.61,860.00,2.00
5,744.63,860.00,3.18,808.42,860.00,2.11,809.73,860.00,2.10
6,747.06,860.00,3.40,808.15,860.00,2.22,809.73,860.00,2.20
7,740.88,860.00,3.67,804.45,860.00,2.35,809.34,860.00,2.30
8,749.43,870.00,2.09,810.41,870.00,1.66,807.37,870.00,1.68
1,743.98,870.00,2.37,808.85,870.00,1.79,810.24,870.00,1.79
2,744.82,870.00,2.61,805.80,870.00,1.93,809.72,870.00,1.91
3,745.51,870.00,2.86,808.21,870.00,2.05,809.73,870.00,2.03
4,742.74,870.00,3.13,808.81,870.00,2.16,808.30,870.00,2.16
5,744.58,870.00,3.37,805.53,870.00,2.31,809.34,870.00,2.28
6,746.97,870.00,3.60,808.21,870.00,2.42,809.34,870.00,2.40
7,742.69,870.00,3.88,802.64,870.00,2.58,807.91,870.00,2.53
8,745.68,880.00,2.20,811.76,880.00,1.73,809.21,880.00,1.75
1,744.46,880.00,2.47,808.81,880.00,1.89,810.26,880.00,1.89
2,743.34,880.00,2.75,805.40,880.00,2.06,809.73,880.00,2.03
3,743.77,880.00,3.02,807.84,880.00,2.19,806.95,880.00,2.19
4,745.96,880.00,3.28,808.81,880.00,2.33,810.68,880.00,2.31
5,745.28,880.00,3.55,805.32,880.00,2.49,808.96,880.00,2.46
6,742.74,880.00,3.84,808.29,880.00,2.62,809.47,880.00,2.60
7,745.11,880.00,4.10,808.34,880.00,2.77,808.71,880.00,2.75
8,746.50,890.00,2.28,806.58,890.00,1.86,808.74,890.00,1.84
1,743.18,890.00,2.59,803.59,890.00,2.04,809.85,890.00,2.00
2,744.70,890.00,2.87,812.12,890.00,2.16,809.21,890.00,2.16
3,746.09,890.00,3.15,805.80,890.00,2.36,810.66,890.00,2.31
4,745.39,890.00,3.44,809.11,890.00,2.50,808.10,890.00,2.49
5,743.18,890.00,3.75,805.54,890.00,2.69,810.11,890.00,2.64
6,745.90,890.00,4.02,808.56,890.00,2.84,810.66,890.00,2.79
7,745.51,890.00,4.31,808.34,890.00,3.00,810.24,890.00,2.96
8,744.46,900.00,2.37,805.54,900.00,1.95,810.37,900.00,1.91
1,741.96,900.00,2.70,807.97,900.00,2.12,808.22,900.00,2.11
2,741.53,900.00,3.02,808.55,900.00,2.30,810.52,900.00,2.27
3,749.31,900.00,3.28,805.14,900.00,2.51,810.37,900.00,2.45
4,742.42,900.00,3.63,807.84,900.00,2.68,810.37,900.00,2.63
5,746.21,900.00,3.92,806.58,900.00,2.87,808.96,900.00,2.82
6,745.11,900.00,4.24,807.33,900.00,3.05,809.97,900.00,3.00
7,744.32,900.00,4.55,809.22,900.00,3.22,810.79,900.00,3.17
8,744.81,890.00,2.29,805.32,890.00,1.86,810.47,890.00,1.83
1,746.44,890.00,2.57,807.84,890.00,2.02,810.49,890.00,1.99
2,746.33,890.00,2.85,808.81,890.00,2.17,810.37,890.00,2.15
3,742.04,890.00,3.17,805.57,890.00,2.36,808.22,890.00,2.32
4,747.67,890.00,3.43,808.15,890.00,2.51,809.86,890.00,2.47
5,747.26,890.00,3.72,808.59,890.00,2.67,811.38,890.00,2.62
6,745.91,890.00,4.01,805.93,890.00,2.85,809.19,890.00,2.80
7,746.69,890.00,4.29,808.29,890.00,3.00,808.30,890.00,2.96
8,744.05,880.00,2.21,806.45,880.00,1.77,809.61,880.00,1.75
1,746.03,880.00,2.47,807.89,880.00,1.91,808.67,880.00,1.90
2,747.85,880.00,2.72,808.21,880.00,2.05,809.73,880.00,2.03
3,746.94,880.00,2.99,806.85,880.00,2.20,807.11,880.00,2.19
4,746.75,880.00,3.26,808.15,880.00,2.34,809.73,880.00,2.32
5,744.35,880.00,3.54,808.34,880.00,2.48,809.86,880.00,2.46
6,746.45,880.00,3.80,806.32,880.00,2.64,807.64,880.00,2.61
7,746.97,880.00,4.06,808.08,880.00,2.78,809.72,880.00,2.74
8,748.04,870.00,2.10,809.48,870.00,1.67,809.86,870.00,1.66
1,742.73,870.00,2.38,806.45,870.00,1.81,810.11,870.00,1.78
2,751.88,870.00,2.57,808.43,870.00,1.92,807.63,870.00,1.92
3,746.63,870.00,2.84,808.81,870.00,2.04,810.26,870.00,2.03
4,745.74,870.00,3.09,805.95,870.00,2.18,810.10,870.00,2.15
5,747.06,870.00,3.33,808.29,870.00,2.30,810.26,870.00,2.27
6,748.08,870.00,3.57,808.21,870.00,2.42,810.49,870.00,2.38
7,746.33,870.00,3.83,805.67,870.00,2.56,809.98,870.00,2.51
8,749.02,860.00,2.01,809.63,860.00,1.58,808.56,860.00,1.59
1,747.43,860.00,2.24,807.33,860.00,1.70,810.47,860.00,1.68
2,748.16,860.00,2.46,805.80,860.00,1.81,810.39,860.00,1.78
3,747.43,860.00,2.69,808.34,860.00,1.90,810.87,860.00,1.87
4,748.58,860.00,2.90,802.51,860.00,2.05,808.96,860.00,1.99
5,747.78,860.00,3.13,811.99,860.00,2.10,809.58,860.00,2.08
6,742.42,860.00,3.39,808.21,860.00,2.22,811.26,860.00,2.17
7,751.88,860.00,3.56,806.58,860.00,2.33,811.19,860.00,2.27
8,747.78,850.00,1.93,807.96,850.00,1.51,809.97,850.00,1.49
1,749.26,850.00,2.12,808.68,850.00,1.59,811.71,850.00,1.56
2,748.01,850.00,2.33,809.35,850.00,1.67,810.47,850.00,1.65
3,747.72,850.00,2.54,806.06,850.00,1.77,809.48,850.00,1.73
4,747.48,850.00,2.75,809.75,850.00,1.83,810.64,850.00,1.81
5,748.32,850.00,2.95,806.07,850.00,1.94,811.00,850.00,1.88
6,747.29,850.00,3.16,808.29,850.00,2.01,810.64,850.00,1.96
7,748.55,850.00,3.35,808.34,850.00,2.09,810.98,850.00,2.04
8,742.01,840.00,1.89,807.24,840.00,1.43,808.16,840.00,1.42
1,753.65,840.00,2.00,808.15,840.00,1.49,811.16,840.00,1.47
2,746.91,840.00,2.22,808.72,840.00,1.55,811.26,840.00,1.52
3,748.09,840.00,2.40,808.94,840.00,1.61,811.16,840.00,1.58
4,748.32,840.00,2.58,806.20,840.00,1.69,811.00,840.00,1.64
5,748.33,840.00,2.76,808.42,840.00,1.74,811.45,840.00,1.69
6,750.43,840.00,2.93,808.85,840.00,1.80,810.47,840.00,1.76
7,748.60,840.00,3.12,806.07,840.00,1.88,810.85,840.00,1.81
8,748.82,830.00,1.75,808.42,830.00,1.34,809.22,830.00,1.33
1,748.83,830.00,1.92,809.23,830.00,1.37,811.11,830.00,1.36
2,748.82,830.00,2.08,805.80,830.00,1.44,811.32,830.00,1.40
3,748.48,830.00,2.24,808.34,830.00,1.47,810.22,830.00,1.44
4,748.70,830.00,2.40,808.55,830.00,1.51,811.85,830.00,1.47
5,748.82,830.00,2.57,806.71,830.00,1.57,810.77,830.00,1.51
6,748.83,830.00,2.73,808.59,830.00,1.60,808.59,830.00,1.57
7,749.02,830.00,2.89,808.68,830.00,1.64,811.45,830.00,1.59
8,748.25,820.00,1.67,806.45,820.00,1.27,811.11,820.00,1.23
1,748.33,820.00,1.82,808.55,820.00,1.28,811.45,820.00,1.25
2,748.33,820.00,1.96,809.21,820.00,1.30,806.45,820.00,1.30
3,747.90,820.00,2.11,806.20,820.00,1.34,815.43,820.00,1.27
4,745.96,820.00,2.26,808.42,820.00,1.35,810.90,820.00,1.31
5,747.78,820.00,2.40,808.97,820.00,1.37,808.59,820.00,1.34
6,747.30,820.00,2.55,805.93,820.00,1.41,811.58,820.00,1.34
7,748.55,820.00,2.68,809.10,820.00,1.42,811.11,820.00,1.36
8,747.24,810.00,1.60,809.21,810.00,1.16,811.85,810.00,1.14
1,747.12,810.00,1.72,806.45,810.00,1.18,811.16,810.00,1.15
2,747.61,810.00,1.85,808.71,810.00,1.17,806.95,810.00,1.17
3,745.11,810.00,1.99,809.88,810.00,1.17,814.81,810.00,1.12
4,746.44,810.00,2.11,806.70,810.00,1.19,810.60,810.00,1.14
5,742.69,810.00,2.26,809.07,810.00,1.18,812.08,810.00,1.13
6,751.06,810.00,2.34,808.15,810.00,1.19,810.37,810.00,1.14
7,748.43,810.00,2.47,809.73,810.00,1.18,811.76,810.00,1.13
8,747.67,800.00,1.51,807.38,800.00,1.09,812.38,800.00,1.06
1,747.08,800.00,1.62,808.46,800.00,1.07,810.45,800.00,1.04
2,747.12,800.00,1.72,809.47,800.00,1.04,811.58,800.00,1.02
3,745.28,800.00,1.84,806.33,800.00,1.05,806.95,800.00,1.03
4,747.03,800.00,1.94,808.72,800.00,1.02,812.37,800.00,0.97
5,749.14,800.00,2.03,809.07,800.00,1.00,810.01,800.00,0.97
6,747.55,800.00,2.14,806.20,800.00,1.00,806.70,800.00,0.97
7,747.24,800.00,2.25,808.94,800.00,0.97,801.20,800.00,0.99
8,748.08,790.00,1.42,807.46,790.00,1.01,800.53,790.00,1.05
1,747.12,790.00,1.51,803.96,790.00,1.00,801.07,790.00,1.03
2,745.72,790.00,1.61,804.87,790.00,0.96,806.98,790.00,0.97
3,746.68,790.00,1.69,805.06,790.00,0.93,801.93,790.00,0.97
4,747.29,790.00,1.77,800.58,790.00,0.93,802.27,790.00,0.94
5,748.39,790.00,1.85,794.09,790.00,0.96,796.63,790.00,0.96
6,747.36,790.00,1.94,799.74,790.00,0.91,793.39,790.00,0.97
7,747.12,790.00,2.03,793.84,790.00,0.93,792.17,790.00,0.97
8,748.32,780.00,1.34,790.30,780.00,1.04,790.47,780.00,1.04
1,747.85,780.00,1.40,791.78,780.00,1.01,791.73,780.00,1.01
2,745.98,780.00,1.48,795.83,780.00,0.96,797.45,780.00,0.95
3,747.24,780.00,1.54,795.45,780.00,0.93,797.01,780.00,0.92
4,746.91,780.00,1.61,793.65,780.00,0.91,793.28,780.00,0.91
5,747.66,780.00,1.67,792.23,780.00,0.89,792.10,780.00,0.89
6,741.13,780.00,1.78,788.40,780.00,0.90,787.37,780.00,0.90
7,753.89,780.00,1.77,786.75,780.00,0.89,785.65,780.00,0.90
8,748.41,770.00,1.25,787.98,770.00,0.97,784.19,770.00,1.00
1,746.50,770.00,1.31,784.67,770.00,0.96,787.19,770.00,0.95
2,744.19,770.00,1.37,785.32,770.00,0.93,787.24,770.00,0.92
3,746.94,770.00,1.40,785.60,770.00,0.89,785.32,770.00,0.90
4,746.04,770.00,1.46,785.87,770.00,0.86,786.26,770.00,0.86
5,746.21,770.00,1.50,783.03,770.00,0.85,781.63,770.00,0.86
6,744.00,770.00,1.57,781.01,770.00,0.84,780.27,770.00,0.84
7,745.11,770.00,1.61,779.35,770.00,0.83,776.14,770.00,0.85
8,746.69,760.00,1.18,776.14,760.00,0.97,777.18,760.00,0.97
1,745.34,760.00,1.21,778.09,760.00,0.93,775.67,760.00,0.94
2,745.84,760.00,1.24,779.22,760.00,0.88,777.31,760.00,0.90
3,742.65,760.00,1.29,779.41,760.00,0.84,775.01,760.00,0.88
4,746.69,760.00,1.30,778.96,760.00,0.81,776.30,760.00,0.84
5,745.16,760.00,1.34,774.16,760.00,0.80,774.61,760.00,0.82
6,743.78,760.00,1.37,775.16,760.00,0.77,773.15,760.00,0.80
7,744.39,760.00,1.40,773.53,760.00,0.75,770.60,760.00,0.79
8,746.50,750.00,1.10,770.80,750.00,0.93,769.47,750.00,0.94
1,744.70,750.00,1.12,768.24,750.00,0.90,769.85,750.00,0.89
2,742.42,750.00,1.14,770.74,750.00,0.85,768.93,750.00,0.86
3,745.48,750.00,1.14,772.36,750.00,0.80,761.63,750.00,0.87
4,744.99,750.00,1.15,769.92,750.00,0.77,778.31,750.00,0.73
5,741.84,750.00,1.18,768.63,750.00,0.74,767.54,750.00,0.75
6,745.72,750.00,1.17,767.29,750.00,0.71,764.97,750.00,0.74
7,745.16,750.00,1.18,766.54,750.00,0.68,762.65,750.00,0.72
8,738.16,740.00,1.07,760.67,740.00,0.91,758.69,740.00,0.93
1,749.25,740.00,1.00,762.67,740.00,0.86,760.55,740.00,0.88
2,744.47,740.00,1.01,763.72,740.00,0.80,758.05,740.00,0.85
3,741.04,740.00,1.03,764.10,740.00,0.75,762.77,740.00,0.78
4,744.70,740.00,1.00,764.47,740.00,0.70,761.48,740.00,0.75
5,742.01,740.00,1.01,761.87,740.00,0.67,760.53,740.00,0.71
6,744.63,740.00,0.99,758.41,740.00,0.65,756.98,740.00,0.69
7,743.25,740.00,0.99,757.82,740.00,0.62,755.49,740.00,0.67
8,740.47,730.00,0.97,752.52,730.00,0.89,751.88,730.00,0.89
1,741.15,730.00,0.94,753.53,730.00,0.83,751.76,730.00,0.85
2,733.26,730.00,0.98,757.58,730.00,0.76,753.99,730.00,0.79
3,727.97,730.00,1.01,754.86,730.00,0.72,754.99,730.00,0.73
4,729.54,730.00,1.00,757.33,730.00,0.65,753.26,730.00,0.69
5,733.02,730.00,0.98,753.75,730.00,0.62,751.88,730.00,0.66
6,732.89,730.00,0.97,751.41,730.00,0.59,748.60,730.00,0.64
7,733.01,730.00,0.97,748.70,730.00,0.57,746.94,730.00,0.61
8,724.36,720.00,1.00,745.98,720.00,0.85,740.80,720.00,0.88
1,731.21,720.00,0.94,743.22,720.00,0.81,743.90,720.00,0.82
2,727.24,720.00,0.95,746.97,720.00,0.74,746.33,720.00,0.75
3,720.78,720.00,0.98,749.49,720.00,0.67,745.21,720.00,0.71
4,717.06,720.00,1.00,747.17,720.00,0.63,746.15,720.00,0.65
5,724.86,720.00,0.95,746.33,720.00,0.58,745.51,720.00,0.61
6,722.26,720.00,0.96,742.49,720.00,0.55,740.71,720.00,0.59
7,716.96,720.00,0.99,740.80,720.00,0.52,738.38,720.00,0.56
8,717.08,710.00,0.96,735.65,710.00,0.83,733.02,710.00,0.85
1,718.23,710.00,0.94,735.41,710.00,0.79,733.38,710.00,0.80
2,715.40,710.00,0.95,741.38,710.00,0.69,736.68,710.00,0.73
3,707.62,710.00,0.99,735.29,710.00,0.67,736.60,710.00,0.68
4,707.18,710.00,1.00,744.16,710.00,0.56,737.02,710.00,0.63
5,714.52,710.00,0.95,740.08,710.00,0.52,737.20,710.00,0.57
6,716.85,710.00,0.93,735.17,710.00,0.49,732.66,710.00,0.55
7,713.06,710.00,0.94,729.93,710.00,0.48,727.24,710.00,0.54
8,710.92,700.00,0.92,724.52,700.00,0.83,726.23,700.00,0.82
1,704.61,700.00,0.95,728.50,700.00,0.75,725.09,700.00,0.77
2,698.85,700.00,0.98,733.25,700.00,0.66,729.42,700.00,0.69
3,695.96,700.00,1.00,728.57,700.00,0.63,730.49,700.00,0.63
4,708.93,700.00,0.92,737.09,700.00,0.51,730.05,700.00,0.57
5,707.20,700.00,0.91,731.21,700.00,0.48,724.76,700.00,0.54
6,700.64,700.00,0.94,725.71,700.00,0.45,725.43,700.00,0.49
7,697.94,700.00,0.96,724.34,700.00,0.41,719.86,700.00,0.48
8,697.82,690.00,0.93,713.95,690.00,0.82,714.96,690.00,0.81
1,691.51,690.00,0.96,714.98,690.00,0.76,717.65,690.00,0.74
2,693.32,690.00,0.94,722.71,690.00,0.66,718.84,690.00,0.68
3,690.74,690.00,0.96,725.38,690.00,0.57,720.21,690.00,0.61
4,688.26,690.00,0.97,725.17,690.00,0.51,718.55,690.00,0.56
5,693.57,690.00,0.94,721.00,690.00,0.46,719.87,690.00,0.50
6,691.72,690.00,0.94,717.08,690.00,0.43,717.78,690.00,0.45
7,688.93,690.00,0.96,710.60,690.00,0.42,714.51,690.00,0.42
8,690.00,680.00,0.90,707.36,680.00,0.78,708.25,680.00,0.77
1,690.36,680.00,0.88,704.86,680.00,0.74,709.74,680.00,0.71
2,685.25,680.00,0.89,712.73,680.00,0.64,712.17,680.00,0.63
3,680.52,680.00,0.92,714.17,680.00,0.56,716.15,680.00,0.54
4,680.01,680.00,0.92,717.18,680.00,0.47,715.74,680.00,0.47
5,677.76,680.00,0.93,712.08,680.00,0.43,711.73,680.00,0.43
6,675.01,680.00,0.96,717.78,680.00,0.33,704.46,680.00,0.41
7,675.78,680.00,0.96,709.39,680.00,0.31,698.65,680.00,0.40
8,680.30,670.00,0.89,699.76,670.00,0.75,690.83,670.00,0.81
1,682.85,670.00,0.85,693.36,670.00,0.73,694.88,670.00,0.74
2,675.57,670.00,0.87,711.02,670.00,0.56,700.93,670.00,0.65
3,679.99,670.00,0.83,704.86,670.00,0.52,703.77,670.00,0.57
4,673.48,670.00,0.86,705.05,670.00,0.45,703.51,670.00,0.50
5,673.47,670.00,0.85,703.14,670.00,0.40,702.27,670.00,0.44
6,671.14,670.00,0.86,699.69,670.00,0.35,698.92,670.00,0.40
7,670.26,670.00,0.86,693.99,670.00,0.34,688.48,670.00,0.42
8,667.13,660.00,0.89,687.07,660.00,0.75,688.15,660.00,0.75
1,666.93,660.00,0.88,687.71,660.00,0.69,686.64,660.00,0.70
2,666.67,660.00,0.87,693.09,660.00,0.60,694.56,660.00,0.59
3,667.71,660.00,0.85,697.26,660.00,0.51,696.06,660.00,0.51
4,664.94,660.00,0.85,698.62,660.00,0.42,693.09,660.00,0.46
5,662.20,660.00,0.86,694.88,660.00,0.37,690.22,660.00,0.41
6,665.20,660.00,0.84,686.70,660.00,0.36,689.23,660.00,0.36
7,663.79,660.00,0.83,689.77,660.00,0.28,679.66,660.00,0.37
8,661.81,650.00,0.85,676.52,650.00,0.74,675.26,650.00,0.75
1,662.92,650.00,0.81,678.42,650.00,0.68,673.69,650.00,0.71
2,660.16,650.00,0.81,685.95,650.00,0.57,682.95,650.00,0.60
3,660.13,650.00,0.79,687.44,650.00,0.48,686.43,650.00,0.51
4,657.14,650.00,0.79,687.22,650.00,0.41,687.40,650.00,0.43
5,655.84,650.00,0.78,686.11,650.00,0.34,684.61,650.00,0.37
6,653.70,650.00,0.79,681.08,650.00,0.31,680.08,650.00,0.34
7,651.57,650.00,0.79,674.10,650.00,0.29,672.40,650.00,0.33
8,650.72,640.00,0.84,668.47,640.00,0.71,664.94,640.00,0.74
1,648.38,640.00,0.83,667.70,640.00,0.66,665.14,640.00,0.69
2,650.87,640.00,0.80,676.11,640.00,0.55,674.80,640.00,0.57
3,649.93,640.00,0.78,677.66,640.00,0.47,677.11,640.00,0.48
4,650.57,640.00,0.76,678.32,640.00,0.39,679.16,640.00,0.40
5,642.89,640.00,0.79,676.67,640.00,0.32,674.02,640.00,0.35
6,649.05,640.00,0.74,670.51,640.00,0.29,668.84,640.00,0.32
7,645.19,640.00,0.75,664.87,640.00,0.27,663.25,640.00,0.30
8,641.65,630.00,0.82,656.30,630.00,0.72,654.68,630.00,0.73
1,641.73,630.00,0.79,657.17,630.00,0.66,656.76,630.00,0.66
2,642.48,630.00,0.77,665.58,630.00,0.54,659.80,630.00,0.59
3,639.02,630.00,0.77,670.06,630.00,0.44,673.88,630.00,0.43
4,641.65,630.00,0.73,670.40,630.00,0.36,670.26,630.00,0.37
5,637.93,630.00,0.73,667.45,630.00,0.30,663.96,630.00,0.33
6,634.10,630.00,0.74,660.36,630.00,0.27,660.35,630.00,0.29
7,635.32,630.00,0.73,654.26,630.00,0.26,651.25,630.00,0.29
8,634.30,620.00,0.79,649.20,620.00,0.68,644.35,620.00,0.72
1,633.27,620.00,0.76,648.30,620.00,0.63,643.85,620.00,0.67
2,629.96,620.00,0.76,656.15,620.00,0.52,654.82,620.00,0.55
3,632.34,620.00,0.72,658.75,620.00,0.43,660.99,620.00,0.43
4,630.80,620.00,0.71,662.63,620.00,0.32,660.16,620.00,0.36
5,627.83,620.00,0.71,655.24,620.00,0.29,655.24,620.00,0.31
6,625.61,620.00,0.71,651.47,620.00,0.24,650.25,620.00,0.28
7,624.71,620.00,0.70,643.95,620.00,0.23,644.71,620.00,0.25
8,626.33,610.00,0.76,635.94,610.00,0.69,632.96,610.00,0.71
1,622.05,610.00,0.75,637.88,610.00,0.62,637.38,610.00,0.63
2,622.47,610.00,0.73,648.34,610.00,0.50,645.04,610.00,0.53
3,621.93,610.00,0.71,651.89,610.00,0.39,650.94,610.00,0.41
4,620.93,610.00,0.69,650.96,610.00,0.32,650.72,610.00,0.33
5,619.50,610.00,0.68,645.53,610.00,0.27,645.32,610.00,0.29
6,615.98,610.00,0.68,641.93,610.00,0.23,640.12,610.00,0.26
7,618.06,610.00,0.66,634.83,610.00,0.21,633.11,610.00,0.24
8,611.83,600.00,0.77,625.72,600.00,0.68,623.37,600.00,0.69
1,614.82,600.00,0.73,626.95,600.00,0.62,625.49,600.00,0.63
2,611.73,600.00,0.72,638.52,600.00,0.48,636.14,600.00,0.51
3,615.59,600.00,0.67,642.13,600.00,0.38,641.93,600.00,0.39
4,610.55,600.00,0.68,640.19,600.00,0.31,642.90,600.00,0.30
5,613.42,600.00,0.63,636.66,600.00,0.25,637.25,600.00,0.26
6,609.47,600.00,0.63,633.51,600.00,0.20,629.40,600.00,0.24
7,605.20,600.00,0.65,622.86,600.00,0.21,621.14,600.00,0.24
8,605.66,590.00,0.73,617.14,590.00,0.65,614.79,590.00,0.67
1,603.39,590.00,0.72,615.26,590.00,0.61,613.95,590.00,0.63
2,603.79,590.00,0.69,628.45,590.00,0.47,626.92,590.00,0.49
3,604.34,590.00,0.66,631.73,590.00,0.37,630.38,590.00,0.39
4,602.31,590.00,0.64,632.65,590.00,0.28,632.96,590.00,0.29
5,598.76,590.00,0.64,629.96,590.00,0.21,626.07,590.00,0.25
6,600.39,590.00,0.61,621.42,590.00,0.19,620.51,590.00,0.22
7,594.96,590.00,0.63,612.99,590.00,0.19,611.09,590.00,0.22
8,596.41,580.00,0.71,605.66,580.00,0.65,603.29,580.00,0.67
1,591.96,580.00,0.71,607.79,580.00,0.58,607.57,580.00,0.59
2,594.49,580.00,0.67,616.17,580.00,0.47,615.36,580.00,0.48
3,596.89,580.00,0.62,621.95,580.00,0.36,622.64,580.00,0.36
4,593.47,580.00,0.61,618.97,580.00,0.29,622.86,580.00,0.27
5,590.20,580.00,0.61,623.77,580.00,0.18,616.58,580.00,0.23
6,588.81,580.00,0.60,613.32,580.00,0.17,611.45,580.00,0.19
7,587.00,580.00,0.60,602.13,580.00,0.18,599.53,580.00,0.21
8,583.85,570.00,0.72,596.49,570.00,0.63,593.41,570.00,0.65
1,582.94,570.00,0.70,596.64,570.00,0.57,592.06,570.00,0.61
2,585.18,570.00,0.65,606.50,570.00,0.45,609.26,570.00,0.45
3,583.86,570.00,0.63,614.43,570.00,0.32,612.99,570.00,0.34
4,586.67,570.00,0.59,611.18,570.00,0.26,611.47,570.00,0.27
5,582.71,570.00,0.58,606.88,570.00,0.21,608.96,570.00,0.20
6,579.85,570.00,0.57,602.98,570.00,0.16,599.06,570.00,0.19
7,575.46,570.00,0.59,591.00,570.00,0.18,590.29,570.00,0.20
8,576.56,560.00,0.68,586.40,560.00,0.62,583.57,560.00,0.64
1,573.45,560.00,0.67,586.03,560.00,0.56,582.06,560.00,0.60
2,577.61,560.00,0.62,595.14,560.00,0.45,597.08,560.00,0.45
3,575.97,560.00,0.59,603.68,560.00,0.32,603.39,560.00,0.33
4,574.81,560.00,0.57,602.51,560.00,0.24,603.00,560.00,0.25
5,572.40,560.00,0.56,596.35,560.00,0.20,596.35,560.00,0.21
6,570.13,560.00,0.55,589.72,560.00,0.17,589.24,560.00,0.18
7,565.30,560.00,0.56,583.39,560.00,0.16,582.06,560.00,0.18
8,566.95,550.00,0.67,575.34,550.00,0.61,570.76,550.00,0.64
1,563.23,550.00,0.66,574.67,550.00,0.56,575.89,550.00,0.56
2,564.64,550.00,0.62,587.55,550.00,0.42,585.85,550.00,0.44
3,566.07,550.00,0.58,593.78,550.00,0.30,594.66,550.00,0.31
4,566.41,550.00,0.55,593.10,550.00,0.22,591.81,550.00,0.24
5,564.99,550.00,0.53,588.74,550.00,0.17,585.39,550.00,0.20
6,560.01,550.00,0.53,581.68,550.00,0.14,579.97,550.00,0.17
7,556.60,550.00,0.53,570.67,550.00,0.15,568.62,550.00,0.19
8,556.55,540.00,0.66,565.67,540.00,0.59,562.81,540.00,0.61
1,552.62,540.00,0.65,564.05,540.00,0.55,563.59,540.00,0.56
2,555.92,540.00,0.60,579.88,540.00,0.39,576.92,540.00,0.42
3,558.98,540.00,0.55,584.32,540.00,0.28,583.37,540.00,0.30
4,554.86,540.00,0.54,582.77,540.00,0.20,578.67,540.00,0.25
5,552.94,540.00,0.52,575.92,540.00,0.17,583.48,540.00,0.14
6,548.98,540.00,0.52,572.19,540.00,0.12,568.81,540.00,0.15
7,549.05,540.00,0.51,559.79,540.00,0.14,560.43,540.00,0.15
8,537.59,530.00,0.70,554.38,530.00,0.59,550.70,530.00,0.61
1,550.83,530.00,0.60,555.99,530.00,0.53,553.20,530.00,0.55
2,549.14,530.00,0.57,568.83,530.00,0.38,567.63,530.00,0.41
3,547.22,530.00,0.54,574.44,530.00,0.27,575.75,530.00,0.27
4,546.74,530.00,0.51,573.39,530.00,0.19,572.05,530.00,0.21
5,541.69,530.00,0.51,566.32,530.00,0.15,566.76,530.00,0.16
6,541.18,530.00,0.49,559.07,530.00,0.13,558.36,530.00,0.15
7,539.42,530.00,0.48,551.59,530.00,0.12,550.66,530.00,0.14
8,534.26,520.00,0.64,544.16,520.00,0.57,540.86,520.00,0.60
1,533.38,520.00,0.62,545.68,520.00,0.51,543.03,520.00,0.54
2,535.52,520.00,0.58,555.73,520.00,0.39,558.59,520.00,0.38
3,536.59,520.00,0.54,565.41,520.00,0.25,565.50,520.00,0.26
4,536.32,520.00,0.51,564.95,520.00,0.17,561.07,520.00,0.20
5,534.24,520.00,0.49,556.25,520.00,0.14,557.81,520.00,0.14
6,533.04,520.00,0.47,550.84,520.00,0.10,548.87,520.00,0.13
7,527.84,520.00,0.48,542.21,520.00,0.10,537.34,520.00,0.15
8,526.91,510.00,0.61,530.11,510.00,0.59,530.02,510.00,0.59
1,526.03,510.00,0.58,537.25,510.00,0.50,532.58,510.00,0.53
2,526.36,510.00,0.55,549.19,510.00,0.36,547.47,510.00,0.38
3,527.29,510.00,0.51,553.49,510.00,0.25,554.20,510.00,0.26
4,524.26,510.00,0.50,552.33,510.00,0.17,552.01,510.00,0.19
5,524.56,510.00,0.46,549.05,510.00,0.11,548.64,510.00,0.13
6,522.05,510.00,0.45,541.19,510.00,0.09,537.38,510.00,0.13
7,517.86,510.00,0.46,529.23,510.00,0.11,530.09,510.00,0.12
8,511.78,500.00,0.63,522.19,500.00,0.56,519.31,500.00,0.58
1,515.42,500.00,0.58,525.16,500.00,0.49,521.57,500.00,0.52
2,517.13,500.00,0.54,532.34,500.00,0.39,536.32,500.00,0.38
3,517.89,500.00,0.50,549.62,500.00,0.21,543.65,500.00,0.25
4,517.52,500.00,0.47,543.39,500.00,0.15,541.09,500.00,0.18
5,512.36,500.00,0.47,536.98,500.00,0.11,535.80,500.00,0.14
6,512.60,500.00,0.44,530.66,500.00,0.08,528.91,500.00,0.12
7,506.81,500.00,0.46,520.66,500.00,0.09,518.39,500.00,0.13
8,506.94,490.00,0.58,512.44,490.00,0.54,507.81,490.00,0.58
1,504.07,490.00,0.57,511.36,490.00,0.51,513.53,490.00,0.50
2,505.64,490.00,0.53,527.76,490.00,0.35,525.66,490.00,0.37
3,506.23,490.00,0.49,534.07,490.00,0.23,535.88,490.00,0.22
4,505.87,490.00,0.46,534.87,490.00,0.13,530.96,490.00,0.17
5,505.88,490.00,0.43,528.67,490.00,0.09,525.78,490.00,0.12
6,499.11,490.00,0.45,519.40,490.00,0.08,517.44,490.00,0.11
7,497.26,490.00,0.44,508.21,490.00,0.10,506.36,490.00,0.13
8,495.93,480.00,0.57,501.96,480.00,0.53,498.54,480.00,0.56
1,492.27,480.00,0.57,503.57,480.00,0.48,499.35,480.00,0.51
2,496.95,480.00,0.51,516.54,480.00,0.34,519.69,480.00,0.33
3,495.21,480.00,0.49,523.82,480.00,0.21,524.85,480.00,0.22
4,497.65,480.00,0.44,522.85,480.00,0.13,520.51,480.00,0.16
5,495.09,480.00,0.42,517.69,480.00,0.08,515.51,480.00,0.11
6,490.92,480.00,0.42,508.28,480.00,0.07,506.87,480.00,0.10
7,486.84,480.00,0.43,499.14,480.00,0.08,496.74,480.00,0.12
8,484.76,470.00,0.57,488.69,470.00,0.54,487.49,470.00,0.55
1,484.22,470.00,0.54,492.57,470.00,0.48,490.73,470.00,0.49
2,484.76,470.00,0.51,510.04,470.00,0.31,506.40,470.00,0.34
3,489.28,470.00,0.45,514.42,470.00,0.20,515.75,470.00,0.20
4,486.62,470.00,0.43,511.04,470.00,0.13,514.12,470.00,0.12
5,482.10,470.00,0.43,505.96,470.00,0.09,505.01,470.00,0.10
6,482.88,470.00,0.40,497.36,470.00,0.07,496.71,470.00,0.09
7,476.34,470.00,0.42,488.36,470.00,0.08,483.98,470.00,0.12
8,475.70,460.00,0.55,480.47,460.00,0.51,478.36,460.00,0.53
1,472.99,460.00,0.53,479.75,460.00,0.48,480.30,460.00,0.48
2,474.53,460.00,0.50,497.07,460.00,0.32,493.15,460.00,0.35
3,480.09,460.00,0.43,502.51,460.00,0.20,501.96,460.00,0.22
4,475.92,460.00,0.42,501.54,460.00,0.13,500.90,460.00,0.14
5,472.07,460.00,0.41,493.42,460.00,0.10,493.27,460.00,0.11
6,470.40,460.00,0.40,487.25,460.00,0.08,486.14,460.00,0.10
7,467.65,460.00,0.40,479.20,460.00,0.08,477.68,460.00,0.11
8,464.92,450.00,0.54,469.48,450.00,0.51,467.00,450.00,0.52
1,461.83,450.00,0.53,471.39,450.00,0.45,470.55,450.00,0.47
2,467.91,450.00,0.46,486.12,450.00,0.31,483.26,450.00,0.33
3,467.82,450.00,0.43,492.11,450.00,0.19,494.97,450.00,0.19
4,467.03,450.00,0.40,492.88,450.00,0.10,490.81,450.00,0.13
5,461.61,450.00,0.40,484.65,450.00,0.08,484.73,450.00,0.09
6,460.77,450.00,0.39,476.35,450.00,0.07,475.72,450.00,0.08
7,459.04,450.00,0.38,467.29,450.00,0.08,465.55,450.00,0.10
8,453.07,440.00,0.54,458.34,440.00,0.50,456.70,440.00,0.51
1,452.70,440.00,0.51,460.15,440.00,0.45,461.23,440.00,0.45
2,455.73,440.00,0.47,477.19,440.00,0.29,474.30,440.00,0.31
3,456.92,440.00,0.43,480.77,440.00,0.19,480.30,440.00,0.20
4,455.89,440.00,0.40,481.22,440.00,0.11,482.20,440.00,0.11
5,454.84,440.00,0.38,473.99,440.00,0.08,473.31,440.00,0.09
6,450.94,440.00,0.37,466.67,440.00,0.06,464.92,440.00,0.08
7,446.36,440.00,0.38,457.14,440.00,0.07,455.14,440.00,0.10
8,444.29,430.00,0.51,449.36,430.00,0.48,443.79,430.00,0.52
1,442.79,430.00,0.50,451.22,430.00,0.43,451.19,430.00,0.44
2,444.25,430.00,0.46,463.04,430.00,0.30,467.25,430.00,0.28
3,448.66,430.00,0.40,471.99,430.00,0.17,471.55,430.00,0.18
4,444.75,430.00,0.39,470.39,430.00,0.10,470.85,430.00,0.10
5,445.87,430.00,0.35,464.34,430.00,0.06,463.54,430.00,0.07
6,440.46,430.00,0.36,455.21,430.00,0.06,453.07,430.00,0.08
7,436.26,430.00,0.37,446.06,430.00,0.07,444.01,430.00,0.09
8,430.29,420.00,0.53,437.30,420.00,0.48,434.51,420.00,0.50
1,434.61,420.00,0.48,440.10,420.00,0.42,435.38,420.00,0.46
2,436.66,420.00,0.43,453.62,420.00,0.29,456.75,420.00,0.28
3,436.89,420.00,0.40,462.74,420.00,0.16,461.98,420.00,0.17
4,433.15,420.00,0.39,457.93,420.00,0.11,458.98,420.00,0.11
5,435.23,420.00,0.35,452.14,420.00,0.07,452.84,420.00,0.07
6,430.69,420.00,0.35,443.23,420.00,0.07,442.44,420.00,0.08
7,426.20,420.00,0.36,436.60,420.00,0.07,435.09,420.00,0.09
8,422.63,410.00,0.50,426.69,410.00,0.47,424.56,410.00,0.48
1,421.96,410.00,0.48,430.70,410.00,0.41,429.42,410.00,0.42
2,425.81,410.00,0.43,442.15,410.00,0.29,442.59,410.00,0.29
3,425.31,410.00,0.40,450.41,410.00,0.16,450.63,410.00,0.17
4,426.78,410.00,0.36,446.15,410.00,0.11,445.94,410.00,0.12
5,423.25,410.00,0.35,441.75,410.00,0.07,440.53,410.00,0.09
6,419.91,410.00,0.34,433.84,410.00,0.06,432.51,410.00,0.08
7,416.94,410.00,0.35,425.53,410.00,0.07,422.28,410.00,0.11
8,410.84,400.00,0.50,418.22,400.00,0.44,413.87,400.00,0.47
1,414.52,400.00,0.45,420.50,400.00,0.39,418.56,400.00,0.41
2,413.56,400.00,0.43,434.68,400.00,0.25,433.69,400.00,0.27
3,418.03,400.00,0.37,439.08,400.00,0.15,438.87,400.00,0.17
4,414.41,400.00,0.36,434.54,400.00,0.10,438.31,400.00,0.09
5,415.10,400.00,0.32,431.24,400.00,0.06,428.82,400.00,0.08
6,408.50,400.00,0.34,422.20,400.00,0.06,421.41,400.00,0.08
7,405.38,400.00,0.34,413.02,400.00,0.08,413.36,400.00,0.09
8,402.22,390.00,0.47,405.77,390.00,0.45,402.34,390.00,0.47
1,399.15,390.00,0.47,408.38,390.00,0.40,408.03,390.00,0.41
2,406.09,390.00,0.40,422.80,390.00,0.26,422.55,390.00,0.27
3,406.11,390.00,0.37,430.33,390.00,0.14,432.23,390.00,0.14
4,404.73,390.00,0.35,426.55,390.00,0.09,426.62,390.00,0.09
5,403.29,390.00,0.33,421.33,390.00,0.05,420.73,390.00,0.06
6,396.70,390.00,0.35,411.42,390.00,0.06,410.10,390.00,0.07
7,397.51,390.00,0.33,404.18,390.00,0.06,401.65,390.00,0.09
8,392.54,380.00,0.46,398.05,380.00,0.42,393.06,380.00,0.45
1,391.64,380.00,0.44,396.44,380.00,0.39,397.34,380.00,0.40
2,393.92,380.00,0.40,410.03,380.00,0.26,410.67,380.00,0.27
3,393.67,380.00,0.37,419.11,380.00,0.14,419.31,380.00,0.15
4,394.53,380.00,0.34,416.80,380.00,0.08,415.17,380.00,0.10
5,391.90,380.00,0.33,409.70,380.00,0.05,409.10,380.00,0.07
6,388.68,380.00,0.33,401.67,380.00,0.05,401.15,380.00,0.07
7,386.25,380.00,0.33,392.53,380.00,0.07,391.24,380.00,0.09
8,382.08,370.00,0.44,383.05,370.00,0.44,383.62,370.00,0.43
1,380.63,370.00,0.43,388.05,370.00,0.38,383.89,370.00,0.40
2,382.80,370.00,0.39,402.44,370.00,0.24,401.51,370.00,0.25
3,386.07,370.00,0.35,406.76,370.00,0.14,407.17,370.00,0.15
4,384.43,370.00,0.32,405.12,370.00,0.08,406.07,370.00,0.08
5,380.21,370.00,0.33,396.83,370.00,0.07,397.02,370.00,0.07
6,375.91,370.00,0.33,391.42,370.00,0.05,389.77,370.00,0.07
7,374.29,370.00,0.33,384.62,370.00,0.06,383.05,370.00,0.08
8,372.90,360.00,0.42,374.82,360.00,0.41,372.96,360.00,0.42
1,371.45,360.00,0.41,376.03,360.00,0.37,375.57,360.00,0.38
2,374.36,360.00,0.37,390.75,360.00,0.24,387.00,360.00,0.27
3,373.89,360.00,0.34,396.02,360.00,0.14,398.25,360.00,0.14
4,372.47,360.00,0.32,396.95,360.00,0.06,394.82,360.00,0.08
5,367.70,360.00,0.33,386.42,360.00,0.06,388.97,360.00,0.05
6,368.48,360.00,0.31,382.59,360.00,0.03,378.85,360.00,0.07
7,362.66,360.00,0.33,372.61,360.00,0.06,370.48,360.00,0.09
8,360.95,350.00,0.42,363.21,350.00,0.41,362.44,350.00,0.41
1,361.26,350.00,0.40,367.77,350.00,0.35,366.39,350.00,0.36
2,364.36,350.00,0.36,380.23,350.00,0.23,378.49,350.00,0.24
3,362.26,350.00,0.34,385.42,350.00,0.13,385.61,350.00,0.14
4,356.26,350.00,0.36,381.59,350.00,0.09,381.44,350.00,0.09
5,364.28,350.00,0.29,375.97,350.00,0.06,375.82,350.00,0.07
6,357.67,350.00,0.31,370.16,350.00,0.05,368.30,350.00,0.07
7,355.30,350.00,0.31,361.58,350.00,0.07,359.26,350.00,0.10
8,349.59,340.00,0.42,354.81,340.00,0.38,349.76,340.00,0.42
1,351.29,340.00,0.39,353.81,340.00,0.36,356.25,340.00,0.35
2,351.42,340.00,0.36,361.79,340.00,0.28,370.37,340.00,0.22
3,353.72,340.00,0.33,382.49,340.00,0.09,373.89,340.00,0.14
4,352.22,340.00,0.31,375.47,340.00,0.05,370.89,340.00,0.09
5,348.08,340.00,0.31,369.64,340.00,0.02,364.04,340.00,0.08
6,345.91,340.00,0.31,359.43,340.00,0.03,356.97,340.00,0.08
7,341.80,340.00,0.33,349.65,340.00,0.06,347.22,340.00,0.11
8,342.47,330.00,0.38,343.70,330.00,0.38,342.41,330.00,0.38
1,340.80,330.00,0.37,346.83,330.00,0.33,342.85,330.00,0.36
2,341.80,330.00,0.34,356.97,330.00,0.22,357.55,330.00,0.23
3,341.67,330.00,0.32,361.98,330.00,0.13,362.15,330.00,0.14
4,341.23,330.00,0.30,359.80,330.00,0.08,360.03,330.00,0.09
5,335.96,330.00,0.31,356.14,330.00,0.05,355.17,330.00,0.07
6,336.12,330.00,0.30,347.11,330.00,0.06,344.74,330.00,0.09
7,331.72,330.00,0.32,340.52,330.00,0.07,338.22,330.00,0.10
8,331.72,320.00,0.38,333.02,320.00,0.37,331.13,320.00,0.38
1,329.75,320.00,0.37,336.96,320.00,0.31,334.97,320.00,0.33
2,331.81,320.00,0.33,347.71,320.00,0.20,345.44,320.00,0.23
3,330.97,320.00,0.31,353.73,320.00,0.11,353.08,320.00,0.12
4,332.08,320.00,0.28,347.54,320.00,0.08,348.64,320.00,0.09
5,327.66,320.00,0.29,342.90,320.00,0.06,342.36,320.00,0.07
6,324.25,320.00,0.30,336.69,320.00,0.06,332.95,320.00,0.10
7,320.72,320.00,0.32,328.13,320.00,0.08,328.69,320.00,0.10
8,319.94,310.00,0.37,319.27,310.00,0.38,320.98,310.00,0.37
1,317.29,310.00,0.37,325.13,310.00,0.32,323.92,310.00,0.32
2,322.61,310.00,0.32,339.16,310.00,0.19,335.08,310.00,0.22
3,322.03,310.00,0.30,342.25,310.00,0.11,341.96,310.00,0.12
4,318.85,310.00,0.30,340.64,310.00,0.06,340.48,310.00,0.07
5,317.37,310.00,0.29,333.00,310.00,0.05,334.48,310.00,0.05
6,314.27,310.00,0.30,326.29,310.00,0.05,323.50,310.00,0.07
7,311.48,310.00,0.31,320.20,310.00,0.06,316.96,310.00,0.09
8,309.95,300.00,0.36,310.53,300.00,0.35,309.65,300.00,0.36
1,309.31,300.00,0.34,313.53,300.00,0.31,312.26,300.00,0.32
2,310.25,300.00,0.32,325.68,300.00,0.20,324.78,300.00,0.21
3,308.16,300.00,0.31,330.48,300.00,0.12,330.19,300.00,0.12
4,309.09,300.00,0.29,328.63,300.00,0.07,327.25,300.00,0.08
5,307.01,300.00,0.29,323.70,300.00,0.04,322.73,300.00,0.06
6,305.92,300.00,0.28,314.47,300.00,0.06,313.06,300.00,0.08
7,300.96,300.00,0.30,307.59,300.00,0.08,306.06,300.00,0.11
8,301.82,290.00,0.33,303.48,290.00,0.32,299.68,290.00,0.35
1,298.50,290.00,0.33,300.86,290.00,0.31,304.09,290.00,0.30
2,297.99,290.00,0.32,313.43,290.00,0.20,313.97,290.00,0.20
3,301.50,290.00,0.28,320.56,290.00,0.10,316.92,290.00,0.13
4,296.99,290.00,0.29,319.11,290.00,0.05,318.00,290.00,0.07
5,295.37,290.00,0.28,309.56,290.00,0.06,310.08,290.00,0.07
6,292.68,290.00,0.29,304.53,290.00,0.06,296.94,290.00,0.12
7,288.52,290.00,0.31,297.53,290.00,0.08,300.25,290.00,0.08
8,290.94,280.00,0.32,291.75,280.00,0.32,289.90,280.00,0.33
1,290.20,280.00,0.31,294.03,280.00,0.28,293.24,280.00,0.29
2,288.90,280.00,0.30,301.76,280.00,0.20,302.53,280.00,0.20
3,288.23,280.00,0.28,307.94,280.00,0.11,307.10,280.00,0.12
4,285.47,280.00,0.29,307.43,280.00,0.06,304.35,280.00,0.08
5,286.09,280.00,0.27,298.50,280.00,0.06,299.69,280.00,0.07
6,281.95,280.00,0.29,292.58,280.00,0.07,290.11,280.00,0.10
7,279.17,280.00,0.30,285.34,280.00,0.09,285.69,280.00,0.11
8,278.51,270.00,0.33,282.32,270.00,0.30,279.38,270.00,0.32
1,278.68,270.00,0.31,283.06,270.00,0.27,281.12,270.00,0.29
2,278.92,270.00,0.29,292.07,270.00,0.18,292.26,270.00,0.19
3,279.22,270.00,0.27,296.09,270.00,0.11,296.50,270.00,0.11
4,276.06,270.00,0.27,293.88,270.00,0.07,293.93,270.00,0.08
5,273.93,270.00,0.28,286.48,270.00,0.08,289.42,270.00,0.06
6,271.14,270.00,0.29,283.61,270.00,0.06,281.25,270.00,0.08
7,270.64,270.00,0.29,274.10,270.00,0.10,274.86,270.00,0.10
8,268.44,260.00,0.31,271.95,260.00,0.29,268.10,260.00,0.31
1,266.57,260.00,0.31,269.51,260.00,0.28,268.43,260.00,0.30
2,268.86,260.00,0.28,281.03,260.00,0.18,282.09,260.00,0.18
3,268.98,260.00,0.26,287.63,260.00,0.09,288.90,260.00,0.09
4,264.61,260.00,0.27,282.65,260.00,0.07,282.44,260.00,0.08
5,263.57,260.00,0.27,277.61,260.00,0.06,277.78,260.00,0.07
6,261.35,260.00,0.28,272.31,260.00,0.06,270.99,260.00,0.08
7,257.13,260.00,0.31,262.99,260.00,0.11,261.60,260.00,0.12
8,259.07,250.00,0.29,259.82,250.00,0.29,259.26,250.00,0.29
1,260.37,250.00,0.27,261.00,250.00,0.26,260.42,250.00,0.27
2,258.37,250.00,0.26,272.30,250.00,0.16,271.32,250.00,0.17
3,252.85,250.00,0.28,274.15,250.00,0.10,271.26,250.00,0.13
4,254.14,250.00,0.27,270.04,250.00,0.08,273.12,250.00,0.07
5,252.61,250.00,0.27,265.18,250.00,0.08,264.96,250.00,0.08
6,249.56,250.00,0.29,260.42,250.00,0.08,259.03,250.00,0.09
7,248.82,250.00,0.29,255.97,250.00,0.09,252.41,250.00,0.12
8,250.28,240.00,0.27,248.13,240.00,0.29,247.97,240.00,0.29
1,246.67,240.00,0.28,251.10,240.00,0.25,251.10,240.00,0.25
2,248.33,240.00,0.25,260.16,240.00,0.16,260.08,240.00,0.16
3,242.79,240.00,0.27,264.07,240.00,0.10,263.16,240.00,0.10
4,243.11,240.00,0.26,261.01,240.00,0.07,259.95,240.00,0.08
5,242.36,240.00,0.26,255.22,240.00,0.07,254.11,240.00,0.08
6,239.09,240.00,0.28,247.64,240.00,0.09,248.27,240.00,0.09
7,239.43,240.00,0.28,243.43,240.00,0.10,241.82,240.00,0.12
8,236.76,230.00,0.28,241.14,230.00,0.25,236.67,230.00,0.28
1,239.49,230.00,0.25,238.36,230.00,0.25,238.02,230.00,0.26
2,235.54,230.00,0.26,249.31,230.00,0.15,251.36,230.00,0.15
3,234.48,230.00,0.25,250.63,230.00,0.11,251.82,230.00,0.10
4,234.41,230.00,0.25,247.20,230.00,0.09,248.65,230.00,0.08
5,228.68,230.00,0.28,244.79,230.00,0.07,244.52,230.00,0.07
6,230.40,230.00,0.27,236.62,230.00,0.10,235.85,230.00,0.11
7,227.85,230.00,0.28,233.10,230.00,0.11,232.61,230.00,0.12
8,228.26,220.00,0.26,230.30,220.00,0.24,228.74,220.00,0.25
1,226.90,220.00,0.25,228.59,220.00,0.23,228.40,220.00,0.24
2,224.69,220.00,0.25,235.96,220.00,0.16,235.44,220.00,0.17
3,224.05,220.00,0.25,240.66,220.00,0.10,239.56,220.00,0.11
4,220.72,220.00,0.26,236.47,220.00,0.09,237.30,220.00,0.09
5,218.94,220.00,0.27,231.93,220.00,0.09,231.48,220.00,0.10
6,220.30,220.00,0.27,227.68,220.00,0.09,227.05,220.00,0.10
7,218.82,220.00,0.27,223.32,220.00,0.11,221.93,220.00,0.12
8,216.89,210.00,0.25,219.80,210.00,0.23,220.16,210.00,0.23
1,217.46,210.00,0.23,219.81,210.00,0.21,219.02,210.00,0.22
2,216.11,210.00,0.23,225.33,210.00,0.15,221.99,210.00,0.18
3,214.30,210.00,0.23,228.25,210.00,0.10,227.13,210.00,0.12
4,209.35,210.00,0.25,223.28,210.00,0.10,227.13,210.00,0.08
5,208.00,210.00,0.27,222.55,210.00,0.08,219.55,210.00,0.10
6,207.60,210.00,0.27,216.45,210.00,0.10,217.29,210.00,0.10
7,207.50,210.00,0.28,211.90,210.00,0.12,212.28,210.00,0.12
8,206.32,200.00,0.24,207.03,200.00,0.24,209.89,200.00,0.22
1,207.94,200.00,0.22,209.35,200.00,0.21,207.75,200.00,0.21
2,205.63,200.00,0.22,217.25,200.00,0.13,212.92,200.00,0.16
3,201.64,200.00,0.23,217.12,200.00,0.10,216.54,200.00,0.11
4,198.97,200.00,0.25,214.38,200.00,0.08,208.84,200.00,0.13
5,198.20,200.00,0.26,208.08,200.00,0.10,215.86,200.00,0.06
6,196.00,200.00,0.28,206.92,200.00,0.09,204.88,200.00,0.11
7,196.85,200.00,0.28,200.33,200.00,0.12,202.72,200.00,0.11
8,198.51,190.00,0.21,199.19,190.00,0.21,196.32,190.00,0.23
1,197.21,190.00,0.20,198.09,190.00,0.20,197.84,190.00,0.20
2,192.97,190.00,0.22,203.22,190.00,0.14,203.76,190.00,0.15
3,191.68,190.00,0.22,206.21,190.00,0.10,206.71,190.00,0.10
4,186.42,190.00,0.26,201.41,190.00,0.10,204.55,190.00,0.08
5,186.63,190.00,0.26,199.91,190.00,0.09,196.94,190.00,0.10
6,188.60,190.00,0.25,194.87,190.00,0.10,193.86,190.00,0.11
7,187.21,190.00,0.27,189.75,190.00,0.13,189.96,190.00,0.13
8,185.83,180.00,0.22,186.93,180.00,0.21,188.30,180.00,0.20
1,186.42,180.00,0.20,191.65,180.00,0.16,189.04,180.00,0.18
2,185.93,180.00,0.19,191.12,180.00,0.14,192.62,180.00,0.13
3,180.09,180.00,0.22,193.55,180.00,0.10,192.59,180.00,0.11
4,176.66,180.00,0.24,193.16,180.00,0.08,189.78,180.00,0.10
5,176.61,180.00,0.25,185.45,180.00,0.11,185.83,180.00,0.11
6,175.23,180.00,0.27,184.34,180.00,0.10,183.79,180.00,0.11
7,176.48,180.00,0.27,180.56,180.00,0.12,180.12,180.00,0.13
8,178.25,170.00,0.19,177.85,170.00,0.19,177.88,170.00,0.19
1,175.75,170.00,0.19,178.15,170.00,0.17,177.75,170.00,0.17
2,172.80,170.00,0.20,183.03,170.00,0.12,181.88,170.00,0.13
3,166.98,170.00,0.23,180.25,170.00,0.11,179.71,170.00,0.12
4,167.59,170.00,0.23,179.39,170.00,0.10,178.17,170.00,0.11
5,162.84,170.00,0.27,175.95,170.00,0.10,174.50,170.00,0.12
6,167.38,170.00,0.25,175.40,170.00,0.10,172.74,170.00,0.12
7,165.94,170.00,0.27,168.72,170.00,0.13,172.22,170.00,0.12
8,168.31,160.00,0.17,168.63,160.00,0.17,168.76,160.00,0.17
1,165.88,160.00,0.17,166.86,160.00,0.16,167.65,160.00,0.16
2,160.68,160.00,0.20,169.60,160.00,0.13,170.39,160.00,0.12
3,159.34,160.00,0.20,169.37,160.00,0.11,168.11,160.00,0.12
4,156.02,160.00,0.23,170.54,160.00,0.09,166.45,160.00,0.11
5,151.77,160.00,0.27,163.68,160.00,0.11,166.72,160.00,0.10
6,155.05,160.00,0.26,161.89,160.00,0.12,162.02,160.00,0.12
7,155.69,160.00,0.26,160.13,160.00,0.13,158.55,160.00,0.14
8,156.22,150.00,0.17,158.85,150.00,0.15,159.03,150.00,0.15
1,157.36,150.00,0.15,159.55,150.00,0.13,159.29,150.00,0.13
2,152.46,150.00,0.17,158.06,150.00,0.12,158.55,150.00,0.12
3,146.99,150.00,0.20,159.42,150.00,0.10,155.51,150.00,0.12
4,143.21,150.00,0.24,155.71,150.00,0.10,154.87,150.00,0.12
5,143.14,150.00,0.25,151.06,150.00,0.12,154.55,150.00,0.11
6,142.64,150.00,0.27,152.19,150.00,0.11,149.23,150.00,0.14
7,143.50,150.00,0.28,147.15,150.00,0.14,149.72,150.00,0.13
8,148.00,140.00,0.14,148.31,140.00,0.14,148.32,140.00,0.14
1,148.93,140.00,0.12,149.58,140.00,0.12,149.43,140.00,0.12
2,139.12,140.00,0.17,148.49,140.00,0.10,148.03,140.00,0.11
3,137.17,140.00,0.19,145.37,140.00,0.11,145.19,140.00,0.11
4,131.01,140.00,0.24,144.32,140.00,0.11,143.89,140.00,0.11
5,131.71,140.00,0.25,142.97,140.00,0.11,139.35,140.00,0.13
6,134.64,140.00,0.25,139.64,140.00,0.12,140.81,140.00,0.13
7,133.32,140.00,0.27,137.05,140.00,0.14,140.31,140.00,0.13
8,136.34,130.00,0.14,138.80,130.00,0.12,139.10,130.00,0.12
1,134.21,130.00,0.14,140.15,130.00,0.10,136.77,130.00,0.12
2,129.95,130.00,0.16,134.84,130.00,0.11,137.83,130.00,0.10
3,125.08,130.00,0.20,136.31,130.00,0.09,133.46,130.00,0.11
4,121.24,130.00,0.24,131.60,130.00,0.11,131.50,130.00,0.12
5,122.20,130.00,0.25,129.76,130.00,0.12,132.58,130.00,0.11
6,124.76,130.00,0.24,129.39,130.00,0.13,130.08,130.00,0.12
7,124.98,130.00,0.25,128.67,130.00,0.13,127.69,130.00,0.14
8,128.04,120.00,0.12,128.87,120.00,0.11,128.37,120.00,0.11
1,123.68,120.00,0.13,128.72,120.00,0.09,127.78,120.00,0.10
2,120.33,120.00,0.15,125.83,120.00,0.10,125.55,120.00,0.10
3,114.42,120.00,0.19,124.32,120.00,0.09,121.97,120.00,0.11
4,110.12,120.00,0.23,122.01,120.00,0.10,121.63,120.00,0.11
5,111.68,120.00,0.24,117.26,120.00,0.13,118.89,120.00,0.13
6,111.80,120.00,0.25,117.04,120.00,0.14,120.77,120.00,0.12
7,114.04,120.00,0.25,118.81,120.00,0.13,117.04,120.00,0.14
8,114.92,110.00,0.12,116.95,110.00,0.11,119.03,110.00,0.09
1,117.63,110.00,0.09,115.92,110.00,0.10,116.73,110.00,0.09
2,106.87,110.00,0.15,114.94,110.00,0.10,115.02,110.00,0.09
3,105.27,110.00,0.17,113.89,110.00,0.09,110.94,110.00,0.11
4,99.66,110.00,0.22,109.72,110.00,0.12,110.24,110.00,0.11
5,100.61,110.00,0.23,106.44,110.00,0.14,109.03,110.00,0.12
6,100.18,110.00,0.26,108.11,110.00,0.13,107.43,110.00,0.13
7,101.28,110.00,0.27,110.24,110.00,0.12,106.26,110.00,0.15
8,107.39,100.00,0.09,110.17,100.00,0.07,109.22,100.00,0.08
1,108.50,100.00,0.07,109.01,100.00,0.06,109.05,100.00,0.06
2,99.35,100.00,0.12,103.60,100.00,0.08,102.99,100.00,0.09
3,93.08,100.00,0.16,99.53,100.00,0.10,102.07,100.00,0.09
4,87.63,100.00,0.21,100.32,100.00,0.10,98.04,100.00,0.11
5,88.20,100.00,0.23,96.28,100.00,0.12,95.83,100.00,0.13
6,86.59,100.00,0.27,95.59,100.00,0.14,96.23,100.00,0.13
7,94.15,100.00,0.24,93.69,100.00,0.16,96.25,100.00,0.14
8,95.88,90.00,0.09,100.08,90.00,0.06,97.61,90.00,0.08
1,94.73,90.00,0.08,98.41,90.00,0.05,97.86,90.00,0.06
2,86.53,90.00,0.13,93.81,90.00,0.06,93.03,90.00,0.08
3,82.47,90.00,0.17,88.08,90.00,0.10,90.92,90.00,0.09
4,78.46,90.00,0.21,88.33,90.00,0.10,86.02,90.00,0.12
5,79.87,90.00,0.22,83.57,90.00,0.14,86.57,90.00,0.12
6,77.34,90.00,0.26,84.35,90.00,0.14,85.08,90.00,0.14
7,84.54,90.00,0.24,88.00,90.00,0.13,85.62,90.00,0.15
8,85.80,80.00,0.07,87.30,80.00,0.06,90.12,80.00,0.04
1,84.11,80.00,0.07,88.60,80.00,0.04,88.65,80.00,0.03
2,77.06,80.00,0.12,82.38,80.00,0.07,83.43,80.00,0.05
3,73.77,80.00,0.14,80.13,80.00,0.08,76.27,80.00,0.10
4,67.23,80.00,0.20,76.94,80.00,0.10,76.58,80.00,0.10
5,65.82,80.00,0.24,71.68,80.00,0.14,74.99,80.00,0.12
6,67.72,80.00,0.25,74.85,80.00,0.14,75.18,80.00,0.13
7,73.84,80.00,0.23,77.00,80.00,0.13,73.84,80.00,0.15
8,74.24,70.00,0.07,79.51,70.00,0.03,77.93,70.00,0.04
1,74.37,70.00,0.06,76.42,70.00,0.04,77.17,70.00,0.03
2,67.26,70.00,0.10,70.98,70.00,0.06,71.41,70.00,0.06
3,60.91,70.00,0.15,66.77,70.00,0.09,70.20,70.00,0.07
4,59.71,70.00,0.18,64.41,70.00,0.11,64.70,70.00,0.10
5,52.95,70.00,0.25,63.64,70.00,0.13,63.24,70.00,0.12
6,58.56,70.00,0.24,64.17,70.00,0.14,64.19,70.00,0.13
7,61.87,70.00,0.24,65.75,70.00,0.14,64.66,70.00,0.14
8,64.88,60.00,0.05,70.74,60.00,0.01,66.64,60.00,0.04
1,65.01,60.00,0.04,66.62,60.00,0.02,66.39,60.00,0.03
2,55.48,60.00,0.10,63.00,60.00,0.03,62.11,60.00,0.04
3,50.13,60.00,0.14,56.54,60.00,0.07,59.94,60.00,0.06
4,46.09,60.00,0.19,55.79,60.00,0.08,53.67,60.00,0.10
5,45.76,60.00,0.22,50.48,60.00,0.13,51.59,60.00,0.13
6,48.13,60.00,0.23,50.93,60.00,0.14,54.30,60.00,0.12
7,48.82,60.00,0.25,54.01,60.00,0.14,53.85,60.00,0.14
8,57.50,50.00,0.02,55.51,50.00,0.03,58.13,50.00,0.01
1,52.50,50.00,0.04,57.38,50.00,0.01,55.42,50.00,0.02
2,45.89,50.00,0.08,50.06,50.00,0.05,53.57,50.00,0.02
3,42.17,50.00,0.11,47.91,50.00,0.06,44.28,50.00,0.08
4,34.59,50.00,0.18,41.45,50.00,0.11,44.47,50.00,0.09
5,33.23,50.00,0.22,42.61,50.00,0.12,43.10,50.00,0.11
6,34.11,50.00,0.25,43.08,50.00,0.13,42.60,50.00,0.13
7,38.07,50.00,0.25,41.86,50.00,0.15,41.46,50.00,0.15
8,45.14,40.00,0.02,47.31,40.00,0.01,46.55,40.00,0.01
1,46.40,40.00,0.00,47.50,40.00,-0.01,46.54,40.00,-0.00
2,39.94,40.00,0.03,42.74,40.00,0.01,42.04,40.00,0.02
3,27.86,40.00,0.12,36.45,40.00,0.05,36.48,40.00,0.05
4,26.41,40.00,0.15,32.39,40.00,0.08,32.13,40.00,0.09
5,22.41,40.00,0.21,31.26,40.00,0.11,31.57,40.00,0.11
6,24.95,40.00,0.23,29.18,40.00,0.14,31.13,40.00,0.13
7,28.09,40.00,0.23,30.85,40.00,0.15,33.27,40.00,0.13
8,31.83,30.00,0.03,34.20,30.00,0.01,34.78,30.00,0.01
1,31.43,30.00,0.03,36.30,30.00,-0.01,35.94,30.00,-0.01
2,22.09,30.00,0.09,31.32,30.00,0.01,31.63,30.00,0.01
3,18.07,30.00,0.14,26.60,30.00,0.04,28.20,30.00,0.03
4,15.98,30.00,0.17,20.85,30.00,0.09,21.63,30.00,0.08
5,14.02,30.00,0.22,19.19,30.00,0.12,22.68,30.00,0.09
6,17.44,30.00,0.22,20.69,30.00,0.13,18.68,30.00,0.13
7,22.85,30.00,0.21,20.49,30.00,0.15,20.64,30.00,0.14
8,23.19,20.00,0.01,27.14,20.00,-0.02,25.94,20.00,-0.01
1,22.63,20.00,0.00,24.65,20.00,-0.02,24.67,20.00,-0.02
2,15.56,20.00,0.05,22.91,20.00,-0.02,23.40,20.00,-0.02
3,9.08,20.00,0.10,12.88,20.00,0.05,17.42,20.00,0.02
4,0.00,20.00,0.19,11.52,20.00,0.07,10.41,20.00,0.07
5,0.00,20.00,0.23,12.77,20.00,0.08,11.20,20.00,0.09
6,0.00,20.00,0.27,6.01,20.00,0.14,11.30,20.00,0.10
7,0.98,20.00,0.30,9.70,20.00,0.14,7.56,20.00,0.15
8,15.17,10.00,-0.02,13.46,10.00,-0.01,13.55,10.00,-0.01
1,20.58,10.00,-0.07,10.55,10.00,0.00,14.62,10.00,-0.03
2,13.47,10.00,-0.04,9.42,10.00,0.01,10.88,10.00,-0.01
3,8.79,10.00,-0.02,0.00,10.00,0.08,3.94,10.00,0.04
4,0.00,10.00,0.05,2.41,10.00,0.08,0.00,10.00,0.08
5,0.00,10.00,0.07,0.00,10.00,0.11,0.00,10.00,0.10
6,0.00,10.00,0.09,0.00,10.00,0.13,0.00,10.00,0.12
7,0.00,10.00,0.11,1.21,10.00,0.14,0.00,10.00,0.14
8,0.00,0.00,0.00,9.67,0.00,-0.07,0.77,0.00,-0.01
1,0.00,0.00,0.00,5.39,0.00,-0.06,0.00,0.00,-0.00
2,0.00,0.00,0.00,4.79,0.00,-0.06,-2.05,0.00,0.01
3,0.00,0.00,0.00,0.00,0.00,-0.04,0.00,0.00,0.00
4,0.00,0.00,0.00,0.00,0.00,-0.04,0.00,0.00,0.00
5,0.00,0.00,0.00,0.00,0.00,-0.04,0.00,0.00,0.00
6,0.00,0.00,0.00,0.00,0.00,-0.04,0.00,0.00,0.00
7,0.00,0.00,0.00,0.00,0.00,-0.04,0.00,0.00,0.00
8,0.00,-10.00,-0.08,0.00,-10.00,-0.08,0.00,-10.00,-0.08
1,0.00,-10.00,-0.10,0.00,-10.00,-0.10,0.00,-10.00,-0.10
2,0.00,-10.00,-0.12,0.00,-10.00,-0.12,-0.53,-10.00,-0.12
3,-0.25,-10.00,-0.14,0.00,-10.00,-0.14,-5.31,-10.00,-0.11
4,-2.44,-10.00,-0.15,-0.42,-10.00,-0.16,-5.40,-10.00,-0.11
5,0.00,-10.00,-0.18,0.00,-10.00,-0.18,-6.14,-10.00,-0.12
6,-2.96,-10.00,-0.18,-2.06,-10.00,-0.19,-11.03,-10.00,-0.09
7,-5.06,-10.00,-0.18,-8.66,-10.00,-0.16,-12.98,-10.00,-0.08
8,0.00,0.00,0.00,-21.47,0.00,0.15,-9.38,0.00,0.07
1,0.00,0.00,0.00,-17.31,0.00,0.16,-9.88,0.00,0.09
2,0.00,0.00,0.00,0.00,0.00,0.08,0.00,0.00,0.04
3,0.00,0.00,0.00,8.82,0.00,0.02,0.00,0.00,0.04
4,0.00,0.00,0.00,6.83,0.00,0.01,0.00,0.00,0.04
5,0.00,0.00,0.00,0.00,0.00,0.05,0.00,0.00,0.04
6,0.00,0.00,0.00,0.00,0.00,0.05,0.00,0.00,0.04
7,0.00,0.00,0.00,0.00,0.00,0.05,0.00,0.00,0.04
8,0.00,10.00,0.08,0.00,10.00,0.08,0.00,10.00,0.08
1,0.78,10.00,0.10,0.00,10.00,0.10,0.00,10.00,0.10
2,0.00,10.00,0.12,0.00,10.00,0.12,0.00,10.00,0.12
3,0.00,10.00,0.14,0.00,10.00,0.14,0.00,10.00,0.14
4,0.00,10.00,0.16,0.00,10.00,0.16,0.80,10.00,0.16
5,0.00,10.00,0.18,0.84,10.00,0.18,4.56,10.00,0.15
6,0.00,10.00,0.20,6.98,10.00,0.15,13.59,10.00,0.10
7,0.71,10.00,0.22,17.21,10.00,0.09,17.15,10.00,0.07
8,3.72,20.00,0.14,22.64,20.00,0.01,17.15,20.00,0.05
1,9.82,20.00,0.13,19.62,20.00,0.03,13.46,20.00,0.08
2,0.00,20.00,0.22,15.33,20.00,0.06,14.71,20.00,0.08
3,0.00,20.00,0.26,9.07,20.00,0.11,10.03,20.00,0.13
4,1.20,20.00,0.29,9.74,20.00,0.13,14.36,20.00,0.12
5,11.25,20.00,0.26,11.47,20.00,0.14,15.17,20.00,0.12
6,21.05,20.00,0.21,14.92,20.00,0.13,18.13,20.00,0.11
7,30.14,20.00,0.14,19.02,20.00,0.11,23.13,20.00,0.08
8,30.25,30.00,0.04,20.28,30.00,0.11,20.98,30.00,0.11
1,23.54,30.00,0.09,23.73,30.00,0.11,23.39,30.00,0.11
2,21.78,30.00,0.11,22.73,30.00,0.13,21.83,30.00,0.13
3,15.59,30.00,0.17,27.22,30.00,0.11,26.00,30.00,0.12
4,15.40,30.00,0.20,26.65,30.00,0.12,26.91,30.00,0.12
5,13.90,30.00,0.24,29.71,30.00,0.10,30.24,30.00,0.10
6,21.76,30.00,0.22,31.13,30.00,0.09,32.41,30.00,0.09
7,25.05,30.00,0.21,31.63,30.00,0.09,32.21,30.00,0.08
8,28.62,40.00,0.14,30.69,40.00,0.12,31.12,40.00,0.12
1,29.60,40.00,0.15,32.04,40.00,0.13,31.56,40.00,0.13
2,30.13,40.00,0.17,34.25,40.00,0.13,34.07,40.00,0.13
3,29.06,40.00,0.20,39.12,40.00,0.11,39.12,40.00,0.11
4,29.46,40.00,0.22,37.74,40.00,0.12,38.99,40.00,0.11
5,32.40,40.00,0.22,41.84,40.00,0.10,41.33,40.00,0.10
6,34.48,40.00,0.22,39.49,40.00,0.11,42.68,40.00,0.09
7,37.64,40.00,0.21,41.96,40.00,0.09,40.78,40.00,0.09
8,43.97,50.00,0.11,40.08,50.00,0.14,41.21,50.00,0.13
1,43.29,50.00,0.13,42.57,50.00,0.14,39.60,50.00,0.16
2,36.96,50.00,0.19,45.33,50.00,0.14,45.71,50.00,0.14
3,37.46,50.00,0.21,48.54,50.00,0.13,49.83,50.00,0.12
4,40.88,50.00,0.21,50.79,50.00,0.11,52.41,50.00,0.10
5,43.62,50.00,0.21,52.45,50.00,0.10,54.82,50.00,0.08
6,43.92,50.00,0.22,55.22,50.00,0.08,51.66,50.00,0.09
7,49.86,50.00,0.19,50.95,50.00,0.09,50.63,50.00,0.10
8,51.15,60.00,0.15,49.42,60.00,0.16,49.77,60.00,0.16
1,50.47,60.00,0.17,52.03,60.00,0.16,54.56,60.00,0.14
2,48.95,60.00,0.20,58.40,60.00,0.13,55.29,60.00,0.15
3,49.76,60.00,0.22,61.39,60.00,0.12,60.74,60.00,0.12
4,51.68,60.00,0.22,63.44,60.00,0.10,63.32,60.00,0.10
5,56.88,60.00,0.20,64.66,60.00,0.08,63.75,60.00,0.09
6,55.77,60.00,0.22,61.96,60.00,0.09,62.39,60.00,0.09
7,59.40,60.00,0.20,60.67,60.00,0.10,61.65,60.00,0.09
8,63.51,70.00,0.15,58.19,70.00,0.18,61.33,70.00,0.16
1,61.37,70.00,0.17,61.99,70.00,0.18,61.71,70.00,0.18
2,60.80,70.00,0.19,71.50,70.00,0.13,67.13,70.00,0.15
3,59.87,70.00,0.22,72.45,70.00,0.12,70.62,70.00,0.14
4,58.76,70.00,0.25,75.83,70.00,0.09,77.32,70.00,0.09
5,65.35,70.00,0.22,75.82,70.00,0.08,76.75,70.00,0.08
6,70.81,70.00,0.20,71.07,70.00,0.10,71.72,70.00,0.10
7,70.20,70.00,0.20,73.16,70.00,0.08,72.85,70.00,0.09
8,72.17,80.00,0.17,68.63,80.00,0.19,68.97,80.00,0.19
1,70.40,80.00,0.20,73.54,80.00,0.18,73.06,80.00,0.18
2,70.33,80.00,0.22,78.16,80.00,0.16,79.76,80.00,0.15
3,73.17,80.00,0.22,87.03,80.00,0.10,83.73,80.00,0.12
4,74.96,80.00,0.22,87.22,80.00,0.09,85.81,80.00,0.10
5,76.35,80.00,0.22,86.90,80.00,0.08,86.52,80.00,0.09
6,75.48,80.00,0.23,83.71,80.00,0.09,84.62,80.00,0.09
7,81.13,80.00,0.20,80.32,80.00,0.10,80.67,80.00,0.10
8,83.88,90.00,0.17,79.90,90.00,0.20,80.37,90.00,0.20
1,82.12,90.00,0.20,82.36,90.00,0.20,82.09,90.00,0.20
2,80.54,90.00,0.22,91.79,90.00,0.15,91.26,90.00,0.15
3,82.29,90.00,0.23,97.15,90.00,0.11,96.29,90.00,0.12
4,82.16,90.00,0.25,97.73,90.00,0.09,97.53,90.00,0.10
5,89.77,90.00,0.21,96.73,90.00,0.08,96.35,90.00,0.09
6,88.76,90.00,0.22,95.29,90.00,0.08,95.32,90.00,0.08
7,90.99,90.00,0.20,92.24,90.00,0.09,91.80,90.00,0.10
8,90.09,100.00,0.21,88.16,100.00,0.23,88.97,100.00,0.22
1,92.18,100.00,0.22,93.84,100.00,0.21,92.81,100.00,0.22
2,93.76,100.00,0.22,104.74,100.00,0.15,105.50,100.00,0.14
3,93.45,100.00,0.24,109.96,100.00,0.10,109.15,100.00,0.10
4,95.86,100.00,0.23,110.15,100.00,0.08,108.97,100.00,0.09
5,99.51,100.00,0.22,108.47,100.00,0.07,105.88,100.00,0.09
6,101.63,100.00,0.20,102.54,100.00,0.09,104.51,100.00,0.09
7,100.60,100.00,0.21,100.61,100.00,0.10,100.47,100.00,0.11
8,99.75,110.00,0.23,101.54,110.00,0.22,98.27,110.00,0.24
1,102.71,110.00,0.23,101.33,110.00,0.23,105.04,110.00,0.22
2,102.46,110.00,0.24,112.54,110.00,0.17,114.70,110.00,0.16
3,105.62,110.00,0.24,122.32,110.00,0.10,121.04,110.00,0.10
4,105.62,110.00,0.25,120.68,110.00,0.09,120.05,110.00,0.09
5,110.45,110.00,0.22,120.98,110.00,0.06,119.21,110.00,0.07
6,111.15,110.00,0.22,115.61,110.00,0.08,114.59,110.00,0.09
7,112.65,110.00,0.20,113.60,110.00,0.08,108.56,110.00,0.12
8,112.18,120.00,0.23,109.27,120.00,0.25,109.44,120.00,0.25
1,112.59,120.00,0.24,113.10,120.00,0.24,114.32,120.00,0.23
2,116.24,120.00,0.23,125.08,120.00,0.17,125.37,120.00,0.17
3,115.51,120.00,0.24,132.55,120.00,0.11,135.78,120.00,0.08
4,115.00,120.00,0.25,135.24,120.00,0.06,131.64,120.00,0.08
5,120.89,120.00,0.22,130.89,120.00,0.06,127.87,120.00,0.08
6,119.44,120.00,0.23,127.72,120.00,0.07,126.22,120.00,0.08
7,122.96,120.00,0.21,122.53,120.00,0.09,121.29,120.00,0.10
8,120.64,130.00,0.25,117.89,130.00,0.27,118.14,130.00,0.27
1,122.24,130.00,0.26,124.53,130.00,0.25,122.03,130.00,0.27
2,126.61,130.00,0.24,139.83,130.00,0.15,136.63,130.00,0.18
3,127.80,130.00,0.24,145.14,130.00,0.10,145.94,130.00,0.10
4,128.38,130.00,0.24,144.35,130.00,0.07,147.77,130.00,0.06
5,130.53,130.00,0.23,138.71,130.00,0.08,140.13,130.00,0.07
6,134.05,130.00,0.20,136.36,130.00,0.08,137.49,130.00,0.07
7,131.45,130.00,0.22,132.60,130.00,0.09,132.93,130.00,0.09
8,130.80,140.00,0.26,129.53,140.00,0.27,128.74,140.00,0.28
1,129.40,140.00,0.29,135.79,140.00,0.25,135.16,140.00,0.26
2,138.08,140.00,0.25,148.51,140.00,0.17,148.69,140.00,0.17
3,137.77,140.00,0.26,155.96,140.00,0.10,156.42,140.00,0.10
4,141.56,140.00,0.24,157.18,140.00,0.06,157.44,140.00,0.06
5,142.90,140.00,0.22,150.51,140.00,0.07,149.72,140.00,0.08
6,144.92,140.00,0.20,147.22,140.00,0.07,147.40,140.00,0.08
7,142.20,140.00,0.21,143.89,140.00,0.08,143.51,140.00,0.09
8,140.91,150.00,0.28,139.71,150.00,0.29,139.09,150.00,0.29
1,142.90,150.00,0.28,143.59,150.00,0.28,142.74,150.00,0.29
2,144.51,150.00,0.29,158.28,150.00,0.19,159.21,150.00,0.19
3,148.93,150.00,0.27,171.09,150.00,0.08,167.46,150.00,0.11
4,151.01,150.00,0.25,168.06,150.00,0.06,171.51,150.00,0.05
5,153.18,150.00,0.24,163.53,150.00,0.06,166.49,150.00,0.04
6,156.82,150.00,0.20,159.47,150.00,0.06,157.52,150.00,0.07
7,153.73,150.00,0.21,154.74,150.00,0.07,153.59,150.00,0.08
8,150.92,160.00,0.29,149.10,160.00,0.30,147.20,160.00,0.32
1,153.64,160.00,0.29,153.75,160.00,0.29,154.71,160.00,0.29
2,157.08,160.00,0.28,172.03,160.00,0.18,171.90,160.00,0.18
3,160.13,160.00,0.26,180.17,160.00,0.10,181.10,160.00,0.09
4,161.90,160.00,0.25,183.12,160.00,0.04,182.45,160.00,0.04
5,163.93,160.00,0.23,176.17,160.00,0.04,176.61,160.00,0.04
6,164.37,160.00,0.22,167.55,160.00,0.07,167.37,160.00,0.07
7,162.92,160.00,0.22,165.54,160.00,0.07,163.56,160.00,0.08
8,162.00,170.00,0.30,156.30,170.00,0.34,158.79,170.00,0.32
1,162.72,170.00,0.31,166.74,170.00,0.29,166.01,170.00,0.29
2,166.69,170.00,0.30,183.19,170.00,0.18,180.93,170.00,0.20
3,172.84,170.00,0.26,195.71,170.00,0.07,190.45,170.00,0.11
4,175.73,170.00,0.23,190.87,170.00,0.05,192.62,170.00,0.05
5,174.74,170.00,0.23,188.09,170.00,0.03,184.92,170.00,0.06
6,173.58,170.00,0.23,182.31,170.00,0.03,181.85,170.00,0.05
7,173.08,170.00,0.22,173.30,170.00,0.07,174.54,170.00,0.08
8,169.37,180.00,0.33,169.10,180.00,0.33,166.25,180.00,0.35
1,174.33,180.00,0.32,176.98,180.00,0.30,175.37,180.00,0.32
2,179.64,180.00,0.29,194.01,180.00,0.19,196.36,180.00,0.18
3,181.22,180.00,0.28,206.55,180.00,0.07,205.08,180.00,0.09
4,187.76,180.00,0.23,202.92,180.00,0.04,202.04,180.00,0.06
5,186.19,180.00,0.23,199.22,180.00,0.02,197.98,180.00,0.04
6,183.76,180.00,0.23,191.72,180.00,0.04,191.49,180.00,0.05
7,183.57,180.00,0.23,183.39,180.00,0.07,182.39,180.00,0.09
8,180.87,190.00,0.34,179.33,190.00,0.35,178.34,190.00,0.35
1,183.12,190.00,0.34,187.25,190.00,0.31,186.72,190.00,0.32
2,187.37,190.00,0.32,203.50,190.00,0.20,204.98,190.00,0.20
3,195.87,190.00,0.27,210.25,190.00,0.13,215.94,190.00,0.09
4,197.80,190.00,0.24,220.09,190.00,0.02,215.99,190.00,0.04