0.00, 74.69, 35.41
2.21, 62.72, 40.61
0.00, 70.71, 56.46
3.00, 82.89, 65.73
6.90, 92.41, 77.32
15.69, 103.70, 82.16
19.83, 107.76, 101.33
26.22, 118.92, 105.74
27.96, 127.07, 113.99
34.59, 131.48, 123.35
35.80, 141.65, 130.36
37.55, 147.47, 136.41
45.44, 155.08, 146.73
46.51, 161.00, 151.17
49.40, 165.23, 157.52
52.32, 174.33, 164.77
57.63, 179.99, 170.67
59.58, 183.79, 176.78
60.60, 190.78, 180.96
66.55, 194.11, 186.57
66.54, 198.86, 192.53
67.55, 204.51, 197.00
74.07, 209.70, 200.79
73.00, 213.32, 206.14
76.24, 217.66, 208.66
78.47, 223.00, 213.64
79.91, 224.70, 217.70
81.47, 231.71, 221.95
82.69, 231.08, 224.02
87.11, 238.62, 228.90
85.31, 238.06, 231.22
90.33, 244.03, 234.34
88.27, 246.22, 236.04
91.24, 249.61, 242.19
94.84, 253.30, 243.31
94.49, 253.19, 246.14
95.19, 259.84, 248.68
97.51, 259.91, 250.21
97.31, 263.24, 255.14
99.01, 264.01, 253.89
98.72, 266.48, 258.75
103.01, 268.73, 260.25
100.97, 271.70, 261.61
103.78, 274.42, 263.81
102.78, 273.11, 265.18
105.47, 277.30, 267.17
104.09, 280.01, 268.94
106.94, 280.26, 271.21
107.38, 282.90, 271.36
107.07, 285.20, 274.55
108.46, 285.42, 276.31
110.43, 288.29, 277.19
109.55, 290.22, 277.73
110.38, 288.52, 279.63
111.55, 291.97, 279.76
110.75, 294.07, 282.44
113.10, 294.99, 284.09
112.38, 295.12, 283.58
112.61, 297.53, 284.93
114.01, 300.28, 286.71
112.42, 298.68, 286.72
114.92, 300.16, 288.95
116.90, 303.79, 287.31
115.11, 300.81, 291.22
115.72, 304.83, 290.65
114.00, 304.31, 292.33
115.99, 306.62, 292.87
118.05, 308.16, 294.16
117.23, 308.24, 294.21
115.72, 309.40, 295.13
120.00, 310.46, 295.21
117.24, 310.97, 295.26
118.77, 311.77, 296.92
117.47, 312.55, 296.60
117.70, 313.13, 297.90
119.45, 313.73, 299.02
117.68, 316.35, 300.76
120.77, 315.31, 299.15
117.75, 314.72, 298.39
121.44, 316.31, 303.58
119.41, 318.21, 300.13
121.62, 316.76, 303.08
118.34, 319.96, 301.20
121.34, 316.81, 304.23
120.85, 320.16, 301.62
119.68, 321.19, 305.18
119.72, 318.52, 301.79
122.07, 322.94, 306.22
119.77, 321.49, 305.47
120.94, 316.70, 303.93
123.36, 327.23, 306.37
119.65, 324.17, 306.87
121.28, 321.27, 304.64
123.64, 323.47, 307.58
120.04, 324.73, 307.97
122.59, 325.42, 307.34
122.78, 324.98, 305.79
119.60, 325.20, 308.09
124.21, 325.20, 308.59
122.36, 323.61, 308.93
121.73, 325.89, 308.79
122.16, 326.72, 309.46
121.65, 326.56, 309.50
123.72, 329.11, 309.45
122.46, 325.24, 307.68
121.46, 329.48, 309.45
122.22, 327.72, 311.51
124.79, 328.03, 310.56
122.81, 328.02, 310.32
121.22, 327.72, 310.56
124.79, 328.79, 309.93
122.83, 328.69, 312.10
121.28, 329.06, 310.03
124.54, 331.18, 311.19
123.62, 329.54, 310.91
120.97, 328.79, 314.18
124.48, 329.98, 311.53
123.35, 329.21, 311.68
121.13, 332.50, 312.06
124.19, 329.32, 311.34
123.06, 330.86, 312.60
123.25, 330.12, 312.35
121.20, 332.63, 312.04
123.04, 331.13, 312.60
124.71, 330.13, 312.30
122.62, 330.58, 312.65
122.03, 333.22, 311.79
122.94, 330.40, 314.95
120.83, 331.46, 313.38
123.91, 333.77, 312.45
122.77, 331.20, 313.28
121.42, 331.53, 312.25
123.78, 334.26, 314.97
123.37, 331.41, 313.63
120.37, 331.50, 312.80
122.85, 334.65, 313.73
124.71, 331.07, 312.60
122.51, 334.47, 314.27
121.06, 333.17, 312.93
124.07, 331.13, 316.61
123.45, 334.68, 313.66
120.83, 331.75, 313.11
123.29, 332.03, 315.01
124.48, 333.65, 315.84
121.40, 332.35, 313.82
123.27, 334.84, 314.47
125.02, 331.97, 313.88
122.66, 332.81, 316.21
120.66, 334.80, 314.13
125.31, 331.39, 313.98
122.47, 335.36, 314.44
121.93, 331.72, 317.45
122.72, 335.57, 314.44
123.17, 332.46, 315.06
120.21, 332.71, 314.25
123.82, 335.35, 316.76
121.56, 331.66, 314.85
121.49, 335.05, 315.41
124.73, 331.72, 316.56
122.70, 335.41, 314.88
121.69, 332.73, 314.39
123.17, 334.79, 317.18
121.11, 332.92, 314.59
123.80, 332.85, 314.95
122.25, 336.18, 314.73
121.16, 332.41, 316.51
122.46, 335.78, 315.56
123.37, 333.28, 315.27
122.68, 335.54, 316.87
119.92, 333.59, 315.03
123.55, 335.43, 314.70
122.70, 333.59, 314.98
120.56, 335.38, 317.54
124.09, 332.63, 315.26
120.59, 334.17, 315.13
123.31, 335.68, 316.92
122.25, 336.01, 315.57
120.37, 333.50, 317.33
124.63, 335.98, 315.16
122.10, 333.75, 314.88
115.94, 335.71, 317.85
128.10, 333.96, 316.46
123.37, 335.87, 314.62
120.15, 333.80, 315.62
122.59, 333.80, 318.05
124.98, 335.63, 314.92
122.62, 333.44, 316.71
121.66, 335.30, 316.81
122.51, 333.80, 316.41
121.73, 334.68, 316.86
123.31, 333.44, 315.68
122.53, 335.26, 316.16
121.79, 333.44, 318.11
121.99, 335.52, 315.57
124.85, 333.83, 315.52
120.91, 335.27, 317.42
123.90, 333.91, 316.61
122.82, 335.00, 317.58
122.77, 334.12, 316.46
121.79, 335.06, 315.02
122.47, 333.65, 316.16
121.65, 335.11, 318.32
124.11, 332.95, 315.43
122.76, 335.99, 319.20
121.77, 332.25, 315.13
123.13, 335.62, 316.26
124.42, 332.20, 318.42
121.79, 335.46, 315.53
122.80, 332.71, 319.00
124.36, 332.90, 315.08
123.35, 335.49, 316.26
120.70, 331.77, 318.26
124.30, 335.52, 316.75
122.72, 332.92, 315.96
121.67, 334.57, 318.68
123.13, 333.07, 316.06
124.15, 332.90, 318.73
123.13, 335.92, 316.36
120.93, 332.20, 318.14
124.06, 335.52, 316.35
123.21, 332.30, 316.06
120.62, 335.74, 318.89
124.20, 333.18, 315.92
123.21, 335.00, 318.73
120.58, 332.20, 316.46
124.42, 335.89, 315.63
123.43, 332.73, 318.63
121.19, 333.23, 316.80
123.97, 334.86, 318.68
122.87, 333.12, 316.46
123.35, 335.68, 316.16
120.75, 331.82, 318.94
124.28, 335.68, 316.65
123.21, 332.73, 318.55
118.99, 332.61, 316.55
126.60, 334.64, 316.20
123.57, 332.79, 318.63
121.32, 335.05, 317.20
124.11, 331.55, 318.94
123.04, 334.84, 316.55
121.62, 332.02, 317.88
123.86, 332.15, 316.66
123.27, 334.27, 317.20
121.93, 332.19, 317.78
122.47, 334.79, 317.35
124.86, 332.51, 318.58
123.40, 332.51, 316.90
122.03, 334.64, 318.34
124.44, 332.90, 316.82
123.38, 335.65, 317.25
121.95, 331.72, 318.24
122.92, 335.57, 316.60
124.66, 331.66, 319.36
122.11, 335.52, 316.71
122.49, 332.81, 319.07
124.86, 332.68, 316.10
123.94, 334.68, 317.10
121.24, 333.01, 319.10
123.65, 336.02, 317.25
123.51, 331.79, 319.12
125.15, 335.79, 316.20
123.21, 332.97, 316.90
121.05, 332.74, 318.78
124.76, 334.68, 317.35
123.88, 332.95, 318.24
121.75, 334.68, 316.51
124.86, 333.28, 319.60
123.92, 335.46, 316.40
123.95, 328.34, 319.31
121.52, 339.33, 316.71
124.82, 332.68, 318.94
124.20, 332.56, 317.15
121.46, 334.86, 318.09
123.59, 333.12, 317.05
125.04, 334.89, 317.50
124.52, 333.28, 319.22
123.70, 335.89, 317.15
121.50, 332.52, 318.34
124.11, 335.78, 317.15
125.32, 333.33, 316.30
124.26, 333.39, 319.56
121.48, 335.35, 317.29
125.26, 334.68, 318.39
123.76, 332.97, 316.90
122.45, 332.85, 319.83
123.84, 336.07, 316.60
124.94, 332.52, 319.20
124.46, 334.68, 316.15
122.22, 333.59, 317.30
125.23, 335.52, 319.51
123.78, 332.86, 317.70
124.32, 335.00, 318.39
123.88, 333.23, 317.25
121.44, 335.22, 319.25
125.73, 333.17, 316.82
124.11, 333.33, 319.26
121.75, 335.46, 316.76
123.36, 333.75, 319.02
125.53, 335.63, 316.46
123.09, 335.92, 319.67
123.72, 333.59, 317.25
124.75, 335.65, 318.96
123.99, 333.70, 317.20
124.50, 335.54, 316.25
121.93, 333.80, 319.17
123.58, 333.90, 317.75
125.42, 335.90, 319.46
123.82, 333.95, 317.10
124.48, 336.01, 318.45
122.43, 334.01, 317.35
125.33, 336.01, 316.10
124.36, 335.71, 319.78
124.36, 333.96, 317.50
121.85, 335.65, 318.55
123.46, 334.01, 316.80
126.37, 335.81, 319.57
122.55, 333.33, 316.82
123.29, 337.15, 319.36
125.34, 333.55, 316.30
124.24, 336.73, 317.35
124.90, 333.17, 319.41
122.32, 336.57, 317.45
124.07, 333.75, 319.31
125.25, 335.54, 316.30
123.74, 333.65, 318.87
124.48, 335.60, 316.51
124.13, 333.75, 319.51
121.85, 335.98, 317.29
126.31, 333.50, 318.91
124.59, 336.83, 317.50
122.78, 333.22, 318.45
123.60, 336.31, 317.40
126.04, 332.90, 317.81
125.26, 336.51, 318.50
124.05, 333.23, 317.35
121.97, 335.98, 318.86
124.32, 334.44, 317.60
126.35, 336.14, 319.93
124.03, 334.80, 317.04
121.99, 336.25, 319.67
125.57, 336.91, 316.92
123.93, 334.21, 319.81
122.81, 337.17, 317.38
124.11, 333.44, 319.81
125.10, 337.06, 316.87
124.10, 333.39, 319.62
124.11, 336.43, 317.50
121.77, 334.48, 319.58
125.04, 336.62, 317.40
124.48, 336.91, 319.27
124.11, 334.75, 317.85
123.65, 337.05, 317.30
121.63, 333.93, 319.17
125.28, 336.94, 317.85
124.50, 333.33, 319.11
123.65, 337.04, 317.55
121.62, 333.55, 319.46
125.18, 336.52, 316.97
124.12, 334.58, 320.06
121.56, 336.78, 316.87
124.19, 336.69, 319.71
125.08, 333.93, 316.66
122.45, 337.06, 320.09
123.70, 334.01, 317.29
124.75, 335.98, 319.99
123.44, 334.75, 317.19
122.43, 336.41, 319.46
123.72, 334.42, 318.00
122.82, 336.46, 316.85
124.90, 334.26, 320.30
124.28, 336.62, 317.48
122.09, 336.74, 320.09
122.68, 334.75, 317.55
125.04, 337.01, 319.27
122.71, 334.20, 319.73
122.51, 336.22, 317.50
124.88, 334.91, 317.18
124.08, 336.62, 320.21
120.79, 336.47, 316.92
124.62, 333.50, 320.35
123.38, 337.57, 317.44
122.63, 333.88, 320.67
122.57, 337.52, 317.29
124.88, 334.04, 320.57
124.14, 336.06, 317.29
121.72, 336.80, 320.30
124.01, 333.66, 320.67
123.92, 337.52, 317.63
120.70, 333.82, 320.46
123.10, 337.52, 318.50
125.50, 333.88, 320.56
121.86, 336.52, 317.01
122.45, 334.68, 320.91
124.82, 336.67, 318.06
124.24, 336.69, 320.56
120.89, 334.09, 320.41
123.25, 337.20, 318.50
124.72, 334.54, 318.90
123.66, 336.91, 320.30
121.42, 334.06, 318.08
124.21, 336.58, 319.99
