266.62, 360.35, 384.56
309.80, 403.16, 422.57
412.58, 491.27, 512.13
484.37, 554.66, 577.36
543.65, 606.42, 627.06
586.10, 642.06, 665.86
625.92, 675.90, 698.42
646.82, 699.84, 720.63
673.59, 718.84, 739.36
689.01, 734.03, 757.93
703.76, 747.24, 768.35
714.63, 754.38, 777.45
718.53, 764.11, 785.05
736.26, 768.17, 791.52
736.33, 775.01, 795.51
740.65, 777.45, 798.70
741.99, 776.98, 801.03
745.30, 781.76, 802.66
747.24, 782.91, 807.24
749.49, 786.14, 805.69
744.94, 784.30, 809.47
754.85, 784.91, 809.86
751.76, 787.24, 810.26
750.45, 788.36, 810.64
754.63, 789.15, 810.98
752.62, 787.79, 810.28
753.44, 787.43, 811.61
752.28, 790.72, 807.63
754.14, 787.46, 816.15
755.91, 791.04, 812.63
753.13, 787.21, 813.17
752.38, 791.78, 812.25
757.08, 787.85, 812.61
753.67, 791.54, 812.12
752.77, 788.23, 813.31
756.34, 790.50, 811.79
753.55, 791.24, 812.37
752.40, 788.40, 813.84
754.26, 790.99, 812.75
755.12, 788.40, 813.14
753.97, 790.88, 813.40
752.26, 788.73, 813.39
755.85, 791.01, 813.67
753.67, 787.95, 813.01
752.40, 791.97, 814.07
755.69, 788.17, 812.85
753.79, 791.29, 813.39
753.85, 789.43, 814.51
752.50, 791.24, 812.72
756.34, 791.27, 813.93
753.44, 788.94, 813.90
752.40, 792.22, 814.20
756.10, 788.83, 812.84
753.20, 791.29, 814.54
752.15, 791.78, 813.40
753.41, 789.10, 814.28
755.73, 792.43, 814.33
753.01, 788.87, 813.40
751.67, 791.24, 815.34
755.48, 792.17, 811.45
752.82, 790.09, 814.45
752.40, 791.52, 815.70
751.56, 789.51, 813.90
753.50, 791.84, 814.33
754.49, 791.78, 814.73
751.67, 788.82, 813.86
753.23, 792.22, 814.46
751.79, 788.32, 814.79
755.12, 790.88, 814.60
752.40, 784.94, 814.42
753.30, 795.21, 814.79
752.03, 791.27, 814.86
755.33, 789.06, 816.23
752.77, 791.97, 814.46
753.30, 788.57, 814.41
752.85, 792.16, 815.56
755.48, 789.26, 813.90
749.18, 791.48, 814.92
757.08, 792.30, 806.58
752.61, 789.19, 822.06
755.73, 792.17, 814.73
752.77, 792.04, 814.29
752.03, 789.68, 816.79
753.13, 792.17, 815.00
754.61, 790.54, 813.86
752.74, 792.35, 815.17
750.61, 792.55, 813.77
752.23, 789.56, 815.30
753.38, 791.65, 814.33
753.91, 792.60, 815.26
751.67, 790.03, 814.07
752.59, 792.10, 814.62
751.09, 792.60, 817.94
752.89, 789.39, 814.86
754.50, 793.15, 814.50
752.40, 789.35, 815.66
752.82, 791.61, 814.24
751.18, 793.00, 815.93
754.87, 789.39, 814.69
752.59, 792.23, 814.92
751.79, 790.42, 818.27
752.47, 792.03, 814.75
751.42, 792.30, 815.00
752.77, 788.87, 815.66
753.91, 791.48, 813.74
751.91, 792.30, 815.66
752.35, 789.43, 814.12
750.81, 792.48, 814.46
752.38, 789.15, 817.56
753.50, 791.97, 814.29
751.30, 791.91, 815.31
751.53, 789.31, 814.37
752.62, 791.91, 814.33
750.62, 791.98, 814.62
755.24, 789.39, 815.00
751.79, 793.00, 814.86
752.59, 785.38, 816.49
750.32, 795.92, 814.46
751.53, 792.35, 815.56
751.42, 789.00, 814.56
750.70, 791.86, 814.66
750.00, 790.05, 814.37
749.67, 792.35, 815.39
751.09, 791.43, 814.24
748.70, 790.72, 817.21
749.77, 791.86, 815.81
749.43, 792.30, 810.24
748.94, 789.39, 819.47
747.26, 792.23, 815.17
748.58, 792.55, 815.26
747.73, 786.14, 814.88
748.94, 797.09, 815.13
748.87, 791.73, 816.62
748.32, 790.09, 815.17
748.70, 792.43, 815.13
748.48, 789.56, 814.50
749.43, 792.55, 815.53
749.84, 792.60, 814.37
749.65, 790.17, 815.43
749.19, 792.43, 815.93
749.30, 792.72, 816.49
749.43, 789.65, 816.19
749.53, 793.09, 815.13
749.43, 793.07, 815.53
749.31, 790.42, 815.61
749.53, 793.09, 815.01
749.55, 793.20, 815.53
748.60, 789.80, 818.20
748.14, 792.68, 815.61
749.06, 792.81, 815.39
750.35, 790.38, 815.39
749.67, 793.39, 815.39
749.53, 793.09, 817.25
750.04, 790.24, 815.93
750.35, 792.78, 815.01
749.43, 792.88, 815.79
750.08, 790.55, 815.35
748.90, 792.47, 815.69
749.31, 794.56, 815.09
748.60, 790.01, 818.32
748.70, 788.75, 814.95
748.82, 797.87, 816.59
748.60, 792.17, 815.13
748.33, 790.42, 818.21
749.37, 792.97, 816.20
747.97, 793.07, 815.39
747.78, 790.38, 815.47
748.08, 793.40, 816.89
747.85, 793.07, 814.12
747.66, 790.25, 818.20
746.09, 792.74, 815.53
747.38, 793.09, 816.02
747.48, 789.47, 815.35
747.72, 792.87, 816.06
748.67, 792.60, 813.48
747.12, 790.03, 820.54
747.61, 793.09, 815.94
746.51, 792.24, 814.52
747.24, 790.80, 816.33
744.16, 793.53, 815.13
748.04, 793.07, 818.54
746.50, 790.42, 816.20
746.63, 791.98, 815.09
747.03, 793.09, 815.77
744.16, 791.29, 816.33
748.28, 792.55, 807.10
746.27, 793.15, 826.74
747.30, 790.29, 815.09
746.62, 791.43, 815.39
745.24, 793.78, 816.46
746.57, 789.86, 815.66
748.08, 792.90, 816.99
747.12, 791.86, 811.56
747.31, 792.72, 820.25
747.36, 790.03, 814.95
748.53, 794.17, 816.46
748.13, 789.88, 816.99
747.97, 792.48, 816.19
747.26, 793.34, 815.13
750.81, 789.99, 815.66
747.50, 792.35, 815.51
749.43, 792.68, 816.06
751.06, 791.06, 815.66
749.53, 792.35, 817.76
749.92, 793.65, 815.93
750.35, 792.17, 815.39
750.29, 789.39, 815.22
750.29, 793.20, 815.93
750.16, 793.22, 817.88
749.80, 790.55, 816.19
750.82, 792.47, 815.39
750.29, 793.33, 816.06
749.34, 790.42, 815.90
750.35, 792.97, 817.38
750.41, 793.07, 816.73
751.21, 790.13, 815.90
752.03, 794.04, 815.35
748.32, 792.42, 815.64
752.28, 793.59, 819.20
750.16, 791.24, 816.59
751.06, 792.84, 816.02
750.08, 788.45, 816.14
750.12, 791.29, 817.76
751.76, 791.14, 817.66
749.47, 788.79, 816.01
751.06, 791.36, 816.15
752.15, 787.72, 816.99
753.20, 791.78, 817.76
752.00, 787.98, 816.14
751.32, 791.54, 817.35
752.59, 784.04, 815.77
750.93, 795.27, 818.34
753.08, 791.24, 816.15
754.61, 789.56, 815.88
752.38, 791.86, 816.15
752.49, 789.00, 817.26
751.79, 792.87, 818.54
755.80, 788.90, 816.66
753.13, 793.26, 816.67
752.50, 792.35, 816.28
754.49, 789.77, 819.20
755.24, 792.30, 816.54
753.08, 792.72, 816.02
756.10, 789.90, 817.26
754.85, 792.35, 818.08
752.52, 792.30, 816.59
753.44, 790.92, 816.92
758.32, 792.04, 816.14
753.13, 793.46, 819.20
756.39, 790.30, 816.28
754.36, 792.94, 815.88
753.67, 787.68, 816.41
757.21, 795.21, 819.74
754.12, 792.94, 816.14
753.55, 793.34, 817.61
757.45, 789.73, 816.54
753.67, 793.40, 818.52
754.50, 793.46, 812.74
756.74, 790.79, 821.67
754.26, 792.29, 815.72
755.86, 793.20, 819.61
755.43, 793.22, 816.66
753.04, 791.06, 816.54
752.85, 793.22, 815.39
758.69, 794.10, 820.87
754.63, 792.50, 816.86
756.74, 792.03, 817.04
753.52, 792.94, 818.08
755.79, 793.46, 816.97
756.59, 790.55, 816.81
753.38, 793.33, 815.75
757.93, 793.34, 816.97
754.12, 788.58, 817.95
754.14, 795.03, 815.77
757.33, 792.88, 816.73
754.61, 792.16, 816.02
754.28, 793.09, 815.39
756.47, 793.46, 818.54
755.19, 793.59, 815.01
756.11, 793.27, 816.19
754.85, 791.29, 815.51
753.75, 794.10, 815.35
757.45, 794.10, 818.00
754.38, 791.24, 816.20
754.01, 793.07, 815.22
755.92, 793.22, 814.75
755.09, 794.49, 816.19
751.70, 791.19, 815.53
757.93, 792.91, 816.99
753.75, 794.10, 815.39
755.32, 793.71, 815.05
755.24, 791.06, 814.82
753.55, 793.03, 814.88
754.86, 794.69, 815.31
755.48, 790.63, 814.56
753.67, 793.34, 814.54
756.47, 793.33, 816.23
753.44, 794.33, 815.05
753.26, 790.50, 814.33
755.23, 794.82, 815.00
755.22, 792.91, 814.24
753.38, 794.36, 814.86
756.63, 791.24, 814.88
754.24, 794.43, 815.00
754.72, 793.28, 815.05
755.23, 794.33, 816.99
753.99, 791.32, 815.39
752.97, 793.03, 814.62
757.45, 793.59, 815.26
754.72, 793.96, 815.56
752.55, 790.42, 814.42
756.84, 793.07, 815.66
753.55, 792.47, 816.10
753.50, 789.99, 815.66
756.51, 792.90, 815.17
753.99, 792.94, 809.98
753.01, 789.90, 819.20
756.39, 793.46, 814.37
753.75, 792.62, 814.20
753.44, 791.54, 815.69
756.71, 792.55, 814.46
753.91, 793.96, 816.36
753.44, 794.09, 815.05
756.71, 786.57, 814.20
753.67, 797.25, 813.99
755.09, 794.69, 815.13
753.22, 792.91, 814.15
755.73, 791.32, 814.56
752.52, 792.88, 815.13
755.32, 794.21, 814.79
755.36, 794.62, 814.42
754.48, 791.66, 817.68
753.28, 793.65, 815.13
754.63, 794.10, 815.09
755.07, 794.83, 815.05
753.65, 791.65, 815.93
755.68, 795.15, 814.88
752.31, 793.39, 817.42
754.36, 789.64, 815.94
756.71, 796.83, 816.06
753.26, 794.23, 815.09
752.85, 793.65, 815.26
756.47, 794.75, 815.93
748.83, 794.21, 815.51
757.33, 794.68, 818.00
755.97, 791.58, 815.93
754.01, 794.83, 815.01
752.52, 793.39, 816.06
752.38, 794.46, 814.88
755.97, 791.58, 817.55
748.95, 794.09, 816.20
757.58, 793.53, 815.26
752.55, 794.36, 815.66
754.85, 791.48, 815.77
753.23, 793.65, 816.06
752.97, 792.91, 817.88
751.79, 794.36, 816.46
755.48, 791.19, 815.61
753.20, 793.84, 816.15
753.60, 793.84, 816.19
752.52, 792.79, 818.14
755.23, 791.58, 816.28
753.01, 793.72, 816.59
751.91, 793.96, 815.90
755.97, 790.75, 815.48
753.53, 793.90, 818.84
752.89, 792.75, 815.75
752.26, 793.46, 816.84
755.57, 787.22, 815.26
752.64, 798.13, 817.81
753.65, 793.96, 816.71
752.15, 793.39, 815.48
755.80, 791.04, 815.77
753.38, 793.65, 816.01
752.40, 793.97, 819.07
754.26, 794.58, 817.22
755.36, 791.58, 816.14
753.89, 794.09, 815.77
752.40, 793.78, 816.41
756.84, 794.88, 819.20
753.55, 791.29, 816.41
752.52, 794.68, 816.41
756.28, 794.21, 817.88
753.50, 794.75, 816.99
752.97, 793.77, 816.53
756.47, 791.78, 816.01
753.87, 793.46, 816.28
752.97, 794.83, 819.87
756.59, 794.88, 816.01
753.67, 794.15, 816.92
752.77, 792.22, 816.73
756.59, 794.75, 816.01
753.08, 793.65, 818.65
754.10, 795.27, 817.53
752.26, 792.10, 816.02
755.73, 793.84, 818.61
753.20, 793.53, 817.04
752.03, 794.71, 816.28
754.49, 795.01, 817.26
754.97, 793.65, 818.78
753.26, 792.67, 816.01
752.03, 793.28, 816.79
755.61, 795.14, 816.14
753.13, 793.27, 818.80
753.65, 792.78, 816.71
751.79, 793.72, 815.48
755.10, 794.15, 815.51
753.60, 794.88, 816.86
752.77, 791.71, 815.35
751.56, 793.53, 817.76
753.63, 794.75, 812.78
754.61, 794.71, 819.29
751.91, 793.52, 817.13
750.97, 792.23, 817.63
752.59, 794.52, 815.64
754.26, 793.91, 816.33
752.00, 794.58, 815.64
751.54, 794.04, 817.81
752.12, 792.28, 816.58
750.57, 795.14, 815.53
752.15, 794.42, 814.95
753.44, 794.64, 815.01
751.88, 795.14, 815.53
750.86, 794.64, 817.25
751.39, 792.48, 816.06
751.51, 794.88, 815.26
749.69, 794.52, 815.26
751.14, 795.53, 816.46
751.79, 794.15, 815.26
752.77, 792.35, 817.68
750.59, 795.08, 816.07
749.96, 794.17, 815.61
750.78, 795.14, 817.13
750.23, 794.52, 815.77
750.29, 792.35, 815.61
749.88, 794.15, 819.61
749.47, 790.11, 815.88
750.41, 799.22, 816.41
750.62, 794.15, 818.39
749.88, 793.59, 816.33
750.74, 793.90, 816.15
747.60, 790.37, 816.01
752.23, 798.75, 816.20
751.56, 790.50, 817.88
749.92, 799.87, 816.46
749.30, 792.35, 816.02
749.67, 794.75, 815.88
749.53, 794.96, 818.52
749.43, 794.68, 815.79
749.43, 795.40, 816.14
747.96, 794.89, 817.61
751.18, 792.35, 815.61
749.65, 795.63, 819.03
749.43, 795.14, 816.73
749.80, 795.07, 816.14
749.77, 795.83, 816.66
749.80, 794.68, 816.28
749.30, 792.90, 819.09
749.72, 796.23, 816.41
750.00, 794.64, 816.02
750.23, 795.38, 818.65
750.53, 795.92, 817.39
750.47, 794.76, 816.28
750.78, 795.01, 816.14
749.57, 795.63, 818.39
751.02, 793.26, 816.59
753.40, 794.17, 816.41
751.06, 795.33, 816.28
751.39, 795.14, 816.73
751.32, 794.27, 818.78
751.63, 791.58, 816.73
751.51, 793.52, 816.28
750.16, 794.71, 816.79
754.01, 794.62, 817.68
751.76, 793.40, 816.92
751.39, 791.71, 817.66
751.21, 794.71, 816.28
751.39, 793.78, 818.48
749.96, 794.10, 816.86
751.06, 794.76, 816.02
749.35, 792.48, 816.28
755.09, 794.39, 818.27
751.02, 796.00, 816.33
750.78, 794.42, 817.26
750.51, 794.27, 815.60
750.65, 792.43, 816.86
749.88, 790.54, 818.27
751.51, 799.22, 817.13
750.70, 794.89, 815.90
748.87, 795.33, 816.10
751.18, 794.81, 819.74
750.43, 792.65, 816.28
751.06, 794.68, 817.13
752.26, 795.58, 815.72
750.65, 794.81, 818.94
750.57, 795.40, 816.41
751.61, 795.01, 816.58
750.08, 792.22, 816.41
750.94, 795.51, 818.39
749.35, 794.55, 816.14
751.02, 795.66, 812.78
750.47, 795.08, 820.31
751.18, 795.07, 816.59
752.38, 792.10, 818.91
750.65, 794.75, 816.41
750.23, 794.58, 816.41
