121.64, 314.88, 304.93
146.65, 325.26, 331.88
200.91, 382.67, 383.90
243.90, 424.55, 435.81
283.87, 465.79, 476.64
322.34, 496.05, 509.05
353.36, 528.26, 540.01
381.11, 550.61, 564.99
407.17, 572.43, 590.20
430.70, 590.80, 604.52
447.30, 606.68, 625.61
466.14, 619.70, 636.45
480.32, 633.11, 648.34
492.27, 641.75, 662.92
503.75, 652.45, 671.04
516.85, 661.53, 680.19
525.86, 669.75, 688.04
532.00, 673.26, 694.78
543.48, 681.86, 700.44
549.02, 686.49, 704.34
554.84, 688.93, 708.01
561.27, 695.96, 714.62
566.79, 697.94, 716.50
570.68, 701.01, 713.47
573.23, 703.56, 724.13
579.69, 704.40, 723.34
580.49, 707.95, 722.43
584.70, 711.37, 724.52
588.92, 713.28, 730.47
590.30, 712.84, 731.15
590.97, 711.73, 730.99
593.75, 721.27, 733.45
594.08, 715.90, 732.67
598.22, 717.08, 735.18
596.49, 716.25, 734.82
598.83, 716.85, 736.01
602.22, 717.20, 737.60
601.53, 716.95, 738.02
601.79, 719.45, 738.30
601.58, 719.40, 740.05
603.98, 721.93, 738.65
605.56, 720.55, 738.97
605.07, 718.93, 741.16
606.06, 719.65, 739.44
604.02, 719.16, 741.61
607.65, 719.76, 740.34
607.18, 719.20, 741.44
606.58, 720.41, 741.58
606.91, 718.75, 743.12
606.58, 718.84, 741.40
608.33, 718.75, 744.05
609.66, 717.65, 741.28
607.77, 718.02, 742.69
608.90, 718.19, 743.08
607.96, 718.13, 741.28
609.18, 718.30, 744.05
611.05, 718.11, 741.04
608.76, 718.48, 743.78
608.24, 718.41, 743.89
612.44, 718.48, 742.90
610.90, 718.75, 744.23
608.67, 720.53, 742.25
610.80, 719.31, 740.54
610.55, 718.58, 748.58
608.26, 719.31, 744.51
610.62, 719.09, 742.92
612.03, 718.81, 744.58
611.09, 719.87, 743.00
609.95, 719.28, 745.60
611.65, 721.74, 745.11
608.72, 718.95, 745.16
612.65, 719.90, 743.83
609.76, 719.06, 745.23
608.87, 719.16, 745.11
610.71, 718.97, 745.51
611.09, 719.68, 743.81
612.53, 720.65, 744.99
610.81, 718.86, 745.74
609.06, 719.07, 743.71
612.13, 714.17, 745.46
609.76, 723.16, 746.64
611.44, 719.19, 745.30
611.57, 719.09, 743.47
609.76, 718.34, 745.66
612.04, 718.84, 745.86
612.34, 718.95, 746.33
609.26, 720.68, 743.59
612.71, 718.73, 745.57
610.16, 719.42, 746.33
609.00, 719.09, 746.56
613.45, 719.75, 743.83
610.80, 719.65, 745.69
612.15, 719.62, 746.09
613.12, 723.28, 746.21
610.89, 720.63, 742.84
611.05, 721.51, 746.57
612.90, 726.11, 746.09
610.36, 724.28, 746.45
611.63, 727.01, 741.37
610.71, 724.30, 748.32
609.26, 728.12, 746.82
612.13, 729.90, 745.80
613.55, 725.94, 747.30
613.82, 729.06, 744.14
613.19, 729.67, 747.26
615.02, 726.23, 745.66
614.24, 729.87, 747.21
615.19, 729.81, 745.78
614.34, 728.27, 744.98
616.93, 729.18, 746.15
615.68, 729.69, 746.15
613.76, 730.58, 746.91
616.53, 731.81, 746.82
615.13, 730.27, 746.62
611.95, 727.72, 745.17
615.12, 730.05, 746.03
612.13, 730.58, 747.14
614.22, 730.40, 746.15
613.01, 731.73, 746.91
613.72, 728.20, 744.39
611.85, 730.15, 747.08
612.44, 730.70, 747.80
613.42, 732.05, 747.00
612.61, 731.75, 747.73
613.82, 728.12, 747.36
612.71, 731.15, 744.35
614.72, 731.45, 748.04
612.14, 730.88, 746.51
616.32, 732.32, 747.61
612.92, 731.69, 746.75
616.17, 731.40, 747.85
615.19, 731.59, 746.75
613.12, 732.06, 747.60
616.27, 730.44, 746.27
612.63, 730.90, 747.00
615.78, 732.64, 747.08
612.23, 731.71, 748.90
615.20, 732.99, 746.85
612.80, 731.63, 747.85
614.02, 733.01, 745.11
612.42, 731.97, 747.31
613.52, 732.78, 747.67
612.42, 732.43, 746.85
614.12, 731.47, 747.55
612.87, 730.61, 746.27
612.78, 732.87, 747.03
613.32, 732.90, 744.19
616.03, 731.97, 746.04
611.65, 732.66, 746.27
615.62, 731.83, 746.57
612.52, 733.45, 746.44
615.72, 732.06, 747.12
612.90, 732.54, 745.92
615.92, 732.06, 747.00
613.07, 732.66, 746.68
614.96, 732.54, 747.85
614.22, 731.95, 746.87
612.90, 732.99, 747.38
613.72, 732.18, 745.17
613.19, 733.00, 746.04
614.02, 732.06, 748.16
612.05, 732.18, 747.00
615.55, 730.56, 747.73
613.12, 733.03, 747.24
615.40, 732.99, 743.54
613.02, 733.03, 749.43
614.59, 732.99, 746.97
613.69, 733.00, 748.67
613.92, 732.78, 748.28
612.99, 732.54, 746.85
614.12, 733.61, 749.02
613.47, 733.69, 747.55
614.72, 733.15, 748.21
612.82, 733.38, 747.60
615.20, 733.46, 748.13
612.82, 734.09, 746.09
615.07, 734.38, 747.90
613.35, 733.14, 748.65
613.32, 732.91, 747.60
616.03, 733.92, 748.78
611.65, 735.53, 747.54
613.95, 731.94, 748.08
609.26, 733.86, 748.33
618.35, 734.03, 749.25
615.11, 734.14, 748.71
614.19, 735.41, 748.33
612.99, 734.60, 748.13
613.15, 734.81, 748.94
615.01, 733.69, 747.21
612.23, 733.74, 748.09
612.92, 732.32, 745.61
614.14, 734.83, 751.26
612.82, 733.74, 747.17
616.13, 734.03, 749.14
613.07, 733.38, 748.58
614.39, 734.34, 748.94
612.71, 734.14, 748.13
615.72, 734.09, 749.02
612.71, 733.80, 748.48
615.52, 733.03, 747.48
612.23, 733.45, 749.37
615.22, 733.14, 747.72
614.22, 733.26, 747.48
612.99, 733.01, 749.06
614.42, 733.38, 745.84
613.19, 734.37, 749.02
614.62, 732.79, 747.90
612.23, 733.38, 748.45
615.59, 733.46, 749.02
612.23, 733.38, 747.97
615.40, 733.11, 747.90
612.33, 733.98, 748.82
615.59, 733.45, 748.08
613.47, 733.23, 748.36
614.82, 733.26, 749.19
613.57, 734.95, 749.25
614.82, 732.44, 747.54
613.38, 733.79, 749.73
614.42, 733.26, 749.06
612.03, 733.15, 748.82
615.11, 733.56, 748.36
611.05, 732.20, 748.82
615.94, 733.68, 749.41
607.58, 733.27, 748.70
613.62, 732.78, 748.94
617.38, 733.23, 749.18
615.06, 733.97, 749.67
612.04, 733.69, 749.53
615.32, 734.45, 748.82
612.13, 733.80, 749.18
615.84, 733.34, 746.56
611.05, 733.98, 751.54
616.42, 733.91, 746.79
611.55, 734.21, 749.55
616.42, 734.03, 749.73
611.75, 736.48, 748.26
615.82, 734.45, 749.80
612.61, 734.49, 749.65
615.62, 733.98, 751.67
613.26, 734.72, 747.14
614.75, 734.09, 749.43
614.12, 734.21, 751.30
612.32, 734.38, 749.41
613.99, 733.86, 749.06
613.59, 734.60, 749.18
614.12, 734.57, 745.84
613.19, 735.41, 750.70
614.32, 736.60, 752.40
612.53, 730.05, 749.55
615.30, 739.32, 750.00
612.05, 735.41, 749.55
615.55, 734.60, 748.83
612.13, 734.46, 748.82
613.32, 734.81, 749.35
614.17, 735.18, 749.96
609.56, 736.72, 749.31
618.54, 735.29, 750.00
615.26, 735.17, 749.92
613.74, 734.38, 749.65
615.07, 735.29, 749.53
615.22, 733.98, 749.35
613.19, 735.18, 748.95
614.62, 729.81, 749.43
612.90, 738.88, 750.20
614.22, 734.22, 748.87
611.25, 736.72, 749.31
614.14, 733.22, 750.79
612.92, 736.97, 749.47
615.65, 734.84, 749.88
612.97, 735.05, 750.16
613.89, 734.82, 749.47
612.23, 735.29, 750.47
615.42, 735.41, 749.80
613.69, 733.46, 749.53
613.30, 739.26, 749.59
613.28, 734.95, 750.00
616.13, 735.64, 750.67
612.24, 735.65, 749.72
614.72, 735.29, 751.26
613.62, 735.29, 751.82
616.13, 735.18, 750.12
611.65, 735.29, 750.04
615.22, 737.21, 750.65
611.94, 734.61, 749.81
615.02, 735.29, 749.92
611.28, 735.06, 751.41
615.92, 735.06, 750.65
614.42, 735.29, 749.84
613.28, 737.82, 750.59
614.62, 734.93, 751.02
613.76, 736.56, 749.92
614.92, 734.58, 750.53
613.28, 735.29, 752.97
615.52, 735.29, 750.65
612.43, 734.93, 750.53
615.78, 735.75, 750.12
613.79, 737.32, 749.96
613.28, 735.18, 750.59
614.92, 736.02, 749.80
612.54, 734.82, 750.20
616.03, 737.02, 751.17
612.73, 737.56, 750.08
615.40, 735.87, 750.12
613.32, 735.53, 750.90
615.20, 735.98, 752.73
614.14, 735.29, 750.70
615.12, 735.41, 750.16
613.47, 729.28, 750.62
614.82, 745.47, 750.78
613.38, 736.45, 750.82
614.52, 735.53, 751.27
613.70, 735.65, 749.96
613.98, 736.10, 751.76
613.79, 737.92, 749.11
612.80, 735.41, 753.44
614.22, 735.53, 751.51
612.66, 735.90, 750.08
614.18, 735.41, 751.29
612.77, 737.69, 750.57
612.69, 736.10, 751.64
614.75, 735.53, 751.51
612.78, 735.75, 750.74
615.69, 735.98, 752.44
612.43, 734.46, 752.55
615.49, 735.75, 750.94
612.43, 734.22, 750.93
615.40, 734.72, 751.17
613.89, 737.09, 751.06
612.87, 734.69, 751.02
613.07, 734.83, 751.32
613.22, 733.74, 753.87
614.34, 735.75, 751.41
613.82, 734.70, 750.93
615.42, 734.58, 750.69
612.52, 737.01, 751.29
615.52, 734.93, 750.78
611.85, 735.41, 750.51
615.42, 735.29, 753.26
613.50, 734.72, 751.53
613.70, 735.29, 751.27
614.12, 731.14, 750.81
613.79, 740.04, 751.64
613.70, 738.28, 751.18
613.98, 735.52, 751.29
613.89, 734.70, 753.16
611.75, 735.53, 751.51
615.94, 735.64, 750.94
611.65, 735.65, 751.30
615.74, 738.05, 751.88
612.73, 735.41, 750.32
615.49, 735.98, 752.00
613.57, 736.33, 753.34
614.82, 736.13, 751.39
613.57, 736.10, 751.09
614.32, 738.65, 751.88
612.90, 736.10, 751.17
614.22, 736.74, 750.57
611.35, 735.65, 750.93
613.95, 738.86, 752.56
613.22, 736.25, 753.28
611.94, 737.25, 751.41
615.92, 736.25, 751.42
615.42, 740.10, 751.42
613.54, 736.33, 752.12
614.55, 737.46, 750.81
610.23, 737.01, 754.38
618.65, 739.26, 751.42
613.35, 736.78, 751.53
615.01, 737.83, 752.47
612.82, 738.98, 751.42
614.91, 737.49, 752.00
612.73, 733.15, 753.40
618.93, 742.57, 752.59
611.55, 739.72, 751.54
614.82, 737.93, 752.03
612.04, 737.36, 751.44
615.02, 740.08, 753.99
611.85, 737.47, 752.00
614.72, 737.57, 750.93
614.02, 739.60, 751.42
612.52, 738.17, 751.67
614.12, 737.32, 754.36
613.21, 740.48, 751.76
611.63, 736.97, 752.37
615.01, 737.24, 751.56
611.53, 739.24, 751.30
613.95, 737.21, 751.30
611.56, 737.60, 751.88
614.82, 737.21, 754.12
611.94, 738.38, 751.56
615.42, 737.69, 751.54
614.62, 737.09, 752.25
613.76, 738.05, 752.35
615.12, 738.88, 753.65
614.14, 737.72, 752.59
615.02, 736.61, 751.18
612.78, 739.99, 751.56
615.94, 736.55, 752.23
612.14, 737.46, 753.52
615.26, 736.89, 751.76
611.75, 739.26, 751.79
613.47, 737.13, 752.47
613.85, 737.33, 751.67
613.82, 739.60, 751.30
616.51, 736.67, 755.09
613.92, 737.93, 752.28
613.09, 737.37, 751.76
614.02, 739.84, 751.54
612.63, 736.85, 754.38
615.49, 737.36, 752.47
613.12, 739.36, 751.67
615.69, 737.82, 752.71
613.22, 736.97, 751.91
615.26, 740.11, 753.34
614.46, 738.07, 752.71
614.29, 737.09, 752.86
613.09, 737.47, 751.67
615.12, 739.96, 751.67
612.80, 736.78, 751.91
614.72, 737.33, 754.49
614.42, 738.05, 752.25
612.80, 740.25, 751.67
614.42, 736.60, 751.91
612.71, 738.86, 751.32
614.52, 739.72, 754.86
615.52, 738.17, 752.28
614.43, 741.03, 752.71
613.12, 737.57, 751.54
615.84, 737.24, 751.44
611.45, 740.20, 754.36
615.84, 737.82, 752.47
611.35, 737.45, 751.42
615.72, 740.68, 751.79
612.23, 737.36, 752.03
615.72, 738.05, 754.86
612.52, 740.34, 751.91
615.92, 738.05, 753.11
614.92, 737.57, 752.03
613.28, 739.88, 753.57
614.82, 737.09, 752.25
613.86, 737.95, 752.47
613.89, 739.21, 751.33
614.46, 738.07, 752.00
612.97, 736.90, 752.82
614.12, 737.56, 754.01
616.61, 740.13, 751.79
612.54, 737.45, 753.11
616.71, 738.18, 752.14
613.12, 739.57, 754.38
613.82, 737.09, 751.54
614.53, 738.65, 753.06
613.42, 738.86, 752.28
614.24, 738.30, 752.71
614.35, 737.45, 754.38
614.29, 737.69, 752.64
613.59, 739.99, 752.71
613.89, 737.93, 752.52
612.52, 736.89, 754.51
614.82, 739.98, 752.52
611.94, 735.98, 752.35
613.11, 738.07, 752.03
614.82, 736.25, 750.20
611.94, 739.32, 756.74
614.72, 736.25, 752.40
612.23, 737.83, 753.30
615.02, 736.97, 752.64
614.62, 740.20, 754.63
613.38, 736.78, 752.85
615.02, 736.97, 753.26
613.66, 740.22, 753.30
615.12, 736.61, 754.14
612.73, 736.73, 752.89
615.26, 739.99, 752.61
614.82, 738.07, 751.91
613.47, 736.78, 755.68
614.52, 737.80, 752.77
613.19, 740.13, 752.97
614.32, 737.09, 753.11
611.25, 737.44, 754.64
612.13, 739.67, 753.18
615.42, 737.21, 752.77
615.55, 737.82, 752.61
612.46, 739.72, 755.23
613.60, 736.97, 752.52
613.01, 738.05, 752.50
614.22, 737.81, 753.01
612.99, 739.53, 755.32
