Measurement Started!
0,0,0,0,0,0,0
10.00, 0.00, 0.00, 0.00, 0.00, 0.00, 0.00, -0.02, -0.10, -0.12
21.00, 0.00, 0.78, 0.00, 0.00, 75.77, 0.00, -0.01, -0.09, -0.12
31.00, 1.94, 1.93, 0.00, 181.73, 93.95, 0.00, -0.05, -0.11, 0.00
43.00, 3.06, 2.94, 0.00, 98.22, 93.27, 0.00, 2.92, -2.19, 2.31
53.00, 3.88, 3.79, 0.00, 77.25, 77.87, 0.00, 0.06, -1.25, 17.69
63.00, 4.72, 4.64, 0.00, 78.32, 80.25, 0.00, -4.09, 1.37, 35.63
74.00, 5.47, 5.33, 0.00, 68.18, 64.98, 0.00, -0.12, 1.05, 48.88
86.00, 6.01, 6.01, 0.00, 47.99, 59.53, 0.00, -2.54, -0.38, 57.25
99.00, 6.65, 6.54, 0.00, 57.33, 47.71, 0.00, -0.39, -0.31, 69.25
111.00, 7.18, 7.14, 0.00, 40.37, 45.23, 0.00, 0.78, -0.23, 89.81
124.00, 7.74, 7.63, 0.00, 43.40, 37.88, 0.00, 1.03, 0.09, 93.81
135.00, 8.13, 8.11, 0.00, 33.32, 42.14, 0.00, 0.43, -1.96, 100.06
148.00, 8.44, 8.38, 0.00, 25.97, 22.73, 0.00, -0.76, -1.78, 104.94
161.00, 8.87, 8.67, 0.00, 32.08, 21.85, 0.00, 0.29, -1.56, 110.75
174.00, 9.17, 8.99, 0.00, 22.46, 23.36, 0.00, 0.53, -0.79, 123.06
186.00, 9.41, 9.23, 0.00, 19.80, 19.88, 0.00, -3.79, -1.20, 126.87
199.00, 9.63, 9.45, 0.00, 18.31, 18.45, 0.00, 1.27, 0.02, 126.87
213.00, 9.71, 9.69, 0.00, 5.61, 16.67, 0.00, -1.26, -0.92, 142.69
225.00, 9.47, 9.93, 0.00, -18.20, 18.77, 0.00, -1.16, 2.63, 139.94
237.00, 10.02, 10.07, 0.00, 45.11, 10.84, 0.00, 2.12, 4.56, 135.44
252.00, 10.17, 10.29, 0.00, 12.40, 17.79, 0.00, -5.88, -3.35, 135.44
265.00, 10.41, 10.37, 0.00, 16.42, 5.29, 0.00, -3.82, -3.93, 145.31
277.00, 10.51, 10.45, 0.00, 8.28, 6.54, 0.00, 6.60, -2.35, 142.31
289.00, 10.66, 10.42, 0.00, 11.29, -2.14, 0.00, 1.71, 0.40, 144.38
303.00, 10.74, 10.60, 0.00, 6.82, 14.33, 0.00, 0.55, -2.72, 151.69
315.00, 10.79, 10.18, 0.00, 3.74, -30.97, 0.00, -5.23, -3.33, 148.81
328.00, 10.77, 10.72, 0.00, -1.80, 42.99, 0.00, 1.23, -0.53, 146.81
341.00, 10.84, 10.86, 0.00, 5.76, 10.86, 0.00, -3.82, 1.64, 157.06
354.00, 10.81, 10.85, 0.00, -2.34, 0.00, 0.00, 4.95, -1.31, 148.94
367.00, 10.92, 11.07, 0.00, 8.28, 16.63, 0.00, -0.25, -1.95, 145.69
380.00, 10.49, 10.60, 0.00, -33.71, -35.61, 0.00, 2.53, 2.02, 159.31
393.00, 11.09, 11.07, 0.00, 46.54, 36.42, 0.00, 3.19, 0.43, 160.56
405.00, 11.12, 11.05, 0.00, 2.22, 0.00, 0.00, -2.21, -2.72, 147.63
418.00, 11.20, 11.06, 0.00, 6.25, 0.00, 0.00, 0.67, -1.81, 160.56
442.00, 11.23, 11.09, 0.00, 1.53, 1.51, 0.00, -3.81, -2.62, 158.06
455.00, 11.19, 11.11, 0.00, -2.94, 0.00, 0.00, -0.38, 2.74, 162.06
469.00, 11.14, 11.30, 0.00, -3.93, 15.32, 0.00, -1.98, 0.32, 159.44
481.00, 11.17, 11.29, 0.00, 2.23, 0.00, 0.00, -0.95, 3.18, 153.75
494.00, 11.23, 11.34, 0.00, 4.62, 4.27, 0.00, -0.92, -0.50, 161.44
507.00, 11.33, 11.23, 0.00, 7.92, -8.70, 0.00, -0.07, -2.95, 161.44
521.00, 11.42, 11.25, 0.00, 7.08, 0.00, 0.00, 2.06, -2.15, 153.06
533.00, 11.40, 11.18, 0.00, 0.00, -5.05, 0.00, -1.56, -5.02, 161.63
546.00, 11.29, 11.25, 0.00, -8.72, 5.99, 0.00, -2.51, 3.06, 162.31
561.00, 11.32, 11.24, 0.00, 2.23, 0.00, 0.00, -0.83, -2.46, 159.75
574.00, 10.37, 11.29, 0.00, -66.99, 4.16, 0.00, -7.22, -0.56, 160.38
587.00, 11.25, 11.38, 0.00, 62.71, 6.29, 0.00, -1.62, 3.64, 155.19
602.00, 11.29, 11.37, 0.00, 3.49, 0.00, 0.00, -2.41, -2.62, 151.81
615.00, 11.38, 11.36, 0.00, 5.92, 0.00, 0.00, 10.73, 2.58, 166.88
627.00, 11.44, 11.25, 0.00, 4.40, -8.07, 0.00, 6.97, -1.20, 154.44
641.00, 11.50, 11.28, 0.00, 4.53, 1.96, 0.00, -4.24, -3.93, 156.81
655.00, 11.45, 11.10, 0.00, -3.54, -13.71, 0.00, -0.07, -2.83, 162.31
667.00, 11.30, 10.94, 0.00, -10.53, -11.48, 0.00, -0.62, -0.93, 164.25
681.00, 11.34, 11.31, 0.00, 2.76, 28.83, 0.00, -1.49, 0.48, 163.31
693.00, 11.32, 11.35, 0.00, -1.63, 3.01, 0.00, 1.55, -0.10, 160.00
706.00, 11.30, 11.42, 0.00, 0.00, 5.55, 0.00, 1.02, 0.15, 155.69
719.00, 11.40, 11.38, 0.00, 7.92, -3.21, 0.00, 2.12, -0.54, 154.88
732.00, 11.47, 11.34, 0.00, 5.32, -2.93, 0.00, 0.07, -0.69, 160.56
745.00, 11.48, 11.38, 0.00, 0.00, 2.90, 0.00, 3.20, -0.54, 160.56
757.00, 11.52, 11.28, 0.00, 3.40, -7.03, 0.00, -1.60, -7.40, 161.94
772.00, 11.49, 11.32, 0.00, -2.65, 2.42, 0.00, 0.40, 3.76, 169.19
784.00, 11.36, 11.29, 0.00, -9.01, -1.84, 0.00, 2.13, 4.69, 169.06
797.00, 11.39, 11.34, 0.00, 2.18, 3.99, 0.00, 4.64, 7.64, 158.88
811.00, 11.40, 11.42, 0.00, 0.00, 6.10, 0.00, -1.11, 1.01, 160.44
825.00, 10.87, 11.38, 0.00, -38.63, -2.70, 0.00, -0.27, 1.72, 161.94
838.00, 11.59, 11.37, 0.00, 49.93, 0.00, 0.00, -2.44, 2.69, 158.13
853.00, 11.48, 11.34, 0.00, -8.10, -2.09, 0.00, 2.18, 0.36, 161.56
866.00, 11.41, 11.29, 0.00, -5.04, -3.48, 0.00, 4.85, -5.34, 163.25
879.00, 11.67, 11.29, 0.00, 19.75, 0.00, 0.00, 0.01, 2.59, 167.00
892.00, 11.47, 11.34, 0.00, -16.16, 4.59, 0.00, 2.79, 0.71, 164.31
906.00, 11.42, 11.35, 0.00, -3.77, 0.00, 0.00, -6.74, -1.35, 160.75
918.00, 11.38, 11.39, 0.00, -3.33, 2.47, 0.00, -4.44, 4.09, 157.31
930.00, 11.41, 11.35, 0.00, 2.51, -2.97, 0.00, 0.71, 1.85, 152.44
944.00, 11.38, 11.45, 0.00, -2.48, 8.28, 0.00, -1.35, -3.39, 155.75
957.00, 11.49, 11.37, 0.00, 9.27, -6.25, 0.00, 0.64, 1.89, 160.63
969.00, 11.56, 11.29, 0.00, 5.01, -6.19, 0.00, 3.58, -7.36, 158.81
983.00, 11.59, 10.81, 0.00, 2.42, -37.51, 0.00, -1.77, -3.90, 164.06
996.00, 11.48, 11.31, 0.00, -8.48, 38.59, 0.00, 0.16, 0.79, 167.94
1008.00, 11.47, 10.79, 0.00, 0.00, -39.16, 0.00, -0.91, -7.20, 158.69
1023.00, 11.41, 11.47, 0.00, -5.24, 52.41, 0.00, -0.60, 5.33, 158.25
1036.00, 10.94, 10.54, 0.00, -31.72, -63.76, 0.00, -1.76, -1.86, 161.31
1049.00, 11.44, 11.42, 0.00, 37.22, 66.43, 0.00, -1.29, -2.97, 150.94
1065.00, 11.48, 11.41, 0.00, 3.38, 0.00, 0.00, 1.48, 3.69, 156.69
1078.00, 11.56, 11.34, 0.00, 5.10, -4.31, 0.00, -1.85, 2.55, 167.94
1090.00, 11.50, 11.28, 0.00, -4.26, -4.58, 0.00, -2.98, -5.86, 162.63
1106.00, 11.46, 11.33, 0.00, -3.18, 3.85, 0.00, 1.47, 1.29, 164.56
1118.00, 11.43, 11.34, 0.00, -2.12, 0.00, 0.00, -6.18, -1.07, 166.81
1131.00, 11.25, 11.41, 0.00, -14.31, 5.33, 0.00, 7.45, 4.78, 164.00
1143.00, 11.49, 11.37, 0.00, 18.96, -2.77, 0.00, -4.32, 2.95, 159.00
1158.00, 11.38, 11.50, 0.00, -8.74, 9.66, 0.00, -0.03, 3.12, 153.00
1171.00, 11.47, 11.36, 0.00, 6.60, -9.69, 0.00, -1.48, 2.59, 159.50
1183.00, 11.34, 10.88, 0.00, -9.90, -36.75, 0.00, -0.26, 0.90, 162.94
1197.00, 11.68, 11.29, 0.00, 26.97, 32.03, 0.00, 5.24, -6.14, 165.06
1210.00, 11.46, 11.11, 0.00, -16.62, -13.97, 0.00, -0.94, -0.77, 163.63
1224.00, 11.44, 11.52, 0.00, -1.57, 31.80, 0.00, 1.88, 5.87, 169.13
1238.00, 11.34, 11.35, 0.00, -7.06, -11.69, 0.00, -2.99, -0.30, 163.38
1251.00, 11.41, 11.41, 0.00, 5.48, 4.68, 0.00, -1.81, 1.05, 159.88
1266.00, 11.43, 11.44, 0.00, 1.84, 2.69, 0.00, 5.12, 0.42, 155.25
1280.00, 11.39, 11.02, 0.00, -2.59, -28.27, 0.00, 12.06, -0.87, 152.56
1292.00, 11.50, 11.38, 0.00, 7.76, 26.99, 0.00, 1.47, 3.04, 157.56
1307.00, 11.56, 11.36, 0.00, 4.70, -1.58, 0.00, -1.37, 1.54, 160.19
1320.00, 11.46, 11.36, 0.00, -6.29, 0.00, 0.00, -1.16, 0.06, 167.94
1333.00, 11.51, 11.31, 0.00, 3.33, -4.13, 0.00, 4.95, 6.00, 174.06
1345.00, 11.47, 11.38, 0.00, -2.88, 5.54, 0.00, -3.68, -4.25, 165.31
1359.00, 11.42, 11.42, 0.00, -3.98, 2.79, 0.00, 0.94, 7.76, 160.44
1372.00, 11.45, 11.45, 0.00, 2.05, 2.34, 0.00, 0.40, -1.20, 162.75
1385.00, 11.48, 11.41, 0.00, 2.86, -2.84, 0.00, -1.47, -6.29, 156.75
1398.00, 11.35, 11.44, 0.00, -9.96, 1.88, 0.00, 10.93, 1.59, 149.31
1411.00, 11.66, 11.34, 0.00, 23.41, -7.67, 0.00, 0.34, -4.73, 168.19
1426.00, 11.59, 11.30, 0.00, -5.64, -2.92, 0.00, -5.63, -4.33, 166.00
1450.00, 11.48, 11.40, 0.00, -4.91, 4.26, 0.00, 5.09, 4.83, 171.75
1464.00, 11.45, 11.43, 0.00, -1.83, 2.10, 0.00, 4.02, 1.85, 160.44
1478.00, 11.46, 11.47, 0.00, 0.00, 2.92, 0.00, -2.60, 0.68, 160.69
1491.00, 11.42, 11.02, 0.00, -2.63, -30.98, 0.00, -0.31, -7.51, 154.13
1506.00, 11.47, 11.45, 0.00, 4.44, 33.26, 0.00, 7.42, -0.17, 149.38
1519.00, 11.53, 11.36, 0.00, 3.86, -6.34, 0.00, 0.68, 4.13, 170.94
1533.00, 11.55, 11.35, 0.00, 0.00, 0.00, 0.00, -2.45, -5.00, 165.50
1545.00, 11.55, 11.38, 0.00, 0.00, 2.33, 0.00, -3.85, -1.92, 166.75
1559.00, 11.51, 11.38, 0.00, -2.87, 0.00, 0.00, 7.20, 3.58, 168.25
1572.00, 11.44, 11.41, 0.00, -5.14, 2.31, 0.00, 0.27, 1.90, 153.94
1585.00, 11.46, 11.46, 0.00, 0.00, 3.66, 0.00, -4.40, 2.62, 158.00
1597.00, 11.46, 11.46, 0.00, 0.00, 0.00, 0.00, 1.30, 1.30, 161.31
1610.00, 11.36, 11.46, 0.00, -7.84, 0.00, 0.00, 0.39, -11.13, 147.63
1624.00, 11.64, 11.42, 0.00, 21.19, -2.54, 0.00, -1.95, 2.44, 159.06
1637.00, 11.08, 11.31, 0.00, -41.14, -7.78, 0.00, 4.09, -4.66, 172.63
1650.00, 11.53, 11.43, 0.00, 33.99, 8.69, 0.00, -3.62, -2.26, 164.31
1664.00, 11.47, 11.39, 0.00, -4.44, -2.45, 0.00, 1.79, 2.67, 170.56
1679.00, 11.45, 11.43, 0.00, 0.00, 2.72, 0.00, -3.77, -6.49, 171.63
1691.00, 11.35, 11.48, 0.00, -7.35, 3.56, 0.00, 0.04, 3.39, 160.13
1706.00, 11.41, 11.47, 0.00, 5.13, 0.00, 0.00, 0.94, 1.10, 155.13
1720.00, 10.58, 11.46, 0.00, -58.59, 0.00, 0.00, -0.39, -9.02, 150.25
1732.00, 11.47, 11.40, 0.00, 64.19, -4.09, 0.00, -4.92, -3.17, 158.19
1746.00, 11.47, 11.36, 0.00, 0.00, -2.82, 0.00, 3.98, -3.00, 173.69
1760.00, 11.57, 11.37, 0.00, 7.45, 0.00, 0.00, -2.58, -5.09, 164.75
1772.00, 11.44, 11.38, 0.00, -9.35, 0.00, 0.00, 4.00, 1.26, 170.63
1786.00, 11.41, 11.43, 0.00, -2.00, 4.23, 0.00, 0.01, -4.40, 174.13
1798.00, 11.40, 11.46, 0.00, 0.00, 2.68, 0.00, -2.11, 2.00, 164.56
1811.00, 11.43, 11.47, 0.00, 2.46, 0.00, 0.00, -0.63, 4.28, 154.31
1824.00, 11.45, 11.45, 0.00, 0.00, 0.00, 0.00, -6.81, -5.93, 153.50
1837.00, 11.48, 11.43, 0.00, 2.08, -1.81, 0.00, 11.30, -0.81, 149.06
1850.00, 11.47, 11.40, 0.00, 0.00, -2.18, 0.00, 1.53, 1.99, 164.69
1863.00, 11.03, 11.37, 0.00, -33.09, -2.24, 0.00, -1.53, -1.60, 168.50
1879.00, 11.43, 11.36, 0.00, 30.85, 0.00, 0.00, 0.45, -2.37, 167.25
1891.00, 11.52, 11.43, 0.00, 6.11, 4.14, 0.00, 1.96, 0.94, 171.31
1904.00, 11.48, 11.40, 0.00, -3.40, -1.76, 0.00, -2.93, -0.49, 160.00
1920.00, 11.46, 11.46, 0.00, -1.53, 4.02, 0.00, 2.99, 2.97, 158.50
1932.00, 10.64, 11.47, 0.00, -54.77, 0.00, 0.00, -0.10, 0.48, 153.38
1945.00, 11.50, 11.44, 0.00, 66.43, -2.63, 0.00, 6.33, -0.48, 144.88
1960.00, 11.55, 11.44, 0.00, 4.32, 0.00, 0.00, 3.72, -0.95, 152.63
1973.00, 11.54, 11.37, 0.00, 0.00, -4.39, 0.00, 0.97, -3.19, 169.81
1985.00, 11.60, 11.39, 0.00, 4.69, 0.00, 0.00, 0.45, -1.11, 168.06
1999.00, 11.51, 11.43, 0.00, -6.75, 2.79, 0.00, 0.21, 4.01, 169.69
2012.00, 11.44, 11.47, 0.00, -5.41, 2.82, 0.00, -0.85, -5.94, 159.06
2025.00, 11.45, 11.47, 0.00, 0.00, 0.00, 0.00, -0.23, 4.11, 158.31
2037.00, 11.53, 11.44, 0.00, 6.04, -2.47, 0.00, -0.84, -1.13, 153.69
2051.00, 11.47, 11.49, 0.00, -4.85, 4.44, 0.00, 1.45, -0.85, 147.63
2064.00, 11.51, 11.42, 0.00, 3.43, -5.54, 0.00, 2.36, -0.23, 170.94
2078.00, 11.54, 11.41, 0.00, 1.74, 0.00, 0.00, -3.37, -1.61, 173.81
2092.00, 11.59, 11.37, 0.00, 3.53, -3.03, 0.00, -1.66, -5.53, 165.69
2104.00, 11.58, 11.36, 0.00, 0.00, 0.00, 0.00, 2.14, 3.51, 173.00
2118.00, 11.53, 11.49, 0.00, -3.70, 9.84, 0.00, -0.59, 2.98, 163.00
2133.00, 11.12, 11.48, 0.00, -27.88, 0.00, 0.00, -1.34, -3.93, 157.00
2145.00, 11.51, 11.49, 0.00, 28.58, 0.00, 0.00, -0.27, -1.69, 150.81
2160.00, 11.47, 11.42, 0.00, -3.66, -5.27, 0.00, 3.15, -1.47, 144.31
2174.00, 11.55, 11.03, 0.00, 5.39, -26.37, 0.00, -0.54, -2.76, 171.94
2186.00, 11.58, 11.39, 0.00, 2.57, 27.36, 0.00, -0.58, -4.25, 172.25
2199.00, 11.53, 11.37, 0.00, -3.67, -1.58, 0.00, -0.21, -2.13, 166.13
2213.00, 11.56, 11.50, 0.00, 2.28, 10.22, 0.00, -0.54, -1.42, 172.06
2226.00, 11.40, 11.42, 0.00, -11.95, -5.59, 0.00, 1.84, 2.34, 165.69
2239.00, 11.56, 11.48, 0.00, 11.58, 4.33, 0.00, -2.82, -3.50, 160.25
2252.00, 11.51, 11.48, 0.00, -3.77, 0.00, 0.00, -2.62, 1.25, 152.06
2266.00, 11.51, 11.41, 0.00, 0.00, -4.72, 0.00, 1.29, -0.03, 143.81
2280.00, 11.54, 11.44, 0.00, 2.11, 1.64, 0.00, -2.32, -0.32, 153.38
2293.00, 11.52, 10.97, 0.00, 0.00, -32.12, 0.00, -4.04, 3.36, 167.56
2308.00, 11.54, 11.37, 0.00, 1.76, 30.19, 0.00, 1.84, -5.70, 161.50
2322.00, 11.59, 11.41, 0.00, 3.60, 2.93, 0.00, -2.47, -2.21, 168.50
2334.00, 11.49, 11.01, 0.00, -7.10, -27.48, 0.00, 1.37, 3.94, 174.38
2348.00, 11.46, 11.43, 0.00, -2.76, 32.05, 0.00, -3.29, -0.62, 160.94
2362.00, 11.54, 11.54, 0.00, 6.86, 8.21, 0.00, 0.26, 0.86, 151.81
2375.00, 11.53, 11.46, 0.00, 0.00, -5.57, 0.00, 2.05, 0.20, 148.13
2388.00, 11.50, 11.41, 0.00, -1.83, -3.59, 0.00, -1.37, 4.48, 146.38
2401.00, 11.55, 11.40, 0.00, 3.95, 0.00, 0.00, 0.62, -1.39, 166.50
2414.00, 11.53, 11.43, 0.00, -1.69, 1.84, 0.00, -5.36, -0.93, 169.31
2428.00, 11.62, 11.40, 0.00, 6.70, -2.16, 0.00, 2.58, -0.82, 169.44
2451.00, 11.53, 11.43, 0.00, -4.00, 1.67, 0.00, 3.98, 5.65, 170.06
2464.00, 11.53, 11.47, 0.00, 0.00, 2.36, 0.00, 5.90, 0.03, 158.25
2478.00, 11.63, 11.46, 0.00, 7.77, 0.00, 0.00, 3.17, -1.86, 149.81
2491.00, 11.54, 10.96, 0.00, -6.04, -35.94, 0.00, 0.42, 5.36, 145.88
2504.00, 11.61, 11.41, 0.00, 5.15, 34.68, 0.00, -9.45, -1.02, 167.69
2518.00, 11.57, 11.43, 0.00, -2.80, 1.62, 0.00, -9.22, -3.27, 172.50
2533.00, 11.61, 11.44, 0.00, 2.93, 0.00, 0.00, 4.43, -3.12, 170.69
2545.00, 11.62, 11.42, 0.00, 0.00, 0.00, 0.00, -2.85, 2.71, 171.50
2560.00, 11.53, 11.47, 0.00, -7.05, 3.27, 0.00, 5.22, -0.24, 164.81
2574.00, 11.42, 11.49, 0.00, -7.64, 1.48, 0.00, -0.22, -3.24, 158.69
2586.00, 11.75, 11.47, 0.00, 24.29, 0.00, 0.00, 2.98, -2.74, 152.38
2600.00, 11.52, 11.42, 0.00, -18.53, -4.09, 0.00, 1.43, 4.09, 146.81
2614.00, 11.61, 11.44, 0.00, 7.07, 0.00, 0.00, -3.82, 0.28, 169.69
2626.00, 11.57, 11.43, 0.00, -2.90, 0.00, 0.00, -5.92, -1.60, 175.19
2640.00, 11.59, 11.42, 0.00, 0.00, 0.00, 0.00, -1.69, -3.72, 168.38
2652.00, 11.66, 11.43, 0.00, 5.73, 0.00, 0.00, -0.61, -0.87, 168.25
2665.00, 11.59, 11.47, 0.00, -5.19, 3.10, 0.00, 2.73, 3.61, 170.06
2678.00, 11.61, 11.47, 0.00, 0.00, 0.00, 0.00, -1.73, -0.37, 159.88
2692.00, 11.63, 11.44, 0.00, 1.60, -2.39, 0.00, 2.53, -3.46, 147.06
2704.00, 11.53, 11.43, 0.00, -7.90, 0.00, 0.00, 1.74, 0.09, 145.75
2717.00, 11.62, 11.47, 0.00, 6.96, 2.67, 0.00, 6.16, 1.36, 162.94
2732.00, 11.50, 11.44, 0.00, -9.15, -1.91, 0.00, -3.00, -0.22, 169.00
2745.00, 11.69, 11.41, 0.00, 12.96, -2.26, 0.00, -2.13, -3.15, 170.06
2759.00, 11.65, 11.44, 0.00, -2.75, 2.41, 0.00, 0.45, -0.29, 171.13
2774.00, 11.59, 11.47, 0.00, -4.59, 2.20, 0.00, -0.83, 3.02, 173.81
2787.00, 11.60, 11.04, 0.00, 0.00, -30.00, 0.00, -5.53, -3.18, 161.00
2799.00, 11.52, 11.48, 0.00, -5.72, 33.63, 0.00, 2.34, -3.28, 153.69
2814.00, 11.60, 11.40, 0.00, 5.85, -6.06, 0.00, 4.86, -0.36, 148.56
2827.00, 11.60, 11.41, 0.00, 0.00, 0.00, 0.00, 6.84, -2.75, 153.75
2839.00, 11.58, 11.41, 0.00, -1.78, 0.00, 0.00, 3.54, 3.61, 168.75
2853.00, 11.64, 11.30, 0.00, 5.44, -8.60, 0.00, -8.62, -3.75, 171.00
2866.00, 11.42, 11.55, 0.00, -17.32, 19.44, 0.00, 4.16, -1.85, 170.88
2880.00, 11.72, 11.47, 0.00, 22.22, -5.90, 0.00, 0.94, -1.71, 173.56
2892.00, 11.59, 11.48, 0.00, -9.60, 0.00, 0.00, 3.88, 5.38, 175.63
2906.00, 11.65, 11.49, 0.00, 4.92, 0.00, 0.00, 0.99, 0.25, 149.81
2918.00, 11.55, 11.42, 0.00, -7.83, -5.64, 0.00, 0.37, -2.85, 146.69
2933.00, 11.64, 11.41, 0.00, 7.04, 0.00, 0.00, 3.10, 5.90, 145.25
2946.00, 11.59, 11.43, 0.00, -3.61, 0.00, 0.00, -5.65, -9.24, 165.88
2959.00, 11.58, 11.41, 0.00, 0.00, -1.65, 0.00, -1.83, 0.11, 170.69
2973.00, 11.59, 11.40, 0.00, 0.00, 0.00, 0.00, -2.46, -0.24, 170.56
2987.00, 11.61, 10.56, 0.00, 1.87, -58.11, 0.00, -0.67, -2.44, 176.94
3000.00, 11.59, 11.50, 0.00, -2.00, 70.08, 0.00, 4.87, 4.74, 177.81
3014.00, 11.65, 11.46, 0.00, 4.57, -3.78, 0.00, -5.54, -2.60, 167.31
3028.00, 11.60, 11.43, 0.00, -2.75, -1.42, 0.00, 4.32, 1.61, 140.69
3040.00, 11.67, 11.40, 0.00, 5.13, -2.34, 0.00, -3.49, 1.99, 141.31
3053.00, 11.59, 11.40, 0.00, -6.48, 0.00, 0.00, 11.63, 1.38, 156.00
3067.00, 11.66, 11.41, 0.00, 5.38, 0.00, 0.00, -4.87, -2.19, 167.50
3080.00, 11.60, 11.44, 0.00, -4.21, 1.91, 0.00, 0.24, 0.55, 167.94
3092.00, 11.61, 10.98, 0.00, 0.00, -34.84, 0.00, 1.40, 0.92, 176.44
3105.00, 11.57, 11.45, 0.00, -2.61, 36.27, 0.00, -0.51, 1.91, 176.38
3119.00, 11.67, 11.48, 0.00, 7.41, 2.85, 0.00, -1.43, -1.13, 160.13
3133.00, 11.42, 11.46, 0.00, -18.89, -2.11, 0.00, 4.08, -2.60, 148.56
3146.00, 11.80, 11.41, 0.00, 25.17, -3.37, 0.00, 0.94, 0.49, 148.94
3160.00, 11.62, 11.41, 0.00, -13.66, 0.00, 0.00, -5.43, -6.87, 156.81
3175.00, 11.59, 11.37, 0.00, -2.07, -3.38, 0.00, 3.31, 1.14, 162.50
3187.00, 11.62, 11.42, 0.00, 2.24, 3.21, 0.00, 1.83, -1.01, 170.50
3201.00, 11.62, 11.42, 0.00, 0.00, 0.00, 0.00, 0.49, 0.64, 170.75
3215.00, 11.64, 11.47, 0.00, 1.60, 3.75, 0.00, 1.06, -0.20, 176.13
3228.00, 11.22, 11.49, 0.00, -28.39, 0.00, 0.00, -1.58, -4.57, 164.13
3241.00, 11.66, 11.45, 0.00, 34.34, -2.54, 0.00, 3.29, -3.02, 147.38
3254.00, 11.57, 11.35, 0.00, -7.42, -8.15, 0.00, 1.38, 3.00, 140.06
3267.00, 11.65, 11.50, 0.00, 6.69, 11.86, 0.00, -1.63, 1.09, 158.44
3281.00, 11.62, 11.40, 0.00, -2.44, -7.30, 0.00, -0.63, -2.21, 166.25
3294.00, 11.10, 11.44, 0.00, -38.58, 2.93, 0.00, -1.97, 1.15, 172.50
3307.00, 11.63, 11.48, 0.00, 41.19, 3.43, 0.00, 2.34, -0.26, 172.69
3319.00, 11.12, 11.48, 0.00, -38.98, 0.00, 0.00, -1.33, 0.14, 173.44
3335.00, 11.62, 11.48, 0.00, 38.05, 0.00, 0.00, 5.71, 3.57, 174.56
3348.00, 11.60, 11.07, 0.00, 0.00, -28.25, 0.00, -3.33, -4.42, 146.38
3361.00, 11.63, 11.38, 0.00, 2.34, 24.04, 0.00, 3.79, 5.85, 141.63
3376.00, 11.57, 11.39, 0.00, -4.30, 0.00, 0.00, -5.93, -6.98, 147.13
3389.00, 11.17, 11.44, 0.00, -27.80, 2.98, 0.00, -0.65, 0.47, 170.63
3401.00, 11.61, 11.42, 0.00, 33.84, 0.00, 0.00, -1.63, -0.19, 169.31
3417.00, 11.55, 11.44, 0.00, -4.50, 0.00, 0.00, 1.22, -1.57, 171.88
3429.00, 10.75, 11.48, 0.00, -53.86, 2.82, 0.00, 1.81, 0.33, 176.94
3454.00, 11.62, 11.48, 0.00, 41.88, 0.00, 0.00, -2.09, -5.31, 163.06
3468.00, 11.63, 11.49, 0.00, 0.00, 0.00, 0.00, 6.23, -3.35, 139.63
3480.00, 11.18, 10.95, 0.00, -32.34, -39.24, 0.00, -6.47, -7.61, 144.63
3494.00, 11.59, 11.43, 0.00, 31.32, 36.18, 0.00, -0.01, -0.96, 157.81
3507.00, 11.60, 11.40, 0.00, 0.00, -1.79, 0.00, 2.40, 3.92, 169.38
3519.00, 11.04, 11.47, 0.00, -43.05, 5.12, 0.00, 0.84, 1.34, 170.75
3534.00, 11.63, 11.44, 0.00, 46.14, -2.64, 0.00, 1.58, -1.39, 173.63
3547.00, 11.57, 11.48, 0.00, -4.59, 3.32, 0.00, 0.47, -0.35, 177.50
3560.00, 11.65, 11.51, 0.00, 5.97, 2.03, 0.00, -0.41, -3.35, 162.75
3574.00, 11.69, 11.44, 0.00, 3.40, -5.48, 0.00, 2.36, -2.16, 144.38
3588.00, 11.13, 11.42, 0.00, -38.17, -1.69, 0.00, 1.07, 2.33, 141.69
3601.00, 11.18, 11.40, 0.00, 3.57, 0.00, 0.00, 1.31, -0.17, 159.31
3616.00, 11.60, 11.44, 0.00, 32.80, 3.33, 0.00, 0.26, 2.53, 174.38
3630.00, 10.75, 10.60, 0.00, -57.27, -56.33, 0.00, 0.10, -1.73, 172.56
3643.00, 11.61, 11.42, 0.00, 63.07, 60.45, 0.00, 0.63, 0.40, 174.13
3655.00, 11.50, 11.55, 0.00, -8.07, 9.88, 0.00, -0.03, 1.53, 174.69
3669.00, 11.76, 11.51, 0.00, 20.17, -3.45, 0.00, -3.23, -1.99, 152.81
3682.00, 11.60, 11.48, 0.00, -11.66, -1.99, 0.00, 0.55, -0.31, 144.50
3695.00, 11.58, 11.43, 0.00, -1.99, -3.67, 0.00, -0.37, 1.61, 148.94
3709.00, 11.62, 11.35, 0.00, 3.71, -5.98, 0.00, -3.84, -5.15, 160.63
3722.00, 11.60, 11.47, 0.00, -1.58, 8.64, 0.00, 6.36, 0.10, 163.19
3736.00, 11.58, 11.44, 0.00, -1.78, -2.47, 0.00, -2.01, -1.31, 172.81
3750.00, 11.65, 11.48, 0.00, 4.97, 2.86, 0.00, 3.21, -2.62, 174.56
3763.00, 11.66, 11.53, 0.00, 0.00, 3.70, 0.00, 2.82, 1.04, 174.50
3777.00, 11.61, 11.53, 0.00, -3.41, 0.00, 0.00, -3.82, -0.23, 166.63
3791.00, 11.65, 11.44, 0.00, 2.63, -5.89, 0.00, 5.96, -0.65, 144.00
3803.00, 11.66, 11.45, 0.00, 0.00, 0.00, 0.00, 0.70, -4.41, 142.63
3818.00, 11.59, 11.34, 0.00, -5.90, -8.91, 0.00, -1.04, -0.86, 158.19
3830.00, 11.60, 11.09, 0.00, 0.00, -17.18, 0.00, -1.54, -1.04, 168.63
3844.00, 11.57, 11.53, 0.00, -2.71, 33.90, 0.00, 2.44, -3.02, 174.94
3857.00, 11.60, 11.51, 0.00, 2.30, 0.00, 0.00, 1.19, 0.23, 172.19
3870.00, 11.65, 11.50, 0.00, 4.41, 0.00, 0.00, -0.84, 0.24, 174.19
3883.00, 11.60, 11.53, 0.00, -3.68, 2.18, 0.00, -2.05, 1.45, 162.19
3896.00, 11.65, 11.46, 0.00, 3.78, -5.50, 0.00, -0.17, -0.52, 147.63
3909.00, 11.57, 11.52, 0.00, -6.46, 4.86, 0.00, 3.92, -3.72, 141.19
3922.00, 11.57, 11.41, 0.00, 0.00, -8.51, 0.00, -5.19, -8.94, 162.63
3936.00, 11.63, 11.41, 0.00, 4.63, 0.00, 0.00, 3.22, 2.80, 175.00
3949.00, 10.66, 10.65, 0.00, -66.94, -52.46, 0.00, 0.85, 2.32, 173.44
3963.00, 11.57, 11.49, 0.00, 68.25, 63.23, 0.00, -0.27, 1.22, 172.50
3977.00, 11.62, 11.48, 0.00, 3.43, 0.00, 0.00, -0.49, 0.39, 175.81
3991.00, 11.22, 11.53, 0.00, -27.23, 3.22, 0.00, 1.96, 1.80, 158.25
4004.00, 11.63, 11.51, 0.00, 29.98, 0.00, 0.00, 2.26, -3.33, 141.75
4019.00, 11.63, 11.46, 0.00, 0.00, -4.48, 0.00, 5.07, -0.99, 139.81
4031.00, 11.59, 11.47, 0.00, -2.27, 0.00, 0.00, -4.13, -1.63, 165.19
4044.00, 11.53, 11.43, 0.00, -4.66, -3.19, 0.00, 2.51, 2.65, 172.50
4057.00, 11.62, 11.47, 0.00, 6.72, 3.04, 0.00, 4.50, -0.71, 169.94
4071.00, 11.56, 11.48, 0.00, -4.89, 0.00, 0.00, -1.18, -0.69, 176.13
4083.00, 11.62, 11.52, 0.00, 4.78, 2.42, 0.00, -0.51, -0.05, 179.00
4097.00, 11.68, 11.46, 0.00, 4.56, -4.41, 0.00, 4.18, -0.78, 172.69
4110.00, 11.61, 11.57, 0.00, -5.37, 8.27, 0.00, 1.27, 3.99, 155.31
4122.00, 11.68, 10.99, 0.00, 4.88, -43.41, 0.00, -0.64, -2.98, 140.19
4138.00, 11.53, 11.44, 0.00, -10.92, 34.89, 0.00, -2.98, -4.91, 146.19
4151.00, 10.80, 10.61, 0.00, -49.76, -55.66, 0.00, -6.17, -0.07, 168.44
4164.00, 11.55, 11.47, 0.00, 56.68, 65.05, 0.00, 0.80, -0.33, 175.06
4179.00, 11.62, 11.49, 0.00, 5.29, 0.00, 0.00, 0.69, -2.73, 172.63
4192.00, 11.65, 10.67, 0.00, 2.30, -55.55, 0.00, 3.43, -0.86, 175.06
4205.00, 11.64, 11.54, 0.00, 0.00, 64.92, 0.00, -0.27, 1.23, 165.31
4220.00, 11.58, 11.48, 0.00, -5.02, -4.14, 0.00, -1.71, -0.17, 150.63
4233.00, 10.76, 11.54, 0.00, -55.27, 3.62, 0.00, 2.01, -1.06, 143.31
4246.00, 11.64, 11.46, 0.00, 68.44, -6.03, 0.00, 1.57, -7.51, 156.19
4258.00, 11.60, 11.45, 0.00, -2.95, 0.00, 0.00, -1.90, 0.87, 168.13
4272.00, 11.48, 11.48, 0.00, -9.69, 2.37, 0.00, 2.18, -0.35, 171.75
4285.00, 11.79, 11.52, 0.00, 22.98, 2.59, 0.00, 0.07, -3.18, 174.56
4298.00, 11.18, 11.49, 0.00, -44.21, -1.76, 0.00, -0.57, -4.52, 176.19
4312.00, 11.68, 11.54, 0.00, 38.15, 3.36, 0.00, 2.66, 1.32, 160.56
4326.00, 11.61, 11.56, 0.00, -5.39, 1.63, 0.00, 1.27, 1.88, 149.06
4340.00, 11.69, 11.50, 0.00, 6.17, -4.55, 0.00, -1.23, 1.91, 145.06
4354.00, 11.64, 11.48, 0.00, -3.59, -1.48, 0.00, -1.40, -4.50, 160.25
4368.00, 11.62, 11.44, 0.00, 0.00, -2.72, 0.00, -5.50, 2.72, 164.75
4381.00, 11.61, 10.61, 0.00, 0.00, -58.26, 0.00, 1.90, -0.60, 173.94
4395.00, 11.62, 11.48, 0.00, 0.00, 61.20, 0.00, 1.43, -0.72, 172.25
4408.00, 11.66, 11.53, 0.00, 2.47, 4.05, 0.00, 0.00, 0.81, 174.38
4421.00, 11.63, 11.54, 0.00, -1.76, 0.00, 0.00, -2.55, -1.60, 176.44
4435.00, 11.64, 11.55, 0.00, 0.00, 0.00, 0.00, -3.06, 3.49, 152.81
4458.00, 11.66, 11.48, 0.00, 0.00, -3.63, 0.00, 1.53, 3.48, 144.06
4473.00, 11.65, 11.41, 0.00, 0.00, -3.82, 0.00, -5.83, -5.73, 170.75
4485.00, 11.58, 11.54, 0.00, -4.73, 9.23, 0.00, 0.57, 2.16, 174.38
4498.00, 11.66, 11.47, 0.00, 6.24, -5.56, 0.00, 0.54, -1.11, 173.31
4511.00, 11.58, 11.50, 0.00, -6.19, 1.95, 0.00, -2.11, -1.93, 173.75
4524.00, 11.69, 11.57, 0.00, 8.15, 5.39, 0.00, 1.17, -0.07, 176.88
4538.00, 11.73, 11.50, 0.00, 3.11, -4.95, 0.00, 0.66, -0.46, 162.25
4550.00, 11.66, 11.55, 0.00, -4.83, 3.49, 0.00, -0.28, 2.90, 143.38
4564.00, 11.62, 11.47, 0.00, -3.53, -6.40, 0.00, -1.58, -3.89, 147.38
4578.00, 11.63, 11.43, 0.00, 0.00, -2.65, 0.00, -0.74, 0.40, 164.63
4592.00, 11.60, 11.48, 0.00, -2.31, 3.39, 0.00, 1.01, 2.55, 173.13
4605.00, 11.65, 11.50, 0.00, 3.32, 1.57, 0.00, -2.58, -1.21, 168.06
4620.00, 11.65, 11.49, 0.00, 0.00, 0.00, 0.00, 0.38, 1.10, 171.88
4633.00, 11.67, 11.52, 0.00, 1.42, 1.95, 0.00, -0.47, -0.32, 177.00
4647.00, 11.65, 11.49, 0.00, -1.50, -2.48, 0.00, 3.90, 3.83, 163.56
4659.00, 11.74, 11.54, 0.00, 7.03, 4.09, 0.00, -2.23, 3.72, 148.81
4673.00, 11.70, 11.47, 0.00, -3.68, -5.40, 0.00, -2.44, -1.60, 147.44
4687.00, 11.18, 11.00, 0.00, -36.33, -33.46, 0.00, -9.68, -0.95, 154.00
4700.00, 11.61, 11.48, 0.00, 32.74, 35.99, 0.00, -1.31, 1.79, 173.75
4713.00, 11.62, 11.49, 0.00, 0.00, 0.00, 0.00, -0.58, -0.94, 175.13
4725.00, 11.68, 11.53, 0.00, 5.23, 3.55, 0.00, 2.91, -0.27, 172.69
4740.00, 11.68, 11.50, 0.00, 0.00, -2.47, 0.00, 0.00, 0.46, 172.75
4753.00, 11.66, 11.52, 0.00, -1.68, 0.00, 0.00, 8.21, 3.81, 171.00
4765.00, 11.71, 11.59, 0.00, 4.06, 5.59, 0.00, -4.30, -1.42, 148.63
4781.00, 11.72, 11.49, 0.00, 0.00, -7.67, 0.00, -0.08, -1.49, 143.69
4794.00, 11.69, 10.55, 0.00, -2.24, -64.44, 0.00, -0.96, -2.79, 160.25
4807.00, 11.64, 11.52, 0.00, -3.21, 69.32, 0.00, 0.59, 0.78, 171.94
4822.00, 11.65, 11.52, 0.00, 0.00, 0.00, 0.00, -4.20, -0.57, 170.44
4835.00, 11.61, 11.47, 0.00, -2.71, -3.03, 0.00, -0.61, -3.50, 176.19
4848.00, 11.77, 11.54, 0.00, 12.59, 5.02, 0.00, 0.54, -3.08, 176.38
4861.00, 11.73, 11.43, 0.00, -2.99, -8.50, 0.00, 2.04, 1.35, 168.19
4875.00, 11.68, 11.64, 0.00, -3.92, 16.42, 0.00, -0.52, -0.33, 149.75
4888.00, 11.58, 11.50, 0.00, -7.52, -9.66, 0.00, 1.74, -6.96, 149.44
4901.00, 11.26, 11.49, 0.00, -23.79, 0.00, 0.00, 0.60, 0.74, 150.31
4914.00, 11.65, 11.45, 0.00, 30.25, -2.53, 0.00, -4.08, 2.77, 168.81
4927.00, 11.58, 11.59, 0.00, -5.64, 10.27, 0.00, -1.33, 0.66, 170.94
4943.00, 11.65, 11.50, 0.00, 5.87, -7.07, 0.00, 0.01, 0.57, 174.06
4955.00, 10.78, 11.53, 0.00, -59.14, 2.01, 0.00, 0.86, -1.29, 177.56
4968.00, 11.68, 11.55, 0.00, 68.22, 0.00, 0.00, 10.52, 4.43, 171.88
4983.00, 11.69, 11.05, 0.00, 0.00, -36.83, 0.00, 2.10, 6.91, 159.88
4997.00, 10.80, 11.52, 0.00, -60.84, 31.43, 0.00, 6.44, -4.36, 145.75

