0,0,0,0,0,0,0
10.00, 0.00, 0.00, 0.00, 0.00, 0.00, 0.00, 0.05, 0.07, 0.00
20.00, 0.00, 0.00, 0.00, 0.00, 0.00, 0.00, 0.06, 0.09, -0.06
32.00, 2.01, 1.90, 0.00, 182.01, 163.19, 0.00, 0.01, 0.07, 0.06
43.00, 3.16, 3.04, 0.00, 103.51, 98.34, 0.00, 2.25, 0.62, 1.88
53.00, 4.01, 3.90, 0.00, 76.87, 81.31, 0.00, -3.40, 1.84, 13.81
64.00, 4.82, 4.66, 0.00, 74.69, 68.49, 0.00, -0.72, -1.31, 36.00
76.00, 5.58, 5.51, 0.00, 68.45, 79.23, 0.00, -4.08, -1.74, 52.56
88.00, 6.22, 6.08, 0.00, 57.13, 49.43, 0.00, -1.73, -1.18, 61.25
101.00, 6.84, 6.68, 0.00, 47.83, 46.76, 0.00, 1.03, -0.83, 73.00
113.00, 7.41, 7.32, 0.00, 43.02, 48.15, 0.00, 1.45, -0.26, 84.06
125.00, 7.95, 7.75, 0.00, 45.88, 36.14, 0.00, 1.71, -0.66, 90.12
137.00, 8.26, 8.18, 0.00, 26.61, 36.70, 0.00, -1.80, -1.37, 98.31
151.00, 8.71, 8.54, 0.00, 35.81, 28.82, 0.00, -1.54, -0.25, 103.19
164.00, 8.88, 8.91, 0.00, 11.58, 25.83, 0.00, -1.67, 0.68, 108.69
175.00, 9.24, 9.13, 0.00, 29.75, 18.35, 0.00, -0.71, -1.21, 113.06
189.00, 9.47, 9.44, 0.00, 19.03, 26.02, 0.00, 0.32, -1.24, 118.37
203.00, 9.71, 9.59, 0.00, 17.21, 10.79, 0.00, 0.34, -2.31, 129.94
215.00, 9.97, 9.81, 0.00, 19.00, 16.43, 0.00, 0.23, -0.28, 141.75
228.00, 10.07, 10.04, 0.00, 8.06, 17.94, 0.00, -0.58, 1.23, 141.75
243.00, 9.87, 10.17, 0.00, -14.46, 9.74, 0.00, 2.24, 0.79, 146.56
255.00, 10.41, 10.35, 0.00, 39.35, 12.89, 0.00, -0.91, -1.40, 144.19
268.00, 10.55, 10.49, 0.00, 11.81, 11.10, 0.00, 2.94, 0.64, 138.06
283.00, 10.74, 10.60, 0.00, 14.42, 9.30, 0.00, 2.95, 2.59, 136.88
295.00, 10.24, 10.69, 0.00, -34.48, 5.71, 0.00, -0.53, -3.73, 138.38
307.00, 10.65, 10.73, 0.00, 32.45, 3.37, 0.00, -3.04, -1.11, 142.88
320.00, 10.92, 10.81, 0.00, 21.60, 6.30, 0.00, -1.34, 0.33, 156.19
334.00, 10.89, 10.84, 0.00, -1.81, 2.27, 0.00, 0.34, -0.12, 156.19
346.00, 10.93, 11.01, 0.00, 2.75, 12.22, 0.00, 0.24, 1.02, 155.50
370.00, 11.03, 11.07, 0.00, 4.77, 3.05, 0.00, 1.59, 0.00, 166.13
384.00, 11.13, 11.13, 0.00, 6.62, 3.83, 0.00, 0.52, -4.46, 152.19
396.00, 11.19, 11.19, 0.00, 4.33, 4.80, 0.00, 2.21, 0.41, 143.25
408.00, 11.26, 11.15, 0.00, 5.83, -3.57, 0.00, 1.69, -0.45, 139.69
422.00, 11.18, 11.12, 0.00, -6.71, -2.26, 0.00, 0.55, -4.05, 139.50
434.00, 11.18, 11.20, 0.00, 0.00, 6.39, 0.00, -3.77, -3.55, 172.19
447.00, 11.24, 11.20, 0.00, 4.50, 0.00, 0.00, 0.98, 0.63, 165.19
460.00, 11.26, 11.25, 0.00, 0.00, 4.34, 0.00, -0.69, 1.10, 159.00
472.00, 11.28, 11.28, 0.00, 2.16, 2.62, 0.00, -2.56, 0.01, 161.50
485.00, 11.37, 11.32, 0.00, 7.09, 2.81, 0.00, 1.20, 0.18, 170.13
499.00, 11.42, 11.35, 0.00, 3.58, 2.23, 0.00, -0.29, -3.95, 163.81
511.00, 11.44, 11.22, 0.00, 1.53, -9.83, 0.00, 2.06, -1.73, 149.31
524.00, 11.42, 11.37, 0.00, 0.00, 12.57, 0.00, -1.34, 2.03, 142.81
538.00, 11.33, 11.35, 0.00, -6.80, -1.97, 0.00, -1.90, -3.06, 159.13
552.00, 11.40, 11.32, 0.00, 5.80, -1.92, 0.00, 0.08, 1.43, 169.25
564.00, 10.98, 11.33, 0.00, -29.23, 0.00, 0.00, 1.00, 0.99, 170.13
577.00, 11.43, 11.34, 0.00, 35.31, 0.00, 0.00, -1.29, 1.09, 164.00
592.00, 11.47, 11.33, 0.00, 2.82, 0.00, 0.00, 0.63, -2.32, 160.25
605.00, 11.11, 11.39, 0.00, -24.47, 4.17, 0.00, 4.63, -1.68, 161.63
618.00, 11.54, 11.39, 0.00, 30.93, 0.00, 0.00, 3.20, -1.96, 158.44
633.00, 11.52, 11.33, 0.00, -1.59, -4.61, 0.00, 0.55, -5.04, 151.31
646.00, 11.45, 11.32, 0.00, -4.33, 0.00, 0.00, -1.46, -2.69, 157.56
658.00, 11.54, 11.35, 0.00, 6.70, 2.27, 0.00, 2.58, 2.18, 168.13
672.00, 11.49, 11.38, 0.00, -3.65, 2.28, 0.00, -0.57, -0.63, 166.69
685.00, 11.50, 11.39, 0.00, 0.00, 0.00, 0.00, -1.40, 1.28, 161.56
697.00, 11.54, 11.35, 0.00, 3.09, -2.95, 0.00, -0.88, -1.82, 157.50
711.00, 11.49, 11.42, 0.00, -3.97, 6.05, 0.00, 2.72, 0.07, 157.50
723.00, 11.57, 11.43, 0.00, 5.91, 0.00, 0.00, 3.17, 0.31, 161.19
736.00, 11.58, 11.39, 0.00, 0.00, -2.54, 0.00, -0.45, 2.20, 161.69
749.00, 11.61, 11.39, 0.00, 2.41, 0.00, 0.00, -0.21, -2.70, 153.81
762.00, 11.43, 11.30, 0.00, -13.62, -7.32, 0.00, -0.32, 1.23, 149.88
775.00, 11.66, 11.32, 0.00, 17.96, 1.85, 0.00, -1.70, -5.87, 159.13
787.00, 11.58, 11.39, 0.00, -6.32, 5.21, 0.00, 1.55, 6.60, 171.81
803.00, 11.53, 11.35, 0.00, -3.54, -2.92, 0.00, -0.63, -5.53, 160.81
815.00, 11.15, 11.43, 0.00, -26.02, 5.05, 0.00, 2.16, -0.51, 155.69
828.00, 11.63, 11.39, 0.00, 37.07, -2.56, 0.00, 0.01, -0.16, 161.56
843.00, 11.57, 11.46, 0.00, -4.79, 4.84, 0.00, 0.83, -1.82, 164.69
857.00, 11.61, 11.40, 0.00, 2.80, -3.88, 0.00, -0.27, -2.40, 156.81
869.00, 11.58, 11.36, 0.00, -2.00, -2.58, 0.00, 3.79, 3.46, 152.50
884.00, 11.49, 11.37, 0.00, -6.82, 0.00, 0.00, -3.97, -3.20, 158.06
897.00, 11.51, 10.52, 0.00, 0.00, -58.01, 0.00, 0.82, 1.67, 166.25
909.00, 11.54, 11.43, 0.00, 2.76, 69.46, 0.00, -0.78, -4.30, 165.81
923.00, 11.55, 11.42, 0.00, 0.00, 0.00, 0.00, 3.19, -3.39, 160.44
936.00, 11.57, 11.41, 0.00, 1.64, 0.00, 0.00, 6.52, 2.61, 159.81
949.00, 11.13, 11.46, 0.00, -32.06, 3.35, 0.00, 1.76, -1.30, 163.63
961.00, 11.63, 11.43, 0.00, 38.50, -2.12, 0.00, 2.61, -1.02, 161.25
975.00, 11.51, 11.38, 0.00, -9.40, -4.08, 0.00, 1.36, 0.03, 151.50
987.00, 11.51, 11.38, 0.00, 0.00, 0.00, 0.00, -2.94, -5.28, 159.19
1000.00, 11.56, 11.38, 0.00, 3.57, 0.00, 0.00, 3.39, 2.20, 172.19
1014.00, 11.52, 11.40, 0.00, -2.74, 0.00, 0.00, 0.49, 4.49, 171.56
1026.00, 11.54, 11.44, 0.00, 0.00, 3.67, 0.00, -1.47, -5.44, 158.63
1039.00, 11.11, 11.43, 0.00, -32.64, 0.00, 0.00, 3.52, 1.21, 158.69
1055.00, 11.49, 11.44, 0.00, 28.96, 0.00, 0.00, 1.71, 1.96, 159.63
1067.00, 11.73, 11.38, 0.00, 16.34, -4.02, 0.00, 1.03, -3.25, 157.38
1080.00, 11.47, 11.44, 0.00, -19.67, 4.87, 0.00, 0.22, 1.01, 150.69
1096.00, 11.53, 10.93, 0.00, 3.83, -38.98, 0.00, -2.36, -2.66, 157.31
1109.00, 11.59, 11.41, 0.00, 4.44, 32.11, 0.00, 1.97, 0.60, 168.63
1121.00, 11.49, 11.37, 0.00, -8.06, -2.94, 0.00, -0.03, 0.05, 164.88
1137.00, 11.60, 11.41, 0.00, 8.90, 3.11, 0.00, 0.15, -0.83, 163.88
1149.00, 11.14, 11.45, 0.00, -31.11, 2.71, 0.00, 1.66, -1.39, 152.94
1162.00, 11.62, 11.42, 0.00, 36.33, -2.10, 0.00, 1.32, -0.04, 159.94
1175.00, 11.55, 11.48, 0.00, -4.95, 4.43, 0.00, 0.74, -0.13, 167.13
1188.00, 11.60, 11.43, 0.00, 4.10, -3.89, 0.00, 0.00, -2.98, 153.19
1202.00, 11.55, 11.44, 0.00, -4.04, 0.00, 0.00, -4.17, -2.46, 147.44
1214.00, 11.51, 10.94, 0.00, -3.44, -37.38, 0.00, -1.59, -3.30, 162.31
1229.00, 11.57, 11.41, 0.00, 4.92, 35.45, 0.00, 2.48, 0.25, 170.69
1242.00, 11.61, 11.44, 0.00, 3.00, 2.74, 0.00, -1.60, -1.62, 165.56
1256.00, 11.54, 11.41, 0.00, -5.66, -2.68, 0.00, -0.98, -3.44, 156.50
1270.00, 11.59, 11.01, 0.00, 3.77, -26.60, 0.00, 2.53, 2.03, 156.81
1284.00, 11.62, 11.42, 0.00, 1.96, 30.93, 0.00, -1.68, 0.52, 161.06
1298.00, 11.52, 11.41, 0.00, -6.78, 0.00, 0.00, -0.99, -4.62, 158.50
1311.00, 11.49, 11.42, 0.00, -2.07, 0.00, 0.00, -0.88, -1.30, 161.06
1323.00, 11.61, 11.40, 0.00, 9.62, 0.00, 0.00, 2.28, -3.60, 169.69
1337.00, 11.53, 11.39, 0.00, -6.24, 0.00, 0.00, 2.41, -1.11, 169.69
1351.00, 11.58, 11.38, 0.00, 3.24, 0.00, 0.00, -0.32, -6.48, 161.00
1374.00, 11.57, 11.44, 0.00, 0.00, 3.02, 0.00, 3.45, 2.75, 156.25
1388.00, 11.61, 11.38, 0.00, 2.36, -3.94, 0.00, -0.26, 0.76, 167.44
1401.00, 11.55, 11.52, 0.00, -4.35, 9.90, 0.00, 0.55, -5.16, 167.56
1414.00, 11.58, 11.44, 0.00, 2.28, -5.95, 0.00, 0.98, -0.41, 158.81
1426.00, 11.50, 11.43, 0.00, -5.62, 0.00, 0.00, -0.91, 0.98, 155.69
1440.00, 11.49, 11.35, 0.00, 0.00, -5.57, 0.00, 0.97, -2.80, 167.81
1454.00, 11.59, 11.37, 0.00, 7.49, 0.00, 0.00, -2.91, -0.75, 167.81
1466.00, 11.54, 11.40, 0.00, -3.09, 1.65, 0.00, 2.06, -2.95, 167.50
1480.00, 11.53, 11.40, 0.00, 0.00, 0.00, 0.00, 1.41, -2.84, 155.25
1493.00, 11.62, 11.35, 0.00, 6.69, -3.54, 0.00, 3.62, 3.32, 154.81
1507.00, 11.57, 11.58, 0.00, -4.01, 16.65, 0.00, 0.41, 1.23, 159.88
1521.00, 11.63, 11.42, 0.00, 4.45, -10.58, 0.00, -0.91, -5.78, 161.94
1535.00, 11.48, 11.43, 0.00, -11.72, 0.00, 0.00, 0.23, 6.27, 158.00
1549.00, 11.54, 11.28, 0.00, 4.39, -10.84, 0.00, -0.43, -2.63, 167.94
1562.00, 11.57, 11.35, 0.00, 1.82, 4.90, 0.00, -0.72, -2.34, 166.63
1575.00, 11.63, 11.49, 0.00, 5.10, 11.09, 0.00, 2.91, -1.37, 159.69
1589.00, 11.41, 11.39, 0.00, -17.42, -7.67, 0.00, 2.02, 0.03, 157.38
1602.00, 11.77, 11.44, 0.00, 25.70, 3.52, 0.00, 2.90, 0.70, 154.81
1615.00, 11.65, 11.43, 0.00, -9.38, 0.00, 0.00, -0.15, 0.18, 159.19
1628.00, 11.58, 11.45, 0.00, -5.48, 0.00, 0.00, -0.32, -0.19, 162.50
1641.00, 11.60, 11.42, 0.00, 1.89, -2.17, 0.00, -1.77, 4.10, 155.13
1656.00, 11.51, 11.40, 0.00, -6.77, 0.00, 0.00, -1.49, -3.25, 160.63
1668.00, 11.57, 11.40, 0.00, 4.07, 0.00, 0.00, 0.66, -3.51, 168.44
1680.00, 11.57, 11.33, 0.00, 0.00, -5.32, 0.00, -0.44, -2.44, 160.63
1695.00, 11.61, 11.39, 0.00, 3.43, 4.42, 0.00, 1.31, -0.04, 158.63
1709.00, 11.59, 11.44, 0.00, 0.00, 3.69, 0.00, 0.32, 1.59, 161.63
1721.00, 11.65, 11.43, 0.00, 3.78, 0.00, 0.00, 0.96, -3.51, 157.25
1736.00, 11.59, 11.46, 0.00, -4.94, 2.32, 0.00, 1.74, 0.03, 161.13
1750.00, 11.59, 11.46, 0.00, 0.00, 0.00, 0.00, -2.87, 0.61, 155.81
1762.00, 11.54, 10.97, 0.00, -3.28, -35.71, 0.00, -0.24, -2.59, 160.06
1776.00, 11.54, 11.40, 0.00, 0.00, 33.10, 0.00, 1.18, -3.32, 168.56
1790.00, 11.65, 11.39, 0.00, 7.82, 0.00, 0.00, -2.92, 0.28, 171.00
1802.00, 11.67, 11.39, 0.00, 1.54, 0.00, 0.00, 1.31, -3.43, 157.31
1815.00, 11.61, 11.39, 0.00, -4.33, 0.00, 0.00, 1.29, 0.61, 153.38
1828.00, 11.65, 11.45, 0.00, 2.89, 4.76, 0.00, 2.29, 0.43, 152.25
1841.00, 11.66, 11.43, 0.00, 0.00, 0.00, 0.00, 0.03, -0.92, 163.00
1854.00, 11.57, 11.43, 0.00, -6.99, 0.00, 0.00, 0.26, -0.56, 157.94
1867.00, 11.57, 11.41, 0.00, 0.00, -1.57, 0.00, -1.72, 0.29, 154.50
1880.00, 11.60, 11.39, 0.00, 2.53, 0.00, 0.00, -0.07, -1.22, 166.06
1893.00, 11.63, 11.33, 0.00, 2.59, -4.62, 0.00, -3.31, 1.38, 171.38
1908.00, 11.69, 11.36, 0.00, 4.23, 1.92, 0.00, -4.86, -2.22, 161.06
1921.00, 11.64, 10.98, 0.00, -3.59, -25.20, 0.00, 6.39, -3.43, 152.81
1934.00, 11.22, 11.44, 0.00, -30.77, 34.24, 0.00, 1.93, 1.99, 162.38
1950.00, 11.58, 11.45, 0.00, 26.65, 0.00, 0.00, 0.68, -2.34, 168.94
1962.00, 11.58, 11.48, 0.00, 0.00, 2.15, 0.00, -2.17, 3.25, 155.94
1975.00, 11.60, 11.44, 0.00, 2.31, -3.31, 0.00, -1.88, 0.78, 157.00
1990.00, 11.56, 11.43, 0.00, -3.75, 0.00, 0.00, -0.73, -3.24, 160.44
2003.00, 11.61, 10.95, 0.00, 3.79, -32.23, 0.00, -2.95, 1.11, 172.06
2016.00, 11.60, 11.48, 0.00, 0.00, 41.13, 0.00, -0.97, -3.18, 164.88
2028.00, 11.58, 11.40, 0.00, 0.00, -6.03, 0.00, 1.91, -3.79, 155.38
2042.00, 11.68, 11.46, 0.00, 7.96, 4.12, 0.00, 2.49, 1.91, 158.69
2055.00, 11.57, 11.52, 0.00, -8.19, 4.81, 0.00, -1.94, -0.24, 165.00
2068.00, 11.67, 11.50, 0.00, 7.58, -1.80, 0.00, -0.91, -2.38, 171.94
2082.00, 11.52, 11.47, 0.00, -11.93, -2.36, 0.00, 0.25, 2.38, 158.31
2094.00, 11.54, 11.46, 0.00, 0.00, 0.00, 0.00, -2.46, -0.96, 157.63
2108.00, 11.58, 11.45, 0.00, 2.70, 0.00, 0.00, 0.60, -2.13, 166.31
2122.00, 11.64, 11.40, 0.00, 4.74, -3.41, 0.00, 0.00, -1.60, 163.94
2134.00, 11.68, 11.43, 0.00, 3.19, 2.12, 0.00, 3.96, -0.65, 155.31
2149.00, 11.59, 11.43, 0.00, -7.06, 0.00, 0.00, -1.76, -0.15, 152.50
2163.00, 11.63, 11.51, 0.00, 2.56, 5.16, 0.00, 4.12, 0.16, 162.88
2175.00, 11.59, 11.46, 0.00, -3.02, -3.69, 0.00, -4.19, -0.02, 167.06
2190.00, 11.54, 11.53, 0.00, -4.34, 5.34, 0.00, -4.04, 2.01, 168.38
2204.00, 10.69, 11.49, 0.00, -57.20, -2.37, 0.00, 0.82, -2.71, 165.13
2216.00, 11.59, 11.46, 0.00, 68.95, -2.39, 0.00, -0.09, -2.56, 156.94
2229.00, 11.62, 11.48, 0.00, 2.14, 1.57, 0.00, 2.00, 0.48, 154.25
2242.00, 11.40, 11.45, 0.00, -16.73, -2.09, 0.00, -0.15, -1.73, 157.13
2256.00, 11.81, 11.47, 0.00, 30.46, 0.00, 0.00, 2.46, 1.34, 155.75
2269.00, 11.61, 11.50, 0.00, -15.46, 2.47, 0.00, 2.09, -1.17, 160.06
2282.00, 11.58, 11.54, 0.00, -2.51, 3.04, 0.00, 0.77, -1.33, 163.94
2295.00, 11.56, 11.52, 0.00, 0.00, -1.66, 0.00, -0.37, 0.82, 166.38
2309.00, 11.53, 11.52, 0.00, -2.24, 0.00, 0.00, 2.23, 1.25, 167.56
2322.00, 10.71, 11.46, 0.00, -55.72, -4.51, 0.00, -1.09, -2.84, 159.00
2336.00, 11.63, 11.46, 0.00, 70.36, 0.00, 0.00, 0.69, -2.22, 159.06
2350.00, 11.55, 11.47, 0.00, -6.01, 0.00, 0.00, -0.38, -2.69, 163.00
2363.00, 11.64, 11.50, 0.00, 6.56, 1.83, 0.00, 0.03, 2.35, 149.88
2388.00, 11.62, 11.48, 0.00, -1.36, 0.00, 0.00, -0.59, 0.63, 163.94
2402.00, 11.52, 11.49, 0.00, -6.04, 0.00, 0.00, -1.29, 1.03, 167.19
2415.00, 11.60, 11.52, 0.00, 5.41, 1.86, 0.00, 1.59, -0.04, 169.25
2428.00, 11.54, 11.48, 0.00, -4.35, -2.83, 0.00, 1.84, -0.06, 162.69
2442.00, 11.64, 11.44, 0.00, 7.87, -2.98, 0.00, -1.55, 0.47, 155.69
2455.00, 11.60, 11.40, 0.00, -3.12, -2.66, 0.00, 0.93, -4.80, 155.69
2468.00, 11.66, 11.54, 0.00, 5.20, 10.21, 0.00, 0.68, 3.58, 156.00
2481.00, 11.66, 11.45, 0.00, 0.00, -6.42, 0.00, 0.34, 3.37, 162.38
2494.00, 11.58, 11.51, 0.00, -6.33, 4.48, 0.00, -0.04, -2.05, 165.94
2508.00, 11.61, 11.55, 0.00, 2.67, 3.25, 0.00, 0.45, 3.69, 168.63
2521.00, 11.48, 11.49, 0.00, -9.87, -4.79, 0.00, 5.05, 2.80, 165.25
2534.00, 11.57, 11.47, 0.00, 7.39, 0.00, 0.00, -2.32, -2.66, 155.50
2548.00, 11.54, 11.45, 0.00, -2.13, -1.88, 0.00, 0.35, -4.15, 157.94
2562.00, 11.08, 11.35, 0.00, -34.51, -7.26, 0.00, -1.33, -5.90, 160.63
2575.00, 11.61, 11.44, 0.00, 35.00, 5.73, 0.00, 2.95, -1.08, 158.81
2590.00, 11.51, 11.51, 0.00, -7.91, 5.56, 0.00, 4.89, -2.17, 154.06
2604.00, 11.57, 11.49, 0.00, 4.68, 0.00, 0.00, -2.36, 2.11, 173.13
2616.00, 11.58, 11.05, 0.00, 0.00, -31.75, 0.00, 2.15, -0.39, 171.19
2630.00, 11.48, 11.46, 0.00, -7.91, 30.84, 0.00, -0.34, -2.13, 163.25
2644.00, 11.57, 11.52, 0.00, 6.52, 5.26, 0.00, -1.39, 1.06, 160.75
2656.00, 11.58, 11.48, 0.00, 0.00, -3.03, 0.00, 1.67, -2.60, 163.81
2669.00, 11.59, 11.45, 0.00, 0.00, -2.12, 0.00, -3.61, -4.20, 165.63
2682.00, 11.64, 11.45, 0.00, 3.75, 0.00, 0.00, 0.18, 1.64, 159.69
2695.00, 11.68, 11.47, 0.00, 3.16, 0.00, 0.00, 0.87, -0.68, 156.06
2708.00, 11.60, 11.44, 0.00, -5.71, -2.39, 0.00, 0.99, 0.07, 159.06
2722.00, 11.08, 11.09, 0.00, -39.15, -26.53, 0.00, -1.52, 0.22, 163.25
2735.00, 11.56, 11.45, 0.00, 36.08, 27.64, 0.00, -1.33, 0.57, 166.25
2748.00, 11.58, 11.43, 0.00, 1.80, -1.45, 0.00, -0.39, -2.62, 165.19
2764.00, 11.59, 11.40, 0.00, 0.00, -1.75, 0.00, 0.80, -1.87, 163.50
2776.00, 11.62, 10.93, 0.00, 2.00, -32.28, 0.00, 0.29, 0.00, 163.81
2790.00, 11.67, 11.51, 0.00, 3.43, 44.85, 0.00, -0.16, 1.51, 161.31
2805.00, 11.62, 11.44, 0.00, -2.95, -4.38, 0.00, 0.00, -4.57, 151.63
2817.00, 11.65, 11.45, 0.00, 1.83, 0.00, 0.00, 0.13, 2.86, 160.06
2830.00, 11.63, 11.48, 0.00, -1.88, 2.58, 0.00, 1.07, -1.63, 170.44
2845.00, 11.67, 11.45, 0.00, 3.41, -2.33, 0.00, 0.89, -2.20, 171.44
2857.00, 11.61, 11.42, 0.00, -3.88, -2.36, 0.00, 0.92, 3.48, 161.94
2870.00, 11.70, 11.42, 0.00, 6.67, 0.00, 0.00, 0.21, -1.71, 164.88
2882.00, 11.63, 11.38, 0.00, -5.69, -3.05, 0.00, -1.84, -4.09, 165.38
2896.00, 11.71, 11.41, 0.00, 6.49, 2.22, 0.00, 0.09, 0.26, 163.31
2910.00, 11.67, 11.43, 0.00, -3.03, 1.92, 0.00, 1.94, 1.26, 158.69
2922.00, 11.20, 11.41, 0.00, -34.57, -1.95, 0.00, -2.17, -1.83, 151.25
2936.00, 11.65, 11.44, 0.00, 34.61, 2.81, 0.00, 2.60, -1.29, 165.19
2950.00, 11.67, 11.47, 0.00, 1.58, 1.61, 0.00, -0.17, -0.60, 168.94
2964.00, 11.53, 11.46, 0.00, -10.36, 0.00, 0.00, 1.70, -3.09, 167.13
2978.00, 11.81, 11.41, 0.00, 18.75, -3.33, 0.00, -1.38, -4.58, 162.69
2993.00, 11.72, 11.36, 0.00, -6.93, -3.71, 0.00, -0.78, -5.10, 162.56
3006.00, 11.69, 11.43, 0.00, -2.35, 4.80, 0.00, 1.96, 0.94, 153.75
3019.00, 11.73, 11.44, 0.00, 3.28, 0.00, 0.00, 0.49, 2.25, 150.69
3032.00, 11.53, 11.48, 0.00, -15.45, 3.57, 0.00, 1.72, -0.28, 163.56
3045.00, 11.82, 11.53, 0.00, 21.98, 3.87, 0.00, -0.47, -3.69, 166.50
3059.00, 11.69, 11.50, 0.00, -9.02, -2.67, 0.00, 0.12, 0.81, 164.31
3072.00, 11.63, 11.51, 0.00, -4.52, 0.00, 0.00, -1.12, -1.51, 165.00
3084.00, 11.60, 11.45, 0.00, -2.10, -4.38, 0.00, 1.85, 2.25, 167.38
3098.00, 11.68, 11.43, 0.00, 5.96, -1.55, 0.00, -0.51, -2.91, 152.13
3111.00, 11.62, 11.41, 0.00, -4.81, 0.00, 0.00, 0.24, -0.90, 158.44
3124.00, 11.70, 10.99, 0.00, 6.10, -30.88, 0.00, 2.46, 0.12, 161.81
3137.00, 11.66, 11.45, 0.00, -3.66, 35.42, 0.00, 0.91, 0.88, 159.19
3151.00, 11.62, 11.50, 0.00, -2.65, 4.26, 0.00, 2.14, 2.85, 168.50
3166.00, 11.16, 11.52, 0.00, -33.48, 0.00, 0.00, 0.15, -2.69, 172.88
3178.00, 11.65, 11.50, 0.00, 33.20, 0.00, 0.00, 1.46, 2.47, 161.38
3194.00, 11.67, 11.44, 0.00, 2.03, -4.92, 0.00, -0.29, -3.07, 158.19
3207.00, 11.24, 11.42, 0.00, -29.37, -1.52, 0.00, -1.43, -7.38, 161.38
3220.00, 11.68, 11.36, 0.00, 32.45, -4.11, 0.00, 1.66, 3.67, 164.75
3234.00, 11.77, 11.49, 0.00, 6.89, 10.09, 0.00, 0.33, -0.48, 159.44
3247.00, 11.61, 11.41, 0.00, -12.58, -5.92, 0.00, -1.13, -1.93, 152.56
3260.00, 11.67, 11.56, 0.00, 4.13, 10.28, 0.00, -0.09, -0.20, 162.63
3274.00, 11.68, 11.48, 0.00, 0.00, -5.79, 0.00, -0.10, -2.30, 171.81
3287.00, 11.62, 11.45, 0.00, -4.48, -2.43, 0.00, 0.28, -1.38, 169.13
3299.00, 11.72, 11.47, 0.00, 7.27, 1.67, 0.00, -2.74, -0.37, 161.19
3315.00, 11.64, 11.38, 0.00, -6.39, -6.90, 0.00, -0.27, -7.47, 149.56
3328.00, 11.74, 11.40, 0.00, 6.81, 1.47, 0.00, 1.27, -3.96, 159.00
3341.00, 11.66, 11.41, 0.00, -5.80, 0.00, 0.00, -1.23, 0.90, 160.94
3356.00, 11.61, 11.46, 0.00, -3.72, 4.02, 0.00, 1.00, -5.84, 156.88
3369.00, 11.67, 11.51, 0.00, 3.81, 3.11, 0.00, 1.99, 2.62, 168.88
3392.00, 11.66, 11.51, 0.00, 0.00, 0.00, 0.00, 2.25, -1.73, 161.00
3407.00, 11.62, 11.48, 0.00, -2.91, -1.94, 0.00, -1.49, -2.62, 163.63
3420.00, 11.68, 11.43, 0.00, 4.00, -3.70, 0.00, -0.64, -5.75, 160.31
3432.00, 11.70, 11.41, 0.00, 1.79, 0.00, 0.00, -0.31, -3.61, 161.88
3447.00, 11.66, 11.43, 0.00, -3.12, 0.00, 0.00, 1.84, 1.69, 165.00
3460.00, 11.69, 11.45, 0.00, 2.09, 1.40, 0.00, -0.46, -5.97, 154.13
3472.00, 11.62, 11.45, 0.00, -5.26, 0.00, 0.00, 0.09, -2.37, 149.06
3486.00, 11.68, 11.49, 0.00, 4.89, 2.94, 0.00, 0.39, 0.86, 163.13
3499.00, 11.61, 11.48, 0.00, -5.95, 0.00, 0.00, 0.38, -1.96, 171.81
3512.00, 11.72, 11.45, 0.00, 8.36, -1.82, 0.00, 2.64, -0.55, 169.44
3525.00, 11.64, 11.39, 0.00, -5.78, -4.71, 0.00, -3.18, -3.40, 161.94
3539.00, 11.70, 11.35, 0.00, 4.36, -2.82, 0.00, -0.12, -4.73, 159.19
3551.00, 11.19, 11.41, 0.00, -37.15, 4.33, 0.00, 0.92, 1.42, 158.00
3567.00, 11.60, 11.39, 0.00, 30.62, -1.87, 0.00, -0.28, -3.16, 152.44
3580.00, 10.73, 11.46, 0.00, -58.39, 4.81, 0.00, 0.59, 0.86, 167.25
3593.00, 11.58, 11.52, 0.00, 65.47, 4.50, 0.00, 0.56, -3.81, 173.06
3607.00, 11.61, 11.02, 0.00, 1.62, -35.39, 0.00, 1.48, 0.54, 168.25
3621.00, 11.59, 11.46, 0.00, -1.49, 29.79, 0.00, 2.24, -1.71, 164.94
3634.00, 11.66, 11.37, 0.00, 5.44, -6.96, 0.00, -3.57, -1.03, 162.69
3648.00, 11.60, 11.37, 0.00, -4.24, 0.00, 0.00, -0.70, -6.36, 158.25
3661.00, 11.61, 11.39, 0.00, 0.00, 1.97, 0.00, -1.41, 2.30, 164.44
3674.00, 11.64, 11.42, 0.00, 1.78, 1.96, 0.00, 3.25, 1.70, 159.13
3686.00, 11.51, 11.45, 0.00, -9.95, 2.68, 0.00, -3.42, -4.39, 151.00
3700.00, 11.62, 11.45, 0.00, 8.66, 0.00, 0.00, -1.35, 2.58, 174.31
3713.00, 11.59, 11.55, 0.00, -2.35, 7.60, 0.00, 2.16, -0.23, 173.19
3726.00, 11.56, 11.51, 0.00, -1.93, -2.51, 0.00, 2.68, 3.22, 166.63
3740.00, 11.67, 11.41, 0.00, 8.72, -7.53, 0.00, -2.02, 0.10, 155.19
3753.00, 11.66, 11.34, 0.00, 0.00, -5.27, 0.00, 0.30, -4.79, 157.81
3767.00, 11.14, 11.38, 0.00, -40.11, 2.73, 0.00, 2.21, -1.21, 162.94
3781.00, 11.66, 11.43, 0.00, 34.83, 3.52, 0.00, 1.99, -0.13, 163.25
3794.00, 11.59, 11.48, 0.00, -5.71, 3.60, 0.00, -0.63, -1.98, 154.50
3808.00, 11.57, 11.50, 0.00, -1.65, 1.64, 0.00, -0.73, 0.39, 158.81
3821.00, 11.58, 11.51, 0.00, 0.00, 0.00, 0.00, 1.01, 0.79, 169.38
3834.00, 11.61, 11.48, 0.00, 2.79, -2.45, 0.00, 1.05, -1.95, 161.56
3849.00, 11.64, 11.39, 0.00, 2.35, -7.39, 0.00, -0.72, -2.03, 155.69
3861.00, 11.69, 11.35, 0.00, 3.06, -2.35, 0.00, -1.08, -3.95, 158.56
3875.00, 11.62, 11.39, 0.00, -4.90, 3.16, 0.00, -0.04, 0.53, 165.00
3887.00, 11.68, 11.42, 0.00, 4.56, 2.28, 0.00, -1.07, -1.74, 167.06
3900.00, 11.53, 11.44, 0.00, -11.73, 0.00, 0.00, 0.27, -0.01, 154.75
3914.00, 11.61, 11.47, 0.00, 6.07, 2.79, 0.00, 0.58, 0.87, 153.63
3927.00, 11.57, 11.51, 0.00, -3.34, 2.89, 0.00, 1.31, -1.52, 165.13
3940.00, 11.66, 11.49, 0.00, 6.95, -1.60, 0.00, 0.68, -1.78, 171.06
3954.00, 11.67, 11.40, 0.00, 0.00, -6.56, 0.00, 0.69, 0.55, 150.19
3968.00, 11.63, 11.36, 0.00, -2.84, -3.06, 0.00, -0.83, -6.70, 153.38
3981.00, 11.74, 11.33, 0.00, 7.09, -2.32, 0.00, 0.08, -6.12, 169.88
3995.00, 11.71, 11.36, 0.00, -2.27, 2.66, 0.00, -1.31, 4.09, 165.06
4010.00, 11.64, 11.42, 0.00, -5.15, 3.70, 0.00, -0.74, -2.61, 156.88
4022.00, 11.36, 11.44, 0.00, -18.57, 1.83, 0.00, -3.40, 2.00, 161.88
4035.00, 11.85, 11.50, 0.00, 38.20, 4.26, 0.00, 1.31, 1.13, 172.19
4050.00, 11.65, 11.47, 0.00, -15.26, -2.18, 0.00, 5.78, 1.31, 167.19
4063.00, 11.25, 11.41, 0.00, -28.09, -4.42, 0.00, -1.89, 1.74, 151.00
4075.00, 11.68, 11.31, 0.00, 32.90, -7.65, 0.00, 0.88, -3.78, 155.19
4089.00, 11.70, 11.43, 0.00, 1.65, 9.31, 0.00, 2.18, -5.43, 164.38
4102.00, 11.64, 11.42, 0.00, -4.23, 0.00, 0.00, -1.76, 1.88, 161.00
4115.00, 11.65, 11.42, 0.00, 0.00, 0.00, 0.00, 7.85, -2.21, 152.44
4128.00, 11.64, 11.48, 0.00, 0.00, 3.74, 0.00, -3.64, -2.15, 163.63
4142.00, 11.63, 11.48, 0.00, 0.00, 0.00, 0.00, -0.64, -0.86, 170.69
4155.00, 11.68, 11.49, 0.00, 3.77, 0.00, 0.00, 5.29, -0.68, 168.81
4170.00, 11.17, 11.40, 0.00, -38.99, -6.18, 0.00, -0.04, 1.75, 159.00
4183.00, 11.70, 10.95, 0.00, 35.70, -30.23, 0.00, -0.98, -7.29, 156.38
4197.00, 11.65, 11.31, 0.00, -3.70, 26.45, 0.00, -1.56, -2.65, 167.13
4212.00, 11.59, 11.47, 0.00, -3.85, 10.94, 0.00, -0.50, 2.46, 164.13
4224.00, 11.55, 11.45, 0.00, -2.70, 0.00, 0.00, -2.38, -3.23, 168.75
4237.00, 11.61, 11.51, 0.00, 4.21, 4.55, 0.00, 1.48, 1.09, 170.25
4252.00, 11.54, 11.55, 0.00, -5.56, 3.29, 0.00, -0.45, -0.18, 161.19
4264.00, 11.19, 11.52, 0.00, -24.74, -2.55, 0.00, 4.93, 1.66, 167.38
4277.00, 11.62, 11.52, 0.00, 32.88, 0.00, 0.00, -2.30, -0.51, 163.50
4290.00, 11.60, 11.40, 0.00, -2.04, -9.58, 0.00, -1.82, -0.14, 154.25
4303.00, 11.66, 11.40, 0.00, 5.06, 0.00, 0.00, 1.61, -5.30, 157.75
4317.00, 11.61, 11.40, 0.00, -4.24, 0.00, 0.00, -2.32, 1.43, 165.13
4329.00, 11.65, 11.46, 0.00, 2.74, 3.81, 0.00, -0.65, -0.77, 162.88
4343.00, 11.52, 11.44, 0.00, -9.57, 0.00, 0.00, -0.40, 0.63, 170.88
4356.00, 11.58, 11.58, 0.00, 4.47, 10.45, 0.00, 0.39, 2.02, 169.38
4371.00, 11.59, 11.08, 0.00, 0.00, -37.02, 0.00, 0.41, 2.21, 165.06
4396.00, 11.36, 11.47, 0.00, -10.27, 17.24, 0.00, -1.55, -2.72, 154.81
4411.00, 11.66, 11.42, 0.00, 18.30, -3.19, 0.00, 2.07, -3.59, 159.13
4424.00, 11.19, 11.42, 0.00, -31.43, 0.00, 0.00, -2.16, 1.72, 163.81
4437.00, 11.62, 11.42, 0.00, 32.73, 0.00, 0.00, 0.90, -0.87, 159.63
4451.00, 11.61, 11.45, 0.00, 0.00, 2.75, 0.00, 0.60, -0.84, 164.56
4465.00, 11.56, 11.52, 0.00, -3.63, 4.46, 0.00, -1.43, -2.15, 166.69
4477.00, 11.56, 11.56, 0.00, 0.00, 3.48, 0.00, 0.06, -0.20, 164.94
4490.00, 11.70, 11.49, 0.00, 10.66, -5.97, 0.00, 2.88, 1.17, 163.31
4503.00, 11.64, 11.46, 0.00, -4.17, -2.22, 0.00, 0.88, -3.35, 154.56
4517.00, 11.63, 11.42, 0.00, 0.00, -2.87, 0.00, -2.39, -3.33, 157.44
4530.00, 11.67, 10.96, 0.00, 2.57, -33.27, 0.00, 0.96, -4.42, 161.69
4543.00, 11.62, 11.44, 0.00, -3.33, 36.76, 0.00, -0.57, -0.29, 163.19
4557.00, 11.61, 11.49, 0.00, 0.00, 3.95, 0.00, -1.36, 2.79, 164.06
4572.00, 11.57, 11.53, 0.00, -2.66, 3.34, 0.00, 0.61, -0.78, 169.88
4585.00, 11.35, 11.26, 0.00, -14.97, -17.89, 0.00, 0.40, 2.86, 164.38
4600.00, 11.62, 11.53, 0.00, 21.25, 20.31, 0.00, -0.23, 0.05, 157.75
4614.00, 11.25, 11.33, 0.00, -25.02, -13.56, 0.00, 2.49, -0.52, 149.63
4627.00, 11.64, 11.50, 0.00, 29.09, 12.34, 0.00, -1.44, -4.44, 164.06
4640.00, 11.63, 11.50, 0.00, 0.00, 0.00, 0.00, -0.10, -2.33, 169.00
4653.00, 11.58, 11.47, 0.00, -4.13, -1.85, 0.00, 1.54, 5.16, 158.25
4666.00, 11.60, 11.50, 0.00, 1.69, 1.98, 0.00, -6.19, -2.81, 157.25
4680.00, 11.60, 11.56, 0.00, 0.00, 4.60, 0.00, 1.32, 0.13, 172.13
4693.00, 11.66, 11.52, 0.00, 4.98, -3.12, 0.00, -0.08, -0.77, 173.81
4705.00, 11.61, 11.55, 0.00, -3.51, 2.55, 0.00, 0.44, 3.06, 159.63
4721.00, 11.57, 11.44, 0.00, -3.44, -8.52, 0.00, -0.46, -2.32, 149.94
4734.00, 11.21, 10.57, 0.00, -24.17, -58.99, 0.00, -2.18, -1.44, 145.56
4746.00, 11.66, 11.40, 0.00, 33.41, 61.15, 0.00, -0.25, -1.42, 166.69
4762.00, 11.62, 11.48, 0.00, -3.54, 5.93, 0.00, -1.40, 2.73, 167.81
4775.00, 10.74, 11.38, 0.00, -59.11, -6.87, 0.00, -0.34, -1.29, 160.25
4788.00, 11.63, 11.62, 0.00, 65.50, 18.35, 0.00, 1.14, 0.82, 170.94
4802.00, 11.61, 11.57, 0.00, 0.00, -3.94, 0.00, 0.42, 0.02, 176.31
4816.00, 11.64, 11.50, 0.00, 2.12, -4.73, 0.00, 0.26, -1.34, 158.00
4828.00, 11.62, 11.47, 0.00, -1.95, -2.69, 0.00, -2.11, -1.73, 149.38
4841.00, 11.67, 11.39, 0.00, 4.22, -6.17, 0.00, 0.18, -3.23, 148.06
4855.00, 11.70, 11.42, 0.00, 2.25, 2.83, 0.00, 0.76, -5.70, 169.50
4868.00, 11.56, 11.44, 0.00, -10.36, 0.00, 0.00, -5.09, 0.89, 166.88
4881.00, 11.58, 11.48, 0.00, 0.00, 2.68, 0.00, -2.39, -2.76, 160.25
4894.00, 11.54, 11.55, 0.00, -3.26, 6.03, 0.00, -1.17, 1.16, 171.69
4907.00, 11.60, 11.54, 0.00, 4.85, 0.00, 0.00, 3.90, 1.26, 167.31
4921.00, 11.57, 11.59, 0.00, -2.39, 4.18, 0.00, 3.04, 1.39, 160.19
4935.00, 10.77, 11.49, 0.00, -54.58, -6.44, 0.00, 1.46, -1.42, 154.88
4948.00, 11.61, 11.41, 0.00, 63.27, -6.49, 0.00, -0.25, -2.22, 152.50
4963.00, 11.67, 11.44, 0.00, 4.40, 1.99, 0.00, 0.68, -6.34, 160.44
4976.00, 10.76, 11.43, 0.00, -61.69, 0.00, 0.00, -0.49, 3.05, 165.94
4989.00, 11.63, 11.50, 0.00, 67.83, 5.30, 0.00, 0.24, 2.78, 163.81
5003.00, 11.60, 11.48, 0.00, -2.38, 0.00, 0.00, 0.90, 1.87, 166.69