0,0,0,0,0,0,0
11.00, 0.00, 0.00, 0.00, 0.00, 0.00, 0.00
22.00, 1.48, 1.41, 1.47, 152.39, 138.76, 135.39
32.00, 2.44, 2.31, 2.48, 86.74, 82.42, 99.44
42.00, 3.36, 3.21, 3.43, 93.19, 90.65, 92.58
52.00, 4.17, 4.02, 4.16, 84.93, 84.98, 80.03
62.00, 4.93, 4.70, 4.87, 73.89, 67.18, 68.08
72.00, 5.68, 5.43, 5.54, 72.84, 69.73, 65.46
83.00, 6.08, 6.08, 6.15, 39.46, 64.01, 58.76
93.00, 6.71, 6.64, 6.63, 67.78, 60.26, 52.97
103.00, 7.15, 7.06, 7.19, 43.24, 41.39, 54.13
113.00, 7.51, 7.52, 7.58, 35.59, 44.90, 38.13
123.00, 7.92, 7.95, 8.02, 39.08, 41.14, 42.71
134.00, 8.26, 8.31, 8.42, 34.63, 36.14, 39.35
144.00, 8.56, 8.63, 8.70, 28.53, 31.36, 27.20
154.00, 8.78, 8.91, 8.92, 21.07, 26.22, 21.32
164.00, 9.03, 9.19, 9.18, 25.10, 27.83, 25.92
175.00, 9.44, 9.38, 9.38, 39.41, 18.99, 18.76
184.00, 9.57, 9.55, 9.55, 14.38, 17.67, 18.88
194.00, 9.69, 9.70, 9.70, 11.77, 15.01, 13.89
204.00, 9.96, 9.81, 9.75, 26.03, 10.38, 5.37
216.00, 10.14, 10.03, 10.03, 17.58, 20.82, 26.36
225.00, 10.29, 10.08, 10.09, 16.68, 6.02, 7.05
235.00, 10.34, 10.26, 10.22, 4.50, 17.32, 13.18
245.00, 10.53, 10.30, 10.36, 18.81, 3.97, 13.36
255.00, 10.54, 10.45, 10.48, 0.00, 14.94, 11.92
265.00, 10.66, 10.58, 10.63, 12.38, 13.66, 15.76
275.00, 10.65, 10.56, 10.73, 0.00, -2.10, 10.21
285.00, 10.68, 10.80, 10.86, 2.53, 23.44, 12.32
295.00, 10.81, 10.92, 10.80, 12.60, 11.25, -5.97
305.00, 10.78, 10.93, 10.97, -3.07, 0.00, 17.39
315.00, 10.91, 11.03, 10.97, 13.44, 10.97, 0.00
325.00, 10.95, 11.03, 10.96, 3.52, 0.00, 0.00
335.00, 11.00, 11.09, 10.93, 4.95, 6.01, -3.55
346.00, 11.12, 11.10, 11.03, 12.15, 0.00, 10.19
355.00, 11.18, 11.14, 11.08, 6.37, 3.81, 4.71
365.00, 11.22, 11.15, 11.12, 3.87, 0.00, 4.46
375.00, 11.29, 11.15, 11.20, 7.06, 0.00, 7.50
386.00, 11.28, 11.23, 11.23, 0.00, 7.54, 2.95
395.00, 11.27, 11.25, 11.24, 0.00, 2.13, 0.00
405.00, 11.30, 11.31, 11.37, 3.46, 5.80, 13.09
415.00, 11.33, 11.35, 11.28, 3.16, 3.98, -9.60
425.00, 11.32, 11.37, 11.38, 0.00, 2.27, 10.42
435.00, 11.31, 11.40, 11.36, 0.00, 3.46, -2.31
445.00, 11.44, 11.34, 11.26, 12.48, -6.26, -10.26
455.00, 11.49, 11.40, 11.26, 4.87, 5.76, 0.00
465.00, 11.47, 11.43, 11.32, -2.13, 2.57, 5.21
476.00, 11.46, 11.45, 11.42, 0.00, 0.00, 9.65
486.00, 11.48, 11.47, 11.42, 0.00, 2.01, 0.00
496.00, 11.50, 11.40, 11.50, 2.43, -6.40, 6.89
506.00, 11.45, 11.59, 11.45, -5.75, 18.74, -4.94
517.00, 11.43, 11.49, 11.51, -2.04, -9.76, 6.56
527.00, 11.33, 11.63, 11.43, -9.32, 14.91, -7.98
536.00, 11.65, 11.58, 11.39, 32.12, -4.85, -4.18
546.00, 11.53, 11.37, 11.41, -11.90, -21.13, 0.00
557.00, 11.63, 11.54, 11.42, 9.33, 15.60, 0.00
567.00, 11.61, 11.50, 11.33, 0.00, -4.11, -9.33
576.00, 11.64, 11.49, 11.51, 2.90, 0.00, 18.00
586.00, 11.67, 11.44, 11.44, 2.74, -4.56, -6.23
596.00, 11.66, 11.43, 11.50, 0.00, 0.00, 5.71
607.00, 11.56, 11.57, 11.56, -10.17, 14.74, 6.31
616.00, 11.65, 11.53, 11.54, 8.76, -4.11, -2.47
626.00, 11.58, 11.51, 11.56, -6.76, 0.00, 2.18
636.00, 11.39, 11.65, 11.36, -18.11, 13.65, -19.20
647.00, 11.82, 11.64, 11.64, 42.18, 0.00, 28.50
657.00, 11.63, 11.49, 11.46, -18.52, -14.27, -18.15
667.00, 11.59, 11.55, 11.43, -4.10, 5.07, -2.78
677.00, 11.71, 11.56, 11.43, 11.90, 0.00, 0.00
688.00, 11.60, 11.54, 11.41, -10.91, -2.13, -2.09
698.00, 11.76, 11.52, 11.48, 16.29, 0.00, 7.33
707.00, 11.68, 11.69, 11.49, -8.48, 16.88, 0.00
717.00, 11.71, 11.59, 11.55, 3.94, -10.07, 6.34
728.00, 11.64, 11.62, 11.54, -7.10, 3.42, 0.00
738.00, 11.69, 11.53, 11.45, 5.28, -9.57, -8.31
747.00, 11.66, 11.72, 11.46, -3.38, 19.27, 0.00
757.00, 11.47, 11.62, 11.49, -19.27, -9.63, 3.05
767.00, 11.93, 11.60, 11.47, 45.01, -2.37, -2.10
778.00, 11.65, 11.55, 11.42, -28.12, -4.65, -4.48
788.00, 11.68, 11.55, 11.45, 2.37, 0.00, 2.29
797.00, 11.76, 11.55, 11.42, 8.42, 0.00, -3.05
807.00, 11.74, 11.55, 11.56, 0.00, 0.00, 13.70
818.00, 11.75, 11.54, 11.47, 0.00, 0.00, -9.09
827.00, 11.73, 11.61, 11.63, 0.00, 7.36, 16.62
837.00, 11.70, 11.57, 11.58, -3.00, -4.37, -4.21
847.00, 11.70, 11.57, 11.44, 0.00, 0.00, -14.18
858.00, 11.68, 11.63, 11.56, -2.21, 5.87, 11.96
868.00, 11.68, 11.62, 11.57, 0.00, 0.00, 0.00
877.00, 11.69, 11.62, 11.45, 0.00, 0.00, -12.44
887.00, 11.73, 11.53, 11.47, 4.44, -8.77, 2.52
898.00, 11.61, 11.56, 11.39, -12.05, 3.22, -7.60
908.00, 11.79, 11.52, 11.53, 18.60, -4.20, 13.64
918.00, 11.68, 11.59, 11.52, -10.10, 7.12, 0.00
928.00, 11.72, 11.60, 11.59, 3.11, 0.00, 7.25
938.00, 11.73, 11.55, 11.33, 0.00, -5.47, -25.50
949.00, 11.66, 11.62, 11.69, -7.07, 7.79, 36.02
958.00, 11.62, 11.65, 11.53, -3.63, 2.40, -15.70
968.00, 11.63, 11.60, 11.61, 0.00, -5.33, 7.13
978.00, 11.71, 11.48, 11.51, 7.75, -11.78, -9.73
989.00, 11.76, 11.49, 11.48, 4.29, 0.00, -2.30
998.00, 11.69, 11.52, 11.53, -6.64, 3.12, 4.55
1008.00, 11.67, 11.55, 11.50, 0.00, 2.55, -2.61
1018.00, 11.71, 11.55, 11.50, 3.95, 0.00, 0.00
1029.00, 11.70, 11.55, 11.54, 0.00, 0.00, 3.34
1039.00, 11.66, 11.37, 11.58, -4.67, -18.46, 3.91
1049.00, 11.72, 11.83, 11.60, 6.37, 46.17, 2.50
1059.00, 11.62, 11.65, 11.52, -10.03, -18.14, -8.04
1070.00, 11.68, 11.61, 11.57, 6.33, -4.12, 4.47
1079.00, 11.62, 11.59, 11.50, -6.84, 0.00, -6.97
1089.00, 11.77, 11.51, 11.48, 15.41, -8.21, 0.00
1099.00, 11.71, 11.54, 11.29, -6.01, 3.33, -17.95
1109.00, 11.78, 11.51, 11.65, 6.99, -2.79, 35.53
1120.00, 11.81, 11.43, 11.45, 3.25, -7.67, -19.58
1130.00, 11.68, 11.62, 11.54, -12.74, 18.08, 8.69
1140.00, 11.81, 11.50, 11.55, 12.29, -10.46, 0.00
1150.00, 11.76, 11.54, 11.55, -4.51, 3.69, 0.00
1161.00, 11.69, 11.62, 11.63, -6.87, 7.40, 8.78
1171.00, 11.79, 11.58, 11.56, 9.43, -3.78, -7.00
1181.00, 11.66, 11.60, 11.49, -13.02, 2.32, -7.28
1190.00, 11.73, 11.63, 11.58, 6.80, 2.38, 9.18
1201.00, 11.76, 11.56, 11.52, 3.21, -6.14, -6.53
1211.00, 11.65, 11.50, 11.46, -10.53, -6.83, -5.42
1221.00, 11.74, 11.64, 11.47, 9.10, 14.24, 0.00
1231.00, 11.72, 11.57, 11.48, -2.79, -6.58, 0.00
1242.00, 11.72, 11.63, 11.54, 0.00, 5.97, 5.38
1252.00, 11.80, 11.56, 11.55, 8.20, -7.00, 0.00
1262.00, 11.76, 11.62, 11.62, -4.39, 5.56, 7.36
1272.00, 11.72, 11.64, 11.55, -3.15, 2.16, -6.35
1283.00, 11.74, 11.60, 11.51, 1.98, -3.85, -4.10
1293.00, 11.68, 11.62, 11.47, -6.86, 0.00, -4.51
1303.00, 11.78, 11.55, 11.62, 10.82, -6.86, 15.24
1313.00, 11.65, 11.54, 11.52, -12.81, 0.00, -10.22
1322.00, 11.79, 11.55, 11.57, 13.26, 0.00, 4.92
1333.00, 11.79, 11.53, 11.53, 0.00, -2.21, -3.80
1343.00, 11.71, 11.53, 11.56, -7.34, 0.00, 3.11
1353.00, 11.85, 11.55, 11.56, 13.04, 2.82, 0.00
1363.00, 11.73, 11.60, 11.61, -11.56, 4.21, 4.99
1374.00, 11.81, 11.55, 11.65, 7.30, -4.49, 3.78
1384.00, 11.79, 11.54, 11.56, 0.00, 0.00, -8.41
1393.00, 11.69, 11.73, 11.58, -10.22, 19.89, 0.00
1403.00, 11.73, 11.58, 11.56, 4.34, -15.15, 0.00
1414.00, 11.66, 11.65, 11.55, -7.23, 6.84, 0.00
1424.00, 11.75, 11.51, 11.58, 8.40, -13.83, 3.30
1434.00, 11.77, 11.53, 11.53, 2.65, 0.00, -4.71
1444.00, 11.67, 11.55, 11.52, -10.23, 2.64, 0.00
1454.00, 11.74, 11.58, 11.55, 6.80, 2.55, 3.56
1464.00, 11.70, 11.52, 11.63, -4.10, -6.07, 7.50
1474.00, 11.75, 11.60, 11.60, 4.98, 7.85, -3.36
1484.00, 11.43, 11.53, 11.59, -30.49, -5.86, 0.00
1495.00, 12.06, 11.69, 11.63, 64.50, 15.94, 4.33
1505.00, 11.63, 11.48, 11.54, -43.46, -20.59, -8.54
1515.00, 11.71, 11.69, 11.61, 7.96, 19.60, 5.87
1525.00, 11.65, 11.48, 11.58, -5.71, -20.56, -2.74
1535.00, 11.75, 11.54, 11.50, 10.02, 5.66, -7.31
1546.00, 11.77, 11.53, 11.53, 0.00, 0.00, 2.43
1556.00, 11.69, 11.58, 11.48, -7.66, 4.72, -4.97
1566.00, 11.70, 11.49, 11.62, 0.00, -9.06, 14.01
1576.00, 11.69, 11.59, 11.61, 0.00, 10.42, 0.00
1587.00, 11.76, 11.71, 11.63, 6.68, 11.55, 2.58
1597.00, 11.69, 11.61, 11.60, -6.81, -9.10, -3.36
1607.00, 11.60, 11.61, 11.56, -9.03, 0.00, -3.51
1617.00, 11.84, 11.54, 11.57, 23.35, -7.02, 0.00
1628.00, 11.71, 11.47, 11.57, -12.61, -6.17, 0.00
1638.00, 11.75, 11.47, 11.55, 4.56, 0.00, 0.00
1648.00, 11.84, 11.53, 11.53, 8.07, 5.56, -1.97
1658.00, 11.77, 11.47, 11.54, -6.33, -5.92, 0.00
1669.00, 11.74, 11.37, 11.54, -3.48, -9.33, 0.00
1679.00, 11.85, 11.62, 11.58, 11.48, 24.13, 3.86
1689.00, 11.79, 11.48, 11.61, -6.36, -13.26, 2.86
1699.00, 11.79, 11.60, 11.59, 0.00, 11.65, 0.00
1709.00, 11.73, 11.56, 11.65, -5.79, -3.33, 5.94
1719.00, 11.64, 11.58, 11.57, -9.22, 0.00, -8.39
1729.00, 11.86, 11.63, 11.55, 22.33, 4.66, 0.00
1739.00, 11.80, 11.56, 11.57, -5.27, -6.31, 0.00
1749.00, 11.71, 11.53, 11.57, -9.00, -2.96, 0.00
1760.00, 11.69, 11.51, 11.49, 0.00, 0.00, -7.89
1770.00, 11.68, 11.65, 11.57, 0.00, 13.65, 7.18
1780.00, 11.76, 11.56, 11.54, 7.58, -8.56, -2.42
1790.00, 11.78, 11.51, 11.56, 0.00, -4.99, 0.00
1801.00, 11.72, 11.70, 11.60, -5.48, 19.28, 3.71
1811.00, 11.78, 11.58, 11.65, 5.60, -12.34, 5.07
1821.00, 11.81, 11.63, 11.54, 3.40, 5.43, -11.14
1830.00, 11.75, 11.51, 11.63, -6.47, -12.12, 9.60
1841.00, 11.77, 11.60, 11.53, 0.00, 9.03, -10.24
1851.00, 11.72, 11.47, 11.63, -4.55, -12.76, 9.22
1861.00, 11.76, 11.60, 11.54, 3.42, 12.53, -8.09
1871.00, 11.81, 11.48, 11.61, 4.75, -11.09, 6.75
1882.00, 11.61, 11.45, 11.52, -18.88, -2.94, -8.88
1892.00, 11.97, 11.56, 11.63, 35.79, 10.50, 10.95
1902.00, 11.72, 11.63, 11.64, -23.76, 6.32, 0.00
1912.00, 11.76, 11.56, 11.65, 3.48, -6.56, 0.00
1923.00, 11.84, 11.58, 11.60, 8.05, 2.64, -4.75
1933.00, 11.69, 11.69, 11.64, -15.02, 10.21, 3.74
1943.00, 11.68, 11.59, 11.56, 0.00, -9.56, -8.12
1952.00, 11.75, 11.61, 11.64, 7.04, 0.00, 8.64
1962.00, 11.64, 11.58, 11.57, -10.34, -2.55, -7.01
1973.00, 11.68, 11.53, 11.53, 4.10, -5.14, -4.13
1983.00, 11.63, 11.61, 11.62, -5.48, 8.12, 8.76
1993.00, 11.66, 11.58, 11.59, 3.10, -3.29, -3.32
2003.00, 11.77, 11.55, 11.55, 11.24, -2.21, -3.80
2014.00, 11.72, 11.61, 11.65, -5.17, 5.57, 10.00
2024.00, 11.67, 11.59, 11.59, -5.41, 0.00, -5.90
2034.00, 11.81, 11.69, 11.63, 14.64, 9.65, 4.55
2044.00, 11.72, 11.58, 11.55, -8.90, -10.47, -8.11
2054.00, 11.66, 11.59, 11.63, -6.40, 0.00, 7.71
2064.00, 11.74, 11.52, 11.59, 7.72, -6.82, -3.78
2074.00, 11.65, 11.50, 11.55, -8.23, -2.53, -4.61
2084.00, 11.78, 11.56, 11.56, 12.18, 5.77, 0.00
2095.00, 11.63, 11.57, 11.62, -15.25, 0.00, 6.05
2105.00, 11.72, 11.60, 11.56, 9.26, 3.43, -5.62
2115.00, 11.63, 11.55, 11.54, -8.74, -4.71, -2.55
2125.00, 11.73, 11.65, 11.72, 9.53, 9.60, 18.40
2136.00, 11.75, 11.58, 11.62, 2.75, -7.27, -10.35
2145.00, 11.68, 11.69, 11.57, -7.79, 11.02, -5.03
2155.00, 11.71, 11.53, 11.63, 3.61, -15.78, 5.90
2165.00, 11.73, 11.52, 11.54, 2.16, 0.00, -8.09
2175.00, 11.71, 11.32, 11.52, -2.59, -18.96, -2.45
2186.00, 11.77, 11.67, 11.64, 6.08, 34.49, 11.97
2196.00, 11.76, 11.52, 11.53, 0.00, -14.50, -10.27
2206.00, 11.79, 11.52, 11.61, 3.26, 0.00, 7.57
2216.00, 11.71, 11.53, 11.58, -8.33, 0.00, -2.40
2227.00, 11.81, 11.55, 11.58, 9.57, 2.02, 0.00
2237.00, 11.71, 11.62, 11.68, -9.21, 7.40, 9.28
2246.00, 11.79, 11.59, 11.60, 7.76, -3.32, -7.30
2256.00, 11.79, 11.60, 11.41, 0.00, 0.00, -19.16
2267.00, 11.69, 11.60, 11.83, -9.28, 0.00, 41.92
2277.00, 11.77, 11.55, 11.54, 7.71, -5.39, -27.89
2287.00, 11.63, 11.62, 11.61, -13.94, 7.24, 6.32
2297.00, 11.70, 11.56, 11.52, 7.20, -6.30, -8.49
2308.00, 11.73, 11.64, 11.60, 2.38, 8.64, 8.10
2317.00, 11.64, 11.57, 11.56, -8.76, -7.47, -3.79
2327.00, 11.78, 11.58, 11.54, 14.06, 0.00, -2.75
2337.00, 11.64, 11.65, 11.63, -13.23, 6.96, 9.69
2348.00, 11.80, 11.39, 11.57, 15.57, -25.86, -5.88
2358.00, 11.79, 11.84, 11.63, 0.00, 44.65, 5.43
2368.00, 11.80, 11.68, 11.55, 0.00, -16.39, -8.42
2378.00, 11.78, 11.55, 11.58, -2.31, -12.98, 3.30
2387.00, 11.76, 11.54, 11.54, 0.00, 0.00, -4.25
2398.00, 11.72, 11.61, 11.51, -3.95, 7.39, -2.28
2408.00, 11.66, 11.55, 11.57, -5.62, -6.08, 6.02
2418.00, 11.79, 11.60, 11.54, 12.62, 4.32, -3.16
2428.00, 11.65, 11.63, 11.55, -13.90, 3.81, 0.00
2439.00, 11.76, 11.59, 11.53, 10.49, -4.24, -2.08
2449.00, 11.69, 11.61, 11.70, -6.63, 0.00, 15.72
2459.00, 11.78, 11.69, 11.57, 8.79, 7.59, -12.15
2469.00, 11.79, 11.63, 11.66, 0.00, -5.96, 8.22
2480.00, 11.70, 11.70, 11.57, -8.53, 6.85, -8.14
2490.00, 11.75, 11.56, 11.60, 4.36, -13.77, 2.87
2500.00, 11.66, 11.55, 11.55, -8.42, 0.00, -4.66
2510.00, 11.65, 11.59, 11.56, 0.00, 4.11, 0.00
2521.00, 11.70, 11.60, 11.59, 4.90, 0.00, 3.49
2531.00, 11.76, 11.60, 11.54, 6.66, 0.00, -5.72
2540.00, 11.67, 11.61, 11.59, -9.89, 0.00, 5.52
2550.00, 11.66, 11.65, 11.62, 0.00, 4.28, 2.93
2560.00, 11.76, 11.61, 11.60, 10.30, -3.65, -2.39
2571.00, 11.77, 11.72, 11.44, 0.00, 11.11, -15.32
2581.00, 11.73, 11.50, 11.74, -3.53, -21.53, 29.70
2591.00, 11.61, 11.71, 11.62, -11.62, 20.48, -11.64
2601.00, 11.79, 11.57, 11.59, 17.00, -12.99, -2.52
2612.00, 11.64, 11.62, 11.44, -14.13, 4.28, -14.72
2622.00, 11.70, 11.49, 11.63, 5.86, -12.07, 18.67
2632.00, 11.69, 11.68, 11.60, 0.00, 18.60, -3.67
2642.00, 11.67, 11.62, 11.57, -2.19, -5.66, -2.66
2653.00, 11.73, 11.64, 11.58, 6.52, 0.00, 0.00
2663.00, 11.69, 11.66, 11.58, -3.68, 2.25, 0.00
2673.00, 11.75, 11.67, 11.64, 5.36, 0.00, 5.18
2683.00, 11.55, 11.66, 11.58, -18.55, 0.00, -4.89
2694.00, 11.91, 11.56, 11.57, 35.49, -9.33, 0.00
2704.00, 11.67, 11.54, 11.50, -23.68, -2.30, -7.42
2714.00, 11.77, 11.57, 11.62, 10.05, 2.86, 12.16
2724.00, 11.76, 11.52, 11.48, 0.00, -5.34, -14.21
2735.00, 11.75, 11.62, 11.47, 0.00, 9.92, 0.00
2744.00, 11.70, 11.35, 11.69, -5.51, -26.72, 22.43
2754.00, 11.77, 11.69, 11.60, 6.56, 33.67, -8.51
2764.00, 11.79, 11.63, 11.52, 2.44, -6.39, -8.13
2775.00, 11.80, 11.59, 11.67, 0.00, -3.17, 14.56
2785.00, 11.75, 11.71, 11.60, -5.77, 11.53, -7.02
2795.00, 11.83, 11.61, 11.60, 7.89, -9.04, 0.00
2805.00, 11.75, 11.62, 11.54, -7.89, 0.00, -6.34
2815.00, 11.85, 11.58, 11.60, 9.82, -4.17, 6.04
2826.00, 11.67, 11.60, 11.59, -18.65, 2.36, 0.00
2836.00, 11.74, 11.58, 11.56, 6.99, 0.00, -2.87
2845.00, 11.64, 11.56, 11.54, -9.39, 0.00, -2.75
2855.00, 11.65, 11.72, 11.53, 0.00, 16.11, 0.00
2866.00, 11.74, 11.61, 11.66, 9.32, -11.53, 13.09
2876.00, 11.56, 11.65, 11.35, -17.82, 4.08, -30.49
2886.00, 11.93, 11.70, 11.80, 35.97, 4.95, 44.76
2896.00, 11.79, 11.68, 11.63, -13.79, -2.23, -17.40
2907.00, 11.76, 11.56, 11.43, -2.69, -11.01, -18.58
2917.00, 11.80, 11.65, 11.58, 4.05, 8.87, 14.60
2927.00, 11.73, 11.59, 11.51, -6.68, -6.44, -7.49
2937.00, 11.83, 11.63, 11.50, 10.35, 4.33, 0.00
2948.00, 11.80, 11.54, 11.56, -3.48, -8.54, 6.24
2958.00, 11.70, 11.51, 11.53, -9.66, -3.36, -2.89
2968.00, 11.49, 11.66, 11.50, -20.53, 15.20, -3.18
2978.00, 12.02, 11.64, 11.60, 53.70, -2.23, 9.61
2989.00, 11.80, 11.60, 11.61, -22.10, -4.12, 0.00
2999.00, 11.84, 11.66, 11.57, 4.39, 6.33, -3.69
3008.00, 11.81, 11.58, 11.63, -3.41, -8.17, 5.90
3018.00, 11.69, 11.74, 11.56, -11.79, 16.21, -6.54
3028.00, 11.73, 11.61, 11.56, 3.92, -13.06, 0.00
3039.00, 11.74, 11.55, 11.57, 0.00, -5.47, 0.00
3049.00, 11.69, 11.59, 11.56, -4.61, 4.10, 0.00
3059.00, 11.68, 11.63, 11.52, 0.00, 3.10, -4.14
3069.00, 11.69, 11.58, 11.58, 0.00, -4.30, 6.28
3080.00, 11.75, 11.60, 11.56, 5.58, 0.00, -2.13
3089.00, 11.71, 11.67, 11.56, -4.21, 6.50, 0.00
3099.00, 11.83, 11.62, 11.53, 12.39, -4.70, -3.21
3109.00, 11.79, 11.68, 11.62, -4.74, 5.49, 8.26
3120.00, 11.71, 11.60, 11.54, -7.19, -7.28, -7.52
3130.00, 11.80, 11.60, 11.59, 8.22, 0.00, 5.12
3140.00, 11.80, 11.56, 11.57, 0.00, -3.52, -2.41
3149.00, 11.70, 11.53, 11.53, -10.13, -3.07, -3.67
3160.00, 11.76, 11.62, 11.55, 5.90, 8.26, 0.00
3170.00, 11.67, 11.56, 11.55, -8.82, -5.69, 0.00
3180.00, 11.67, 11.62, 11.57, 0.00, 6.01, 0.00
3190.00, 11.74, 11.61, 11.53, 6.37, 0.00, -3.70
3200.00, 11.80, 11.62, 11.60, 6.46, 0.00, 7.20
3211.00, 11.75, 11.64, 11.60, -5.45, 0.00, 0.00
3220.00, 11.85, 11.61, 11.54, 10.42, -2.45, -5.43
3230.00, 11.75, 11.65, 11.52, -9.92, 3.32, -2.28
3240.00, 11.71, 11.54, 11.56, -3.98, -10.69, 3.77
3251.00, 11.77, 11.57, 11.48, 6.14, 2.50, -7.51
3261.00, 11.82, 11.57, 11.52, 5.25, 0.00, 4.15
3271.00, 11.76, 11.42, 11.50, -6.53, -13.83, 0.00
3281.00, 11.73, 11.72, 11.57, -2.17, 28.81, 6.75
3292.00, 11.80, 11.45, 11.45, 6.64, -26.60, -11.57
3302.00, 11.81, 11.72, 11.65, 0.00, 26.91, 19.85
3312.00, 11.82, 11.61, 11.50, 0.00, -10.33, -15.20
3322.00, 11.85, 11.58, 11.64, 2.74, -2.78, 13.86
3333.00, 11.85, 11.57, 11.63, 0.00, 0.00, 0.00
3343.00, 11.90, 11.53, 11.59, 5.86, -4.64, -3.78
3352.00, 11.78, 11.55, 11.53, -11.99, 2.94, -5.98
3362.00, 11.79, 11.57, 11.62, 0.00, 0.00, 8.31
3373.00, 11.79, 11.56, 11.58, 0.00, 0.00, -3.96
3383.00, 11.68, 11.56, 11.55, -10.86, 0.00, -2.64
3392.00, 11.67, 11.55, 11.59, 0.00, 0.00, 4.16
3402.00, 11.84, 11.56, 11.57, 17.55, 0.00, -2.48
3412.00, 11.66, 11.64, 11.60, -17.72, 7.41, 3.02
3423.00, 11.81, 11.57, 11.57, 15.16, -6.78, -2.96
3433.00, 11.83, 11.56, 11.54, 0.00, 0.00, -2.83
3443.00, 11.78, 11.72, 11.62, -5.08, 15.98, 8.60
3453.00, 11.88, 11.56, 11.52, 9.42, -14.94, -10.03
3464.00, 11.81, 11.49, 11.47, -6.74, -6.62, -5.22
3474.00, 11.82, 11.64, 11.46, 0.00, 14.46, 0.00
3484.00, 11.73, 11.56, 11.56, -8.66, -7.21, 10.05
3494.00, 11.79, 11.54, 11.56, 5.69, -2.25, 0.00
3505.00, 11.74, 11.59, 11.55, -4.65, 4.74, 0.00
3515.00, 11.77, 11.58, 11.53, 3.49, 0.00, 0.00
3525.00, 11.79, 11.62, 11.60, 0.00, 4.42, 6.75
3535.00, 11.87, 11.60, 11.54, 8.52, 0.00, -5.71
3546.00, 11.79, 11.64, 11.59, -7.89, 3.27, 5.17
3556.00, 11.86, 11.60, 11.62, 7.51, -3.40, 2.08
3566.00, 11.69, 11.63, 11.58, -17.34, 2.36, -3.32
3576.00, 11.70, 11.54, 11.55, 0.00, -8.82, -3.68
3586.00, 11.64, 11.55, 11.63, -5.48, 0.00, 7.86
3596.00, 11.74, 11.62, 11.59, 9.31, 6.49, -3.78
3606.00, 11.66, 11.56, 11.55, -7.99, -5.62, -3.23
3616.00, 11.75, 11.59, 11.55, 8.89, 2.97, 0.00
3626.00, 11.72, 11.59, 11.62, -3.33, 0.00, 6.02
3637.00, 11.70, 11.61, 11.53, 0.00, 2.42, -8.43
3647.00, 11.85, 11.62, 11.59, 14.42, 0.00, 6.05
3657.00, 11.75, 11.53, 11.62, -10.84, -9.01, 2.53
3667.00, 11.83, 11.64, 11.55, 8.19, 10.31, -6.29
3678.00, 11.70, 11.52, 11.54, -12.75, -11.22, 0.00
3688.00, 11.74, 11.58, 11.62, 3.45, 5.61, 7.69
3698.00, 11.78, 11.43, 11.58, 4.08, -14.53, -3.59
3708.00, 11.65, 11.66, 11.54, -13.50, 22.96, -4.13
3719.00, 11.68, 11.54, 11.64, 2.69, -11.07, 9.60
3729.00, 11.77, 11.57, 11.52, 9.61, 2.71, -12.13
3739.00, 11.67, 11.63, 11.68, -9.97, 6.45, 15.94
3749.00, 11.80, 11.59, 11.57, 11.97, -4.11, -9.67
3760.00, 11.82, 11.55, 11.61, 2.57, -4.33, 3.73
3770.00, 11.83, 11.63, 11.51, 0.00, 8.62, -10.59
3780.00, 11.76, 11.57, 11.50, -7.03, -5.92, 0.00
3790.00, 11.84, 11.54, 11.52, 8.17, -3.14, 2.56
3801.00, 11.72, 11.57, 11.52, -11.05, 3.02, 0.00
3811.00, 11.83, 11.48, 11.50, 10.79, -9.02, 0.00
3821.00, 11.71, 11.56, 11.55, -11.81, 7.45, 4.83
3831.00, 11.84, 11.64, 11.64, 13.07, 7.89, 8.33
3842.00, 11.80, 11.52, 11.56, -3.61, -12.09, -7.92
3852.00, 11.80, 11.67, 11.64, 0.00, 15.01, 8.25
3862.00, 11.74, 11.55, 11.63, -5.80, -12.06, 0.00
3872.00, 11.89, 11.57, 11.62, 14.54, 0.00, 0.00
3881.00, 11.86, 11.51, 11.59, -3.31, -5.62, -3.72
3892.00, 11.82, 11.52, 11.63, -3.28, 0.00, 3.74
3902.00, 11.69, 11.51, 11.60, -13.38, 0.00, -2.85
3912.00, 11.78, 11.55, 11.58, 8.36, 3.97, 0.00
3922.00, 11.66, 11.65, 11.54, -11.65, 9.80, -4.59
3933.00, 11.74, 11.52, 11.69, 7.27, -12.10, 14.80
3943.00, 11.73, 11.64, 11.61, 0.00, 11.79, -7.14
3953.00, 11.69, 11.54, 11.57, -3.55, -9.90, -3.86
3963.00, 11.81, 11.66, 11.58, 11.48, 11.84, 0.00
3974.00, 11.86, 11.56, 11.56, 5.16, -10.39, -2.35
3983.00, 11.64, 11.57, 11.64, -21.89, 0.00, 8.19
3993.00, 12.01, 11.54, 11.56, 37.40, -3.13, -8.38
4003.00, 11.71, 11.60, 11.50, -29.33, 5.85, -5.47
4014.00, 11.77, 11.49, 11.58, 5.50, -10.66, 7.39
4024.00, 11.76, 11.50, 11.52, 0.00, 0.00, -6.19
4034.00, 11.73, 11.61, 11.58, -2.35, 10.94, 5.65
4044.00, 11.80, 11.56, 11.58, 6.41, -4.63, 0.00
4055.00, 11.74, 11.63, 11.54, -6.62, 6.07, -4.02
4065.00, 11.83, 11.59, 11.68, 9.56, -3.62, 13.41
4075.00, 11.81, 11.66, 11.61, -2.04, 7.32, -6.68
4085.00, 11.74, 11.55, 11.61, -7.17, -10.84, 0.00
4095.00, 11.82, 11.59, 11.52, 7.88, 4.05, -8.87
4105.00, 11.76, 11.55, 11.66, -5.49, -3.79, 14.09
4115.00, 11.71, 11.56, 11.58, -5.14, 0.00, -8.40
4125.00, 11.63, 11.61, 11.64, -7.85, 4.66, 5.99
4135.00, 11.61, 11.58, 11.63, -1.94, -3.13, 0.00
4146.00, 11.64, 11.58, 11.61, 2.52, 0.00, -2.15
4156.00, 11.74, 11.60, 11.58, 9.42, 2.17, -2.69
4166.00, 11.68, 11.64, 11.56, -5.11, 3.89, 0.00
4176.00, 11.72, 11.60, 11.57, 3.91, -3.85, 0.00
4187.00, 11.75, 11.63, 11.59, 2.75, 2.40, 2.08
4197.00, 11.81, 11.20, 11.54, 6.25, -41.04, -4.91
4207.00, 11.81, 11.92, 11.69, 0.00, 69.76, 14.15
4217.00, 11.64, 11.54, 11.57, -17.14, -37.46, -12.16
4228.00, 11.68, 11.58, 11.60, 4.44, 3.82, 3.68
4238.00, 11.69, 11.51, 11.62, 0.00, -6.64, 0.00
4248.00, 11.54, 11.56, 11.62, -14.99, 4.74, 0.00
4258.00, 11.74, 11.58, 11.61, 19.51, 0.00, 0.00
4269.00, 11.67, 11.61, 11.62, -7.38, 3.00, 0.00
4279.00, 11.69, 11.60, 11.61, 2.85, 0.00, 0.00
4289.00, 11.74, 11.65, 11.61, 4.77, 5.52, 0.00
4299.00, 11.76, 11.47, 11.63, 0.00, -17.33, 2.14
4309.00, 11.74, 11.54, 11.56, -2.17, 6.55, -6.58
4320.00, 11.79, 11.64, 11.54, 5.51, 9.74, -2.15
4330.00, 11.71, 11.57, 11.55, -7.84, -6.33, 0.00
4340.00, 11.76, 11.56, 11.52, 5.36, 0.00, -3.65
4350.00, 11.67, 11.57, 11.44, -8.95, 0.00, -7.71
4361.00, 11.68, 11.59, 11.74, 0.00, 0.00, 30.37
4371.00, 11.50, 11.60, 11.66, -17.51, 0.00, -8.08
4380.00, 11.95, 11.64, 11.54, 45.47, 4.20, -11.25
4390.00, 11.59, 11.59, 11.62, -35.23, -4.54, 7.20
4401.00, 11.98, 11.58, 11.37, 39.35, 0.00, -23.88
4411.00, 11.83, 11.50, 11.84, -14.76, -8.44, 45.42
4421.00, 11.82, 11.53, 11.65, 0.00, 3.03, -17.94
4431.00, 11.80, 11.54, 11.58, 0.00, 0.00, -7.49
4442.00, 11.71, 11.54, 11.64, -9.07, 0.00, 6.44
4452.00, 11.62, 11.57, 11.59, -8.32, 2.43, -5.66
4462.00, 11.58, 11.61, 11.67, -4.47, 4.20, 7.78
4472.00, 11.69, 11.56, 11.60, 11.49, -4.70, -7.02
4482.00, 11.68, 11.59, 11.63, 0.00, 2.31, 3.28
4492.00, 11.69, 11.65, 11.59, 0.00, 6.04, -4.24
4502.00, 11.69, 11.60, 11.56, 0.00, -4.70, -2.31
4512.00, 11.84, 11.59, 11.60, 14.40, 0.00, 3.38
4522.00, 11.75, 11.57, 11.60, -8.32, -1.96, 0.00
4533.00, 11.86, 11.54, 11.62, 11.02, -2.57, 0.00
4543.00, 11.68, 11.58, 11.55, -16.78, 3.88, -6.29
4553.00, 11.65, 11.63, 11.56, -3.61, 4.31, 0.00
4563.00, 11.76, 11.59, 11.56, 10.86, -3.76, 0.00
4574.00, 11.66, 11.56, 11.56, -9.97, -2.18, 0.00
4584.00, 11.69, 11.60, 11.58, 3.01, 3.81, 0.00
4594.00, 11.72, 11.64, 11.57, 2.69, 3.46, 0.00
4604.00, 11.83, 11.63, 11.56, 10.61, 0.00, 0.00
4615.00, 11.77, 11.66, 11.56, -5.43, 2.74, 0.00
4625.00, 11.78, 11.61, 11.59, 0.00, -5.33, 3.37
4635.00, 11.74, 11.58, 11.60, -3.48, -2.92, 0.00
4645.00, 11.78, 11.55, 11.60, 3.83, -2.67, 0.00
4656.00, 11.61, 11.60, 11.62, -15.89, 5.13, 0.00
4666.00, 11.58, 11.59, 11.58, -3.54, 0.00, -3.45
4676.00, 11.58, 11.59, 11.62, 0.00, 0.00, 3.76
4686.00, 11.63, 11.60, 11.65, 4.75, 0.00, 3.06
4697.00, 11.65, 11.61, 11.58, 2.23, 0.00, -7.50
4707.00, 11.65, 11.63, 11.57, 0.00, 2.10, 0.00
4716.00, 11.70, 11.62, 11.58, 5.23, 0.00, 0.00
4726.00, 11.78, 11.61, 11.57, 7.96, 0.00, 0.00
4736.00, 11.76, 11.54, 11.59, 0.00, -6.80, 2.64
4747.00, 11.72, 11.54, 11.58, -4.42, 0.00, 0.00
4757.00, 11.69, 11.59, 11.57, -2.40, 5.14, 0.00
4767.00, 11.65, 11.60, 11.59, -4.36, 0.00, 2.26
4777.00, 11.64, 11.55, 11.58, 0.00, -5.03, 0.00
4788.00, 11.64, 11.52, 11.57, 0.00, -2.90, 0.00
4797.00, 11.62, 11.69, 11.70, 0.00, 16.90, 13.22
4807.00, 11.70, 11.58, 11.54, 7.81, -10.50, -15.86
4817.00, 11.71, 11.63, 11.59, 0.00, 4.98, 4.95
4828.00, 11.68, 11.62, 11.57, -3.16, 0.00, 0.00
4838.00, 11.75, 11.62, 11.63, 6.86, 0.00, 5.87
4848.00, 11.73, 11.60, 11.58, 0.00, 0.00, -4.85
4858.00, 11.78, 11.45, 11.51, 4.76, -14.61, -6.79
4869.00, 11.69, 11.74, 11.54, -8.19, 29.02, 3.23
4879.00, 11.72, 11.61, 11.54, 2.27, -13.06, 0.00
4889.00, 11.66, 11.62, 11.57, -5.67, 0.00, 3.46
4899.00, 11.65, 11.32, 11.58, 0.00, -29.46, 0.00
4910.00, 11.70, 11.89, 11.58, 4.88, 55.88, 0.00
4920.00, 11.77, 11.66, 11.60, 6.92, -23.02, 2.02
4930.00, 11.73, 11.59, 11.57, -3.78, -6.88, -2.66
4940.00, 11.86, 11.55, 11.55, 12.33, -4.46, 0.00
4951.00, 11.84, 11.55, 11.60, 0.00, 0.00, 4.27
4961.00, 11.81, 11.56, 11.61, -2.94, 0.00, 0.00
4971.00, 11.70, 11.58, 11.62, -11.00, 0.00, 0.00
4980.00, 11.78, 11.63, 11.55, 8.02, 4.77, -6.54
4990.00, 11.75, 11.58, 11.56, -3.37, -4.70, 0.00
5001.00, 11.64, 11.58, 11.59, -10.69, 0.00, 3.18