0,0,0,0,0,0,0
4.00, 0.00, 0.00, 0.00, 0.00, 0.00, 0.00
15.00, 0.00, 0.00, 0.00, 0.00, 0.00, 0.00
25.00, 1.88, 1.86, 1.77, 185.92, 182.30, 164.71
35.00, 2.76, 2.77, 2.73, 95.70, 98.75, 97.18
45.00, 3.55, 3.59, 3.62, 80.38, 80.47, 88.39
55.00, 4.44, 4.37, 4.35, 82.70, 73.81, 68.56
65.00, 5.10, 5.08, 5.07, 64.78, 71.17, 72.06
75.00, 5.73, 5.62, 5.62, 69.03, 57.73, 58.88
86.00, 6.38, 6.33, 6.32, 61.44, 69.58, 67.75
96.00, 6.85, 6.75, 6.76, 46.51, 40.73, 42.70
106.00, 7.24, 7.20, 7.19, 38.48, 44.59, 42.89
117.00, 7.72, 7.69, 7.68, 46.44, 46.88, 47.06
126.00, 8.01, 7.97, 7.96, 31.83, 31.82, 30.43
136.00, 8.41, 8.25, 8.30, 39.44, 27.66, 34.11
146.00, 8.65, 8.56, 8.76, 23.38, 29.47, 43.93
156.00, 8.87, 8.82, 8.91, 21.12, 25.07, 15.22
166.00, 9.11, 9.02, 9.14, 26.67, 21.59, 25.09
176.00, 9.38, 9.24, 9.51, 25.29, 21.71, 35.35
186.00, 9.51, 9.41, 9.66, 12.92, 16.40, 14.10
196.00, 9.78, 9.61, 9.81, 27.13, 19.28, 15.73
206.00, 9.89, 9.71, 10.02, 11.59, 11.44, 22.49
217.00, 9.97, 10.00, 10.02, 7.51, 27.48, 0.00
227.00, 10.16, 10.11, 10.19, 19.34, 11.05, 16.87
237.00, 10.27, 10.24, 10.30, 10.36, 12.45, 10.67
248.00, 10.46, 10.34, 10.41, 18.45, 9.39, 11.26
258.00, 10.54, 10.47, 10.45, 7.81, 12.98, 3.16
268.00, 10.63, 10.50, 10.54, 9.26, 3.53, 9.46
278.00, 10.72, 10.55, 10.65, 9.12, 5.07, 10.95
289.00, 10.84, 10.56, 10.70, 10.79, 0.00, 4.94
298.00, 10.89, 10.67, 10.85, 5.60, 12.03, 15.53
308.00, 11.04, 10.72, 10.88, 14.42, 4.52, 2.69
318.00, 11.00, 10.82, 10.92, -3.98, 10.65, 4.10
329.00, 11.06, 10.88, 10.94, 6.13, 5.91, 1.99
338.00, 11.19, 10.91, 10.96, 14.13, 3.19, 0.00
348.00, 11.04, 11.04, 11.08, -14.55, 12.24, 11.77
358.00, 11.18, 11.04, 11.06, 13.51, 0.00, 0.00
368.00, 11.30, 11.08, 11.12, 11.70, 4.52, 5.33
378.00, 11.29, 11.13, 11.08, 0.00, 5.11, -4.18
388.00, 11.29, 11.18, 11.17, 0.00, 5.26, 9.31
398.00, 11.35, 11.18, 11.23, 6.52, 0.00, 6.17
408.00, 11.31, 11.15, 11.21, -4.61, -2.96, -2.05
419.00, 11.39, 11.08, 11.33, 8.02, -7.15, 12.19
429.00, 11.36, 11.28, 11.29, -2.70, 20.45, -4.31
439.00, 11.47, 11.29, 11.33, 10.81, 0.00, 3.94
449.00, 11.42, 11.29, 11.28, -4.72, 0.00, -4.30
460.00, 11.45, 11.30, 11.39, 2.73, 0.00, 10.47
469.00, 11.39, 11.40, 11.40, -6.37, 10.75, 0.00
479.00, 11.47, 11.36, 11.29, 7.86, -4.30, -11.32
489.00, 11.47, 11.44, 11.34, 0.00, 8.05, 4.56
500.00, 11.46, 11.39, 11.32, 0.00, -5.61, 0.00
509.00, 11.43, 11.31, 11.48, -3.50, -7.54, 15.93
519.00, 11.50, 11.38, 11.39, 7.14, 6.52, -8.66
529.00, 11.60, 11.32, 11.27, 9.87, -6.20, -11.81
539.00, 11.49, 11.36, 11.64, -10.66, 4.79, 35.97
550.00, 11.53, 11.41, 11.42, 4.32, 5.04, -21.53
559.00, 11.68, 11.42, 11.36, 14.53, 0.00, -6.90
569.00, 11.45, 11.48, 11.44, -22.66, 5.83, 8.40
579.00, 11.56, 11.52, 11.45, 10.61, 3.96, 0.00
590.00, 11.55, 11.48, 11.37, 0.00, -4.50, -8.28
599.00, 11.54, 11.53, 11.46, 0.00, 5.20, 10.17
609.00, 11.53, 11.50, 11.35, 0.00, -3.55, -11.82
619.00, 11.50, 11.35, 11.56, -2.74, -13.96, 20.61
630.00, 11.54, 11.50, 11.50, 3.78, 14.39, -5.61
640.00, 11.53, 11.44, 11.53, 0.00, -5.68, 3.62
649.00, 11.60, 11.46, 11.52, 6.66, 0.00, 0.00
659.00, 11.54, 11.47, 11.47, -5.81, 0.00, -5.57
670.00, 11.62, 11.45, 11.44, 7.40, -1.98, -2.42
680.00, 11.57, 11.52, 11.43, -4.43, 7.53, 0.00
689.00, 11.30, 11.52, 11.48, -27.58, 0.00, 6.00
699.00, 11.77, 11.48, 11.48, 46.68, -3.87, 0.00
709.00, 11.62, 11.40, 11.42, -14.82, -7.55, -6.29
720.00, 11.60, 11.50, 11.47, -2.11, 10.75, 5.65
729.00, 11.55, 11.43, 11.52, -4.99, -7.61, 4.20
739.00, 11.43, 11.41, 11.58, -12.22, 0.00, 6.11
749.00, 11.75, 11.42, 11.56, 31.50, 0.00, 0.00
760.00, 11.54, 11.48, 11.54, -20.67, 6.44, 0.00
770.00, 11.68, 11.44, 11.60, 13.71, -3.93, 5.42
780.00, 11.48, 11.51, 11.45, -19.58, 6.60, -14.64
790.00, 11.55, 11.26, 11.59, 7.36, -24.14, 13.75
801.00, 11.56, 11.74, 11.57, 0.00, 47.19, -2.19
811.00, 11.57, 11.55, 11.54, 0.00, -19.27, -2.31
820.00, 11.54, 11.53, 11.55, -3.17, -2.35, 0.00
830.00, 11.58, 11.44, 11.55, 4.27, -8.76, 0.00
841.00, 11.60, 11.44, 11.55, 2.09, 0.00, 0.00
850.00, 11.54, 11.49, 11.55, -6.48, 5.85, 0.00
860.00, 11.45, 11.40, 11.58, -9.36, -9.64, 3.25
870.00, 11.79, 11.56, 11.50, 32.91, 15.64, -8.21
880.00, 11.64, 11.55, 11.42, -13.63, 0.00, -7.18
891.00, 11.66, 11.55, 11.50, 0.00, 0.00, 8.00
900.00, 11.66, 11.51, 11.48, 0.00, -4.80, -2.39
910.00, 11.68, 11.57, 11.46, 2.27, 6.25, 0.00
920.00, 11.61, 11.48, 11.44, -7.74, -8.97, -2.23
931.00, 11.70, 11.57, 11.50, 9.05, 9.37, 6.14
941.00, 11.68, 11.53, 11.48, 0.00, -4.71, 0.00
951.00, 11.63, 11.48, 11.51, -4.69, -4.50, 2.36
961.00, 11.68, 11.50, 11.59, 4.39, 0.00, 8.09
972.00, 11.57, 11.50, 11.54, -9.97, 0.00, -4.48
982.00, 11.66, 11.54, 11.57, 9.02, 3.87, 2.39
991.00, 11.65, 11.56, 11.49, 0.00, 2.43, -8.18
1001.00, 11.66, 11.49, 11.30, 0.00, -7.12, -17.91
1012.00, 11.64, 11.61, 11.70, 0.00, 12.04, 38.42
1022.00, 11.57, 11.60, 11.50, -7.04, 0.00, -19.75
1032.00, 11.59, 11.56, 11.49, 0.00, -4.58, 0.00
1042.00, 11.60, 11.42, 11.49, 0.00, -13.06, 0.00
1052.00, 11.61, 11.66, 11.56, 0.00, 23.69, 6.52
1063.00, 11.61, 11.46, 11.52, 0.00, -20.21, -3.95
1073.00, 11.62, 11.52, 11.56, 0.00, 6.05, 3.94
1083.00, 11.69, 11.49, 11.57, 6.67, -3.02, 0.00
1093.00, 11.68, 11.56, 11.39, 0.00, 6.29, -17.97
1104.00, 11.62, 11.56, 11.41, -6.52, 0.00, 2.88
1114.00, 11.61, 11.47, 11.52, 0.00, -8.33, 9.94
1124.00, 11.65, 11.79, 11.50, 3.49, 30.50, -2.15
1134.00, 11.50, 11.57, 11.46, -14.30, -21.64, -3.94
1145.00, 11.57, 11.72, 11.42, 6.07, 14.93, -3.73
1155.00, 11.38, 11.59, 11.49, -18.00, -12.61, 7.14
1165.00, 11.69, 11.52, 11.56, 31.72, -6.90, 6.72
1175.00, 11.62, 11.48, 11.53, -7.78, -3.08, -3.03
1186.00, 11.56, 11.52, 11.57, -5.00, 3.24, 3.48
1196.00, 11.53, 11.50, 11.51, -3.17, -2.21, -5.88
1206.00, 11.58, 11.53, 11.60, 4.61, 3.04, 9.24
1216.00, 11.54, 11.57, 11.46, -4.13, 3.95, -14.08
1226.00, 11.64, 11.52, 11.48, 10.15, -4.26, 0.00
1236.00, 11.54, 11.56, 11.49, -10.20, 4.14, 0.00
1246.00, 11.64, 11.61, 11.44, 10.15, 4.66, -5.14
1256.00, 11.58, 11.52, 11.55, -5.51, -9.18, 10.93
1267.00, 11.56, 11.46, 11.55, -2.19, -5.12, 0.00
1277.00, 11.59, 11.48, 11.54, 2.78, 0.00, 0.00
1286.00, 11.60, 11.49, 11.58, 0.00, 0.00, 3.72
1296.00, 11.61, 11.40, 11.58, 0.00, -8.95, 0.00
1306.00, 11.64, 11.57, 11.58, 3.32, 16.01, 0.00
1317.00, 11.62, 11.53, 11.52, -2.90, -4.18, -5.68
1327.00, 11.64, 11.58, 11.48, 2.81, 5.31, -3.88
1336.00, 11.58, 11.54, 11.49, -6.55, -4.25, 0.00
1346.00, 11.55, 11.57, 11.53, -2.76, 3.13, 3.50
1357.00, 11.66, 11.58, 11.50, 11.24, 0.00, -2.99
1367.00, 11.39, 11.57, 11.58, -25.38, 0.00, 8.72
1377.00, 11.77, 11.40, 11.60, 38.38, -16.96, 0.00
1387.00, 11.57, 11.58, 11.56, -19.49, 17.97, -4.10
1398.00, 11.68, 11.52, 11.54, 11.03, -6.51, -2.07
1408.00, 11.59, 11.53, 11.58, -8.64, 0.00, 4.04
1418.00, 11.66, 11.56, 11.43, 6.70, 3.05, -14.49
1428.00, 11.72, 11.58, 11.47, 6.30, 0.00, 3.89
1439.00, 11.70, 11.58, 11.48, 0.00, 0.00, 0.00
1448.00, 11.67, 11.61, 11.47, -3.91, 2.87, 0.00
1458.00, 11.63, 11.60, 11.45, -3.30, 0.00, -2.17
1468.00, 11.58, 11.51, 11.46, -5.39, -8.61, 0.00
1478.00, 11.82, 11.64, 11.39, 23.76, 12.74, -7.08
1489.00, 11.65, 11.56, 11.59, -17.52, -7.91, 19.53
1499.00, 11.71, 11.48, 11.45, 5.76, -8.09, -13.66
1509.00, 11.66, 11.64, 11.54, -4.74, 16.14, 8.51
1519.00, 11.76, 11.39, 11.62, 10.26, -25.33, 7.79
1530.00, 11.69, 11.78, 11.46, -6.87, 38.67, -15.53
1540.00, 11.76, 11.56, 11.50, 7.34, -21.32, 3.95
1550.00, 11.60, 11.62, 11.47, -16.40, 5.42, -3.15
1560.00, 11.69, 11.60, 11.49, 8.61, 0.00, 2.40
1571.00, 11.47, 11.64, 11.55, -21.20, 3.39, 5.84
1581.00, 11.74, 11.61, 11.46, 26.78, -3.35, -8.90
1591.00, 11.58, 11.57, 11.56, -15.52, -3.36, 9.60
1601.00, 11.70, 11.52, 11.54, 11.80, -4.95, -2.28
1612.00, 11.63, 11.53, 11.53, -7.20, 0.00, 0.00
1622.00, 11.65, 11.56, 11.39, 0.00, 3.11, -13.93
1632.00, 11.74, 11.60, 11.66, 9.34, 4.35, 27.14
1641.00, 11.77, 11.55, 11.36, 2.66, -4.94, -29.58
1652.00, 11.48, 11.64, 11.53, -27.79, 9.09, 17.56
1662.00, 11.86, 11.57, 11.38, 37.39, -6.79, -14.99
1672.00, 11.66, 11.65, 11.40, -19.80, 7.67, 0.00
1682.00, 11.63, 11.62, 11.51, -2.84, -3.32, 11.71
1692.00, 11.66, 11.65, 11.45, 2.32, 3.24, -6.75
1703.00, 11.60, 11.53, 11.47, -5.64, -12.05, 2.93
1713.00, 11.67, 11.57, 11.30, 6.87, 4.21, -17.22
1723.00, 11.57, 11.54, 11.76, -9.52, -3.58, 46.02
1733.00, 11.69, 11.59, 11.53, 11.47, 5.40, -23.51
1743.00, 11.70, 11.54, 11.50, 0.00, -4.93, -2.47
1753.00, 11.44, 11.58, 11.41, -25.48, 3.45, -9.17
1763.00, 11.85, 11.59, 11.44, 40.53, 0.00, 3.01
1773.00, 11.48, 11.59, 11.46, -35.42, 0.00, 2.27
1784.00, 11.79, 11.59, 11.41, 31.40, 0.00, -4.94
1794.00, 11.65, 11.59, 11.41, -13.08, 0.00, 0.00
1804.00, 11.68, 11.57, 11.49, 2.62, 0.00, 7.13
1814.00, 11.68, 11.46, 11.50, 0.00, -10.58, 0.00
1825.00, 11.68, 11.51, 11.50, 0.00, 4.55, 0.00
1835.00, 11.69, 11.53, 11.58, 0.00, 0.00, 8.50
1844.00, 11.69, 11.53, 11.56, 0.00, 0.00, -2.25
1854.00, 11.76, 11.52, 11.50, 7.48, 0.00, -6.09
1865.00, 11.72, 11.43, 11.49, -4.25, -8.36, 0.00
1875.00, 11.66, 11.65, 11.51, -6.42, 22.48, 2.05
1885.00, 11.65, 11.55, 11.53, 0.00, -9.36, 2.48
1895.00, 11.63, 11.54, 11.48, 0.00, 0.00, -4.76
1905.00, 11.64, 11.59, 11.57, 0.00, 5.42, 8.05
1916.00, 11.66, 11.53, 11.52, 0.00, -6.44, -4.65
1926.00, 11.59, 11.49, 11.53, -6.53, -3.90, 0.00
1935.00, 11.73, 11.53, 11.51, 13.99, 3.97, 0.00
1945.00, 11.64, 11.58, 11.65, -9.39, 4.85, 13.98
1956.00, 11.74, 11.52, 11.46, 9.58, -6.07, -18.72
1966.00, 11.63, 11.59, 11.40, -10.75, 6.92, -5.78
1976.00, 11.78, 11.59, 11.46, 14.90, 0.00, 5.31
1986.00, 11.72, 11.54, 11.46, -5.95, -5.56, 0.00
1997.00, 11.69, 11.60, 11.43, -3.29, 6.48, -2.44
2007.00, 11.81, 11.57, 11.36, 11.80, -2.91, -7.57
2017.00, 11.69, 11.53, 11.54, -12.06, -4.05, 17.98
2027.00, 11.73, 11.58, 11.45, 3.92, 4.72, -9.18
2038.00, 11.80, 11.43, 11.48, 6.67, -14.11, 3.31
2048.00, 11.70, 11.61, 11.48, -10.06, 17.12, 0.00
2058.00, 11.78, 11.52, 11.61, 7.75, -8.80, 13.27
2068.00, 11.77, 11.60, 11.29, 0.00, 8.29, -31.89
2079.00, 11.74, 11.54, 11.62, -2.88, -5.79, 32.11
2089.00, 11.80, 11.52, 11.45, 5.28, -2.11, -17.43
2099.00, 11.61, 11.57, 11.48, -17.09, 4.61, 3.31
2109.00, 11.70, 11.61, 11.55, 8.95, 4.26, 6.62
2120.00, 11.67, 11.59, 11.48, -3.60, -2.01, -6.62
2130.00, 11.59, 11.56, 11.55, -7.48, -2.62, 7.11
2140.00, 11.59, 11.52, 11.40, 0.00, -4.26, -14.28
2150.00, 11.71, 11.51, 11.72, 12.15, 0.00, 31.44
2160.00, 11.66, 11.53, 11.58, -5.29, 2.17, -13.52
2171.00, 11.75, 11.58, 11.53, 9.07, 4.41, -4.95
2181.00, 11.68, 11.55, 11.49, -7.32, -2.88, -3.35
2191.00, 11.81, 11.55, 11.38, 12.71, 0.00, -10.80
2201.00, 11.66, 11.59, 11.48, -15.29, 3.71, 10.02
2212.00, 11.65, 11.60, 11.47, 0.00, 0.00, 0.00
2222.00, 11.61, 11.59, 11.48, -3.76, 0.00, 0.00
2232.00, 11.69, 11.62, 11.41, 7.48, 3.33, -6.11
2242.00, 11.59, 11.57, 11.55, -9.77, -5.22, 13.59
2253.00, 11.60, 11.53, 11.55, 0.00, -3.66, 0.00
2263.00, 11.67, 11.57, 11.52, 6.52, 3.49, -2.10
2273.00, 11.65, 11.54, 11.58, 0.00, -2.84, 5.46
2283.00, 11.70, 11.52, 11.52, 4.30, 0.00, -6.12
2294.00, 11.76, 11.50, 11.50, 6.55, -2.27, -2.45
2304.00, 11.65, 11.55, 11.47, -11.24, 5.34, -3.02
2314.00, 11.68, 11.53, 11.47, 2.73, 0.00, 0.00
2323.00, 11.67, 11.54, 11.52, 0.00, 0.00, 4.73
2334.00, 11.48, 11.54, 11.48, -18.87, 0.00, -3.52
2344.00, 11.79, 11.52, 11.45, 31.09, 0.00, -3.79
2354.00, 11.72, 11.49, 11.32, -7.52, -3.00, -12.43
2364.00, 11.62, 11.52, 11.79, -10.09, 2.22, 46.74
2374.00, 11.66, 11.44, 11.59, 4.47, -7.00, -19.68
2384.00, 11.77, 11.42, 11.55, 10.49, -2.52, -3.44
2394.00, 11.77, 11.59, 11.56, 0.00, 17.38, 0.00
2404.00, 11.68, 11.26, 11.57, -9.28, -32.97, 0.00
2414.00, 11.68, 11.64, 11.46, 0.00, 37.34, -11.03
2425.00, 11.74, 11.46, 11.64, 5.66, -18.32, 18.18
2435.00, 11.64, 11.50, 11.58, -9.79, 4.52, -5.70
2445.00, 11.62, 11.54, 11.49, 0.00, 3.13, -8.64
2455.00, 11.52, 11.53, 11.63, -9.65, 0.00, 13.61
2466.00, 11.72, 11.48, 11.63, 20.37, -4.49, 0.00
2476.00, 11.55, 11.51, 11.58, -17.31, 2.33, -5.16
2486.00, 11.70, 11.52, 11.60, 15.35, 0.00, 2.43
2496.00, 11.65, 11.49, 11.58, -5.02, -3.11, -2.03
2506.00, 11.77, 11.50, 11.50, 11.71, 0.00, -8.10
2516.00, 11.74, 11.47, 11.47, -2.89, -2.32, -3.39
2526.00, 11.69, 11.51, 11.56, -4.56, 3.15, 9.16
2536.00, 11.79, 11.53, 11.52, 9.20, 2.08, -4.38
2547.00, 11.64, 11.52, 11.54, -14.87, 0.00, 2.92
2557.00, 11.69, 11.49, 11.52, 4.74, -3.43, -2.12
2567.00, 11.73, 11.53, 11.50, 4.03, 4.55, -2.27
2576.00, 11.72, 11.45, 11.62, 0.00, -7.67, 11.94
2586.00, 11.66, 11.59, 11.58, -6.50, 13.30, -3.78
2597.00, 11.77, 11.50, 11.59, 10.97, -8.79, 0.00
2607.00, 11.65, 11.52, 11.58, -11.46, 0.00, 0.00
2617.00, 11.70, 11.48, 11.51, 4.76, -3.43, -7.15
2627.00, 11.85, 11.50, 11.49, 14.09, 0.00, 0.00
2638.00, 11.69, 11.55, 11.49, -16.36, 4.95, 0.00
2648.00, 11.61, 11.54, 11.60, -7.01, 0.00, 10.94
2658.00, 11.61, 11.57, 11.55, 0.00, 2.89, -5.02
2668.00, 11.63, 11.36, 11.54, 2.12, -20.09, 0.00
2679.00, 11.63, 11.71, 11.57, 0.00, 33.26, 2.31
2689.00, 11.71, 11.48, 11.62, 8.21, -22.83, 5.18
2699.00, 11.62, 11.50, 11.57, -8.72, 2.26, -4.52
2709.00, 11.73, 11.29, 11.66, 10.44, -20.88, 8.22
2720.00, 11.77, 11.70, 11.50, 4.59, 40.33, -15.21
2730.00, 11.76, 11.50, 11.42, 0.00, -19.75, -7.82
2739.00, 11.67, 11.56, 11.55, -9.04, 6.02, 12.71
2749.00, 11.66, 11.51, 11.50, 0.00, -4.71, -5.00
2760.00, 11.62, 11.53, 11.50, -3.90, 0.00, 0.00
2770.00, 11.64, 11.58, 11.53, 0.00, 5.01, 3.04
2779.00, 11.57, 11.58, 11.57, -6.97, 0.00, 4.25
2789.00, 11.67, 11.46, 11.51, 10.34, -11.22, -5.35
2799.00, 11.54, 11.61, 11.67, -13.08, 14.16, 15.01
2810.00, 11.63, 11.55, 11.65, 8.54, -5.17, 0.00
2820.00, 11.62, 11.42, 11.61, 0.00, -12.35, -4.30
2830.00, 11.71, 11.61, 11.49, 9.07, 18.15, -12.11
2840.00, 11.59, 11.44, 11.59, -11.88, -16.23, 10.54
2851.00, 11.65, 11.53, 11.49, 5.43, 8.88, -9.77
2861.00, 11.60, 11.56, 11.55, -4.16, 2.61, 5.07
2871.00, 11.59, 11.50, 11.51, 0.00, -5.31, -3.22
2881.00, 11.61, 11.56, 11.60, 0.00, 5.19, 8.71
2892.00, 11.63, 11.48, 11.53, 2.59, -8.09, -6.71
2902.00, 11.57, 11.43, 11.57, -6.13, -4.28, 4.06
2912.00, 11.68, 11.60, 11.70, 10.20, 16.97, 12.54
2922.00, 11.70, 11.46, 11.63, 2.24, -14.05, -6.31
2933.00, 11.58, 11.49, 11.60, -11.09, 3.51, -3.67
2943.00, 11.73, 11.42, 11.63, 14.22, -7.38, 3.19
2952.00, 11.75, 11.42, 11.58, 2.67, 0.00, -5.16
2962.00, 11.65, 11.44, 11.54, -10.07, 0.00, -4.13
2972.00, 11.62, 11.46, 11.66, -3.77, 0.00, 12.00
2983.00, 11.65, 11.51, 11.56, 3.73, 5.58, -9.49
2993.00, 11.58, 11.54, 11.65, -7.47, 3.08, 9.11
3002.00, 11.63, 11.50, 11.61, 5.12, -3.81, -4.23
3012.00, 11.57, 11.51, 11.61, -6.08, 0.00, 0.00
3023.00, 11.61, 11.53, 11.59, 4.18, 0.00, 0.00
3032.00, 11.61, 11.54, 11.61, 0.00, 0.00, 2.29
3042.00, 11.63, 11.49, 11.55, 0.00, -4.49, -6.65
3052.00, 11.69, 11.49, 11.58, 5.37, 0.00, 3.52
3063.00, 11.75, 11.45, 11.56, 6.35, -4.41, -2.71
3073.00, 11.68, 11.52, 11.58, -7.09, 6.98, 2.54
3083.00, 11.75, 11.48, 11.57, 7.02, -3.42, 0.00
3092.00, 11.61, 11.53, 11.56, -14.05, 5.36, 0.00
3103.00, 11.61, 11.52, 11.58, 0.00, 0.00, 2.23
3113.00, 11.73, 11.55, 11.64, 12.12, 3.09, 5.69
3123.00, 11.60, 11.56, 11.61, -13.08, 0.00, -2.84
3132.00, 11.68, 11.55, 11.55, 8.68, 0.00, -6.22
3142.00, 11.64, 11.52, 11.71, -4.20, -2.74, 16.55
3153.00, 11.71, 11.54, 11.55, 6.37, 1.97, -16.24
3163.00, 11.63, 11.45, 11.56, -7.60, -8.74, 0.00
3173.00, 11.81, 11.53, 11.54, 17.04, 6.99, 0.00
3183.00, 11.62, 11.49, 11.54, -18.26, -3.55, 0.00
3194.00, 11.57, 11.53, 11.54, -5.11, 4.44, 0.00
3203.00, 11.57, 11.54, 11.59, 0.00, 0.00, 5.52
3213.00, 11.67, 11.57, 11.53, 10.34, 3.61, -5.87
3223.00, 11.55, 11.59, 11.70, -12.07, 0.00, 17.14
3234.00, 11.63, 11.53, 11.63, 8.25, -6.18, -7.20
3244.00, 11.61, 11.57, 11.63, -2.43, 4.67, 0.00
3254.00, 11.61, 11.53, 11.57, 0.00, -4.97, -6.04
3263.00, 11.75, 11.51, 11.55, 14.02, 0.00, -2.50
3274.00, 11.62, 11.52, 11.56, -12.43, 0.00, 0.00
3284.00, 11.69, 11.53, 11.53, 6.91, 0.00, -2.89
3294.00, 11.58, 11.56, 11.54, -10.99, 2.36, 0.00
3303.00, 11.52, 11.60, 11.54, -6.30, 3.90, 0.00
3313.00, 11.55, 11.55, 11.52, 3.67, -4.71, 0.00
3324.00, 11.55, 11.60, 11.67, 0.00, 4.63, 14.98
3334.00, 11.58, 11.52, 11.60, 3.00, -7.80, -7.03
3343.00, 11.53, 11.69, 11.38, -5.89, 16.88, -21.51
3353.00, 11.52, 11.53, 11.89, 0.00, -15.35, 50.28
3364.00, 11.62, 11.39, 11.60, 9.41, -13.88, -27.57
3374.00, 11.64, 11.68, 11.51, 2.22, 28.82, -9.01
3384.00, 11.57, 11.54, 11.57, -7.26, -13.53, 5.81
3394.00, 11.66, 11.49, 11.54, 9.12, -4.71, -3.34
3405.00, 11.57, 11.53, 11.52, -8.14, 4.02, 0.00
3415.00, 11.51, 11.57, 11.59, -6.18, 3.75, 6.82
3425.00, 11.69, 11.54, 11.57, 18.32, -3.47, -2.51
3435.00, 11.52, 11.56, 11.55, -15.92, 2.61, -2.00
3446.00, 11.54, 11.52, 11.46, 0.00, -4.53, -8.33
3456.00, 11.55, 11.50, 11.79, 0.00, 0.00, 33.76
3466.00, 11.62, 11.58, 11.62, 6.43, 7.83, -16.84
3476.00, 11.73, 11.49, 11.63, 10.78, -9.15, 0.00
3487.00, 11.61, 11.47, 11.56, -12.83, 0.00, -6.65
3497.00, 11.65, 11.39, 11.62, 4.19, -8.18, 6.03
3507.00, 11.70, 11.56, 11.59, 5.09, 16.79, -2.86
3517.00, 11.58, 11.47, 11.55, -11.65, -8.62, -4.15
3526.00, 11.58, 11.50, 11.65, 0.00, 3.17, 10.05
3537.00, 11.53, 11.57, 11.58, -5.27, 6.47, -7.49
3547.00, 11.58, 11.54, 11.68, 5.03, -3.34, 10.20
3557.00, 11.58, 11.55, 11.61, 0.00, 0.00, -6.85
3567.00, 11.63, 11.59, 11.63, 5.31, 3.85, 0.00
3578.00, 11.60, 11.55, 11.53, -3.36, -4.21, -9.70
3588.00, 11.63, 11.51, 11.50, 2.81, -3.75, -3.45
3597.00, 11.69, 11.53, 11.44, 5.93, 2.18, -5.83
3607.00, 11.63, 11.53, 11.66, -6.06, 0.00, 22.24
3618.00, 11.74, 11.55, 11.55, 10.27, 2.21, -10.23
3628.00, 11.56, 11.33, 11.51, -17.38, -21.67, -4.12
3638.00, 11.64, 11.80, 11.59, 7.66, 46.01, 7.83
3648.00, 11.58, 11.61, 11.48, -5.92, -18.57, -10.30
3659.00, 11.66, 11.55, 11.63, 8.12, -6.29, 13.83
3669.00, 11.68, 11.64, 11.62, 0.00, 9.08, 0.00
3679.00, 11.65, 11.59, 11.52, -3.09, -4.66, -9.08
3689.00, 11.68, 11.55, 11.62, 3.50, -3.41, 9.17
3700.00, 11.63, 11.53, 11.62, -5.91, -2.50, 0.00
3710.00, 11.75, 11.49, 11.52, 12.10, -4.35, -9.59
3720.00, 11.65, 11.50, 11.52, -9.71, 0.00, 0.00
3729.00, 11.59, 11.54, 11.35, -6.09, 3.99, -17.02
3739.00, 11.65, 11.59, 11.81, 6.04, 5.29, 45.51
3750.00, 11.55, 11.55, 11.56, -9.91, -4.25, -24.55
3760.00, 11.65, 11.60, 11.63, 10.46, 4.69, 6.90
3770.00, 11.58, 11.57, 11.59, -6.65, -2.75, -3.68
3780.00, 11.70, 11.58, 11.63, 11.62, 0.00, 4.28
3791.00, 11.62, 11.43, 11.66, -7.50, -15.33, 2.36
3801.00, 11.69, 11.68, 11.51, 6.39, 24.73, -14.31
3811.00, 11.58, 11.50, 11.54, -10.19, -17.03, 2.12
3821.00, 11.74, 11.59, 11.48, 15.34, 8.95, -5.79
3832.00, 11.63, 11.63, 11.57, -10.51, 3.54, 8.71
3842.00, 11.55, 11.56, 11.52, -8.11, -6.54, -4.90
3851.00, 11.66, 11.51, 11.51, 10.94, -5.20, 0.00
3861.00, 11.54, 11.68, 11.66, -12.50, 16.39, 14.73
3872.00, 11.57, 11.64, 11.59, 3.39, -3.14, -6.62
3882.00, 11.52, 11.58, 11.62, -5.29, -6.12, 2.59
3892.00, 11.58, 11.62, 11.59, 5.69, 3.35, -2.67
3902.00, 11.68, 11.56, 11.65, 10.18, -5.58, 6.07
3913.00, 11.65, 11.49, 11.38, -3.09, -7.14, -25.55
3923.00, 11.60, 11.63, 11.66, -5.05, 14.30, 27.44
3933.00, 11.64, 11.50, 11.48, 4.53, -12.45, -17.42
3943.00, 11.65, 11.56, 11.56, 0.00, 5.42, 7.85
3953.00, 11.63, 11.58, 11.55, -2.58, 2.19, 0.00
3964.00, 11.60, 11.57, 11.55, -3.10, 0.00, 0.00
3973.00, 11.59, 11.59, 11.59, 0.00, 0.00, 3.80
3983.00, 11.58, 11.60, 11.57, 0.00, 0.00, 0.00
3993.00, 11.52, 11.57, 11.55, -6.18, -2.57, -2.25
4004.00, 11.72, 11.56, 11.70, 20.33, 0.00, 15.71
4014.00, 11.61, 11.47, 11.39, -11.06, -8.54, -30.45
4024.00, 11.67, 11.52, 11.80, 6.24, 4.86, 39.98
4034.00, 11.71, 11.44, 11.62, 4.08, -8.28, -18.12
4045.00, 11.76, 11.45, 11.58, 4.57, 0.00, -3.78
4054.00, 11.66, 11.48, 11.55, -9.76, 3.86, -2.30
4064.00, 11.57, 11.53, 11.65, -9.31, 4.91, 9.25
4074.00, 11.43, 11.43, 11.57, -12.95, -10.05, -7.25
4085.00, 11.83, 11.63, 11.58, 39.93, 20.33, 0.00
4095.00, 11.66, 11.57, 11.64, -17.26, -6.12, 5.87
4105.00, 11.60, 11.58, 11.59, -5.93, 0.00, -5.19
4115.00, 11.65, 11.56, 11.57, 5.32, 0.00, -2.28
4126.00, 11.70, 11.54, 11.54, 4.37, 0.00, -2.30
4136.00, 11.80, 11.51, 11.50, 10.33, -3.79, -4.71
4146.00, 11.63, 11.49, 11.27, -17.01, -2.05, -21.99
4156.00, 11.80, 11.55, 11.76, 16.91, 6.53, 48.15
4166.00, 11.70, 11.50, 11.55, -9.05, -5.03, -19.95
4177.00, 11.71, 11.59, 11.55, 0.00, 8.52, 0.00
4186.00, 11.65, 11.55, 11.54, -6.10, -4.01, 0.00
4196.00, 11.65, 11.55, 11.58, 0.00, 0.00, 4.56
4206.00, 11.69, 11.48, 11.62, 4.00, -6.43, 3.87
4217.00, 11.76, 11.69, 11.56, 7.12, 21.01, -5.68
4227.00, 11.63, 11.52, 11.64, -13.84, -16.25, 7.80
4237.00, 11.75, 11.55, 11.49, 12.02, 2.68, -14.76
4247.00, 11.76, 11.46, 11.57, 0.00, -8.81, 7.59
4257.00, 11.80, 11.50, 11.51, 4.53, 3.61, -5.91
4267.00, 11.67, 11.44, 11.50, -13.52, -6.05, 0.00
4277.00, 11.71, 11.64, 11.60, 4.64, 20.80, 10.10
4287.00, 11.59, 11.52, 11.53, -11.88, -12.51, -7.16
4298.00, 11.49, 11.57, 11.61, -10.28, 4.98, 8.08
4308.00, 11.87, 11.62, 11.55, 38.41, 5.29, -6.61
4318.00, 11.62, 11.59, 11.66, -23.75, -3.38, 10.98
4328.00, 11.56, 11.55, 11.58, -5.66, -3.80, -7.74
4339.00, 11.82, 11.55, 11.60, 26.25, 0.00, 0.00
4349.00, 11.80, 11.51, 11.52, -2.39, -3.61, -8.67
4358.00, 11.67, 11.51, 11.50, -13.05, 0.00, 0.00
4368.00, 11.73, 11.52, 11.52, 6.05, 0.00, 2.11
4378.00, 11.61, 11.53, 11.51, -11.70, 0.00, 0.00
4389.00, 11.62, 11.56, 11.54, 0.00, 3.11, 3.54
4399.00, 11.69, 11.50, 11.62, 6.97, -5.33, 7.11
4408.00, 11.58, 11.66, 11.56, -10.72, 15.86, -5.16
4418.00, 11.63, 11.36, 11.52, 5.54, -29.66, -3.88
4429.00, 11.57, 11.81, 11.66, -6.37, 45.16, 13.01
4439.00, 11.67, 11.61, 11.64, 9.47, -19.34, 0.00
4449.00, 11.70, 11.47, 11.55, 3.61, -14.26, -8.41
4459.00, 11.65, 11.51, 11.51, -4.78, 4.08, -4.22
4470.00, 11.68, 11.48, 11.48, 2.77, -3.34, -3.34
4480.00, 11.73, 11.48, 11.63, 4.64, 0.00, 15.75
4490.00, 11.59, 11.45, 11.54, -13.71, -2.90, -9.24
4500.00, 11.68, 11.61, 11.32, 9.49, 15.52, -21.61
4511.00, 11.68, 11.55, 11.83, 0.00, -5.62, 51.08
4520.00, 11.58, 11.58, 11.51, -9.77, 2.04, -32.06
4530.00, 11.68, 11.55, 11.67, 10.05, -3.01, 16.37
4540.00, 11.63, 11.57, 11.62, -5.48, 2.49, -5.34
4550.00, 11.71, 11.50, 11.61, 8.61, -6.65, 0.00
4561.00, 11.68, 11.45, 11.56, -3.68, -5.31, -5.09
4571.00, 11.74, 11.45, 11.63, 6.80, 0.00, 6.49
4580.00, 11.72, 11.43, 11.57, -2.67, 0.00, -5.36
4590.00, 11.78, 11.41, 11.60, 6.06, 0.00, 2.45
4601.00, 11.51, 11.47, 11.58, -26.39, 5.99, 0.00
4611.00, 11.84, 11.48, 11.56, 32.80, 0.00, -2.31
4620.00, 11.61, 11.54, 11.69, -23.77, 5.81, 13.45
4630.00, 11.69, 11.51, 11.64, 8.22, -3.55, -5.41
4641.00, 11.63, 11.52, 11.58, -5.48, 0.00, -5.47
4651.00, 11.74, 11.65, 11.67, 10.70, 12.59, 8.23
4661.00, 11.62, 11.47, 11.55, -11.74, -17.75, -11.60
4671.00, 11.83, 11.49, 11.53, 20.16, 2.64, -2.30
4682.00, 11.70, 11.47, 11.50, -12.16, -2.48, -2.11
4692.00, 11.78, 11.44, 11.51, 7.43, -3.03, 0.00
4702.00, 11.71, 11.53, 11.59, -6.77, 8.74, 7.83
4712.00, 11.67, 11.48, 11.52, -3.58, -4.90, -6.63
4723.00, 11.73, 11.52, 11.59, 5.42, 3.64, 6.50
4733.00, 11.65, 11.55, 11.61, -8.11, 3.97, 2.06
4743.00, 11.68, 11.55, 11.60, 3.50, 0.00, 0.00
4753.00, 11.72, 11.62, 11.39, 3.67, 6.04, -20.27
4763.00, 11.72, 11.55, 11.87, 0.00, -6.99, 47.05
4774.00, 11.70, 11.28, 11.60, -2.25, -26.26, -27.05
4784.00, 11.74, 11.68, 11.58, 4.35, 39.23, 0.00
4794.00, 11.79, 11.45, 11.53, 4.95, -22.49, -4.82
4804.00, 11.63, 11.44, 11.60, -15.50, 0.00, 6.48
4814.00, 11.76, 11.46, 11.56, 12.09, 2.45, -3.79
4824.00, 11.66, 11.54, 11.62, -9.15, 7.62, 5.56
4834.00, 11.64, 11.50, 11.62, 0.00, -3.81, 0.00
4844.00, 11.65, 11.55, 11.66, 0.00, 5.20, 4.10
4855.00, 11.68, 11.47, 11.65, 2.62, -7.73, 0.00
4865.00, 11.68, 11.68, 11.67, 0.00, 20.45, 0.00
4875.00, 11.76, 11.49, 11.60, 8.42, -18.42, -7.49
4885.00, 11.65, 11.46, 11.62, -11.11, -3.37, 2.39
4896.00, 11.73, 11.43, 11.53, 7.72, -3.20, -9.33
4905.00, 11.74, 11.58, 11.59, 0.00, 15.67, 6.48
4915.00, 11.60, 11.47, 11.55, -14.40, -10.91, -4.25
4925.00, 11.68, 11.52, 11.63, 7.32, 4.54, 7.36
4936.00, 11.57, 11.54, 11.60, -9.66, 0.00, -2.53
4946.00, 11.60, 11.57, 11.62, 2.69, 3.54, 2.06
4956.00, 11.59, 11.57, 11.65, 0.00, 0.00, 2.78
4966.00, 11.63, 11.58, 11.68, 3.45, 0.00, 2.67
4976.00, 11.65, 11.60, 11.66, 2.22, 2.08, 0.00
4987.00, 11.63, 11.55, 11.64, 0.00, -5.26, -2.45
4997.00, 11.62, 11.45, 11.58, 0.00, -9.58, -6.01