0,0,0,0,0,0,0
13.00, 0.00, 0.00, 0.00, 0.00, 0.00, 0.00
23.00, 1.54, 1.48, 1.59, 150.19, 138.54, 159.75
34.00, 2.61, 2.42, 2.51, 103.79, 89.16, 85.81
43.00, 3.60, 3.23, 3.41, 106.00, 82.94, 96.85
53.00, 4.33, 4.00, 4.20, 70.90, 73.91, 74.60
63.00, 5.05, 4.75, 4.93, 72.46, 74.87, 73.00
75.00, 5.69, 5.31, 5.58, 62.06, 55.19, 61.34
84.00, 6.26, 5.94, 6.13, 62.18, 67.42, 60.74
94.00, 6.76, 6.40, 6.53, 48.06, 45.48, 39.59
104.00, 7.26, 6.92, 7.05, 48.66, 49.48, 49.48
114.00, 7.62, 7.30, 7.46, 35.19, 37.96, 40.98
124.00, 8.01, 7.60, 7.78, 42.10, 31.29, 33.51
134.00, 8.27, 8.20, 8.17, 26.11, 60.90, 39.07
144.00, 8.59, 8.42, 8.51, 31.06, 21.22, 32.82
154.00, 8.76, 8.70, 8.79, 16.22, 27.51, 27.75
165.00, 8.98, 9.02, 9.12, 22.13, 30.95, 32.16
175.00, 9.26, 9.15, 9.32, 27.86, 12.74, 19.10
185.00, 9.47, 9.52, 9.53, 19.73, 36.74, 20.96
195.00, 9.67, 9.59, 9.74, 18.80, 6.79, 20.30
206.00, 9.75, 9.72, 9.94, 8.20, 12.87, 19.80
215.00, 9.91, 9.95, 10.12, 17.92, 25.50, 19.06
225.00, 10.16, 10.12, 10.18, 24.33, 15.81, 6.49
236.00, 10.14, 10.13, 10.19, -2.29, 0.00, 0.00
247.00, 10.34, 10.32, 10.21, 19.62, 18.88, 2.74
256.00, 10.40, 10.34, 10.40, 6.14, 2.39, 19.48
266.00, 10.51, 10.45, 10.40, 10.66, 10.30, 0.00
276.00, 10.56, 10.57, 10.53, 5.50, 11.97, 12.79
286.00, 10.61, 10.61, 10.58, 4.81, 4.40, 4.59
296.00, 10.72, 10.71, 10.76, 11.09, 9.97, 20.08
306.00, 10.72, 10.81, 10.78, 0.00, 10.40, 0.00
316.00, 10.79, 10.77, 10.92, 7.08, -3.51, 13.94
326.00, 10.92, 10.97, 10.98, 12.38, 18.71, 4.97
336.00, 11.00, 10.93, 11.01, 8.28, -3.56, 3.44
346.00, 11.04, 10.93, 11.00, 3.79, 0.00, 0.00
356.00, 11.01, 11.01, 10.96, -2.21, 7.73, -3.62
366.00, 11.21, 11.07, 10.94, 19.42, 5.37, -2.07
377.00, 11.15, 11.09, 10.97, -5.82, 2.50, 2.52
386.00, 11.18, 11.12, 10.99, 2.97, 2.80, 0.00
396.00, 11.15, 11.19, 11.07, -3.19, 7.66, 8.89
406.00, 11.10, 11.25, 11.09, -4.80, 5.61, 0.00
417.00, 11.17, 11.21, 11.28, 6.60, -4.32, 18.93
427.00, 11.21, 11.22, 11.28, 3.83, 0.00, 0.00
436.00, 11.16, 11.24, 11.30, -4.94, 2.75, 0.00
446.00, 11.24, 11.26, 11.37, 8.49, 0.00, 7.32
456.00, 11.31, 11.27, 11.43, 6.61, 0.00, 5.73
466.00, 11.24, 11.27, 11.31, -6.84, 0.00, -12.79
476.00, 11.27, 11.25, 11.19, 2.86, 0.00, -12.20
486.00, 11.31, 11.12, 11.19, 3.79, -13.33, 0.00
496.00, 11.26, 11.46, 11.33, -4.68, 33.81, 14.07
507.00, 11.40, 11.32, 11.34, 13.98, -13.78, 0.00
517.00, 11.29, 11.37, 11.32, -11.27, 4.70, 0.00
527.00, 11.31, 11.37, 11.39, 0.00, 0.00, 6.29
537.00, 11.39, 11.32, 11.41, 8.12, -4.76, 0.00
548.00, 11.33, 11.34, 11.37, -5.94, 0.00, -3.66
558.00, 11.44, 11.30, 11.54, 11.51, -3.83, 17.33
567.00, 11.45, 11.33, 11.48, 0.00, 3.30, -5.42
577.00, 11.40, 11.22, 11.45, -4.49, -11.11, -3.11
588.00, 11.51, 11.39, 11.32, 10.21, 16.07, -13.44
598.00, 11.51, 11.30, 11.37, 0.00, -8.40, 5.02
607.00, 11.53, 11.28, 11.31, 2.18, 0.00, -5.14
617.00, 11.45, 11.33, 11.48, -7.30, 4.59, 15.66
627.00, 11.54, 11.35, 11.40, 8.74, 0.00, -7.83
638.00, 11.41, 11.39, 11.43, -14.03, 4.19, 2.90
647.00, 11.48, 11.45, 11.37, 7.16, 6.12, -6.05
657.00, 11.51, 11.44, 11.55, 3.57, 0.00, 18.63
667.00, 11.43, 11.17, 11.54, -8.14, -25.36, 0.00
678.00, 11.54, 11.63, 11.45, 10.60, 46.16, -8.91
688.00, 11.55, 11.30, 11.40, 0.00, -31.42, -4.90
698.00, 11.47, 11.50, 11.28, -8.01, 19.08, -11.17
708.00, 11.53, 11.35, 11.27, 5.77, -14.60, 0.00
719.00, 11.52, 11.51, 11.33, 0.00, 16.15, 5.68
728.00, 11.37, 11.34, 11.37, -15.42, -17.22, 4.61
738.00, 11.70, 11.55, 11.36, 33.77, 20.72, 0.00
748.00, 11.53, 11.38, 11.43, -17.15, -16.83, 6.58
759.00, 11.57, 11.51, 11.35, 3.84, 12.53, -7.53
769.00, 11.56, 11.44, 11.55, 0.00, -7.06, 20.58
778.00, 11.57, 11.47, 11.53, 0.00, 2.84, -2.19
788.00, 11.56, 11.10, 11.53, 0.00, -36.48, 0.00
798.00, 11.61, 11.54, 11.48, 5.26, 43.31, -5.37
809.00, 11.59, 11.60, 11.36, -2.62, 5.36, -11.66
818.00, 11.56, 11.32, 11.38, -2.85, -27.28, 2.18
828.00, 11.52, 11.47, 11.45, -4.23, 14.55, 6.40
838.00, 11.53, 11.45, 11.48, 0.00, 0.00, 3.20
848.00, 11.43, 11.40, 11.43, -10.75, -5.57, -5.39
858.00, 11.46, 11.48, 11.48, 3.28, 8.10, 5.14
868.00, 11.52, 11.50, 11.53, 5.51, 2.25, 4.60
878.00, 11.47, 11.43, 11.51, -4.47, -6.55, 0.00
889.00, 11.58, 11.45, 11.44, 10.50, 0.00, -6.94
899.00, 11.49, 11.42, 11.59, -9.55, -2.75, 15.21
908.00, 11.63, 11.44, 11.43, 14.03, 0.00, -15.86
918.00, 11.61, 11.45, 11.34, 0.00, 0.00, -8.81
929.00, 11.56, 11.43, 11.32, -4.55, 0.00, 0.00
938.00, 11.56, 11.44, 11.35, 0.00, 0.00, 2.45
948.00, 11.48, 11.50, 11.36, -7.43, 6.17, 0.00
958.00, 11.50, 11.46, 11.39, 0.00, -3.82, 3.20
968.00, 11.59, 11.48, 11.49, 9.19, 0.00, 9.44
978.00, 11.47, 11.49, 11.45, -12.31, 0.00, -3.47
988.00, 11.52, 11.47, 11.56, 4.73, 0.00, 10.92
998.00, 11.58, 11.42, 11.56, 5.36, -5.15, 0.00
1008.00, 11.55, 11.40, 11.53, -2.09, -2.03, -2.73
1019.00, 11.54, 11.42, 11.47, 0.00, 2.26, -6.09
1029.00, 11.57, 11.35, 11.33, 2.89, -7.14, -13.25
1039.00, 11.53, 11.51, 11.36, -4.64, 15.71, 2.24
1049.00, 11.48, 11.37, 11.41, -4.04, -13.19, 5.59
1060.00, 11.51, 11.44, 11.44, 2.46, 6.96, 2.29
1070.00, 11.51, 11.40, 11.46, 0.00, -3.70, 0.00
1079.00, 11.53, 11.52, 11.53, 0.00, 11.66, 7.00
1089.00, 11.57, 11.43, 11.59, 4.33, -9.02, 6.67
1100.00, 11.56, 11.40, 11.56, 0.00, -2.73, -3.53
1110.00, 11.52, 11.39, 11.57, -4.43, 0.00, 0.00
1119.00, 11.57, 11.41, 11.56, 5.47, 0.00, 0.00
1129.00, 11.60, 11.40, 11.48, 2.86, 0.00, -8.31
1139.00, 11.61, 11.30, 11.42, 0.00, -9.66, -5.78
1150.00, 11.56, 11.36, 11.47, -4.78, 5.85, 5.30
1159.00, 11.60, 11.35, 11.46, 3.71, 0.00, 0.00
1169.00, 11.59, 11.37, 11.50, 0.00, 0.00, 4.49
1179.00, 11.62, 11.41, 11.49, 2.50, 3.47, 0.00
1190.00, 11.64, 11.42, 11.47, 2.22, 0.00, -1.99
1200.00, 11.56, 11.47, 11.57, -7.24, 4.44, 9.79
1210.00, 11.60, 11.45, 11.57, 3.29, 0.00, 0.00
1220.00, 11.67, 11.36, 11.57, 6.87, -8.90, 0.00
1231.00, 11.54, 11.38, 11.40, -12.72, 0.00, -16.41
1241.00, 11.66, 11.39, 11.32, 12.57, 0.00, -8.71
1251.00, 11.62, 11.36, 11.35, -3.77, -2.71, 3.55
1260.00, 11.70, 11.35, 11.41, 7.44, 0.00, 5.61
1271.00, 11.62, 11.41, 11.37, -7.50, 5.61, -3.72
1281.00, 11.66, 11.38, 11.40, 3.77, -2.37, 2.72
1291.00, 11.55, 11.40, 11.45, -10.40, 0.00, 5.24
1301.00, 11.83, 11.42, 11.47, 26.86, 2.44, 0.00
1311.00, 11.61, 11.37, 11.51, -21.93, -5.50, 4.45
1322.00, 11.73, 11.39, 11.53, 11.42, 0.00, 0.00
1332.00, 11.66, 11.42, 11.59, -6.22, 3.15, 6.04
1342.00, 11.68, 11.34, 11.52, 0.00, -8.08, -7.52
1352.00, 11.66, 11.29, 11.42, 0.00, -4.62, -9.11
1363.00, 11.63, 11.41, 11.46, -3.41, 11.85, 3.34
1373.00, 11.55, 11.35, 11.51, -7.81, -5.95, 4.95
1382.00, 11.55, 11.35, 11.49, 0.00, 0.00, 0.00
1392.00, 11.53, 11.40, 11.41, 0.00, 5.30, -8.73
1403.00, 11.55, 11.38, 11.63, 0.00, 0.00, 22.08
1413.00, 11.60, 11.44, 11.56, 4.83, 5.83, -6.75
1423.00, 11.54, 11.43, 11.58, -6.17, 0.00, 0.00
1433.00, 11.60, 11.40, 11.63, 6.48, -2.79, 5.54
1444.00, 11.64, 11.40, 11.58, 3.54, 0.00, -5.54
1454.00, 11.63, 11.38, 11.47, 0.00, 0.00, -10.72
1463.00, 11.60, 11.38, 11.35, -3.69, 0.00, -11.97
1473.00, 11.62, 11.33, 11.37, 0.00, -5.07, 0.00
1484.00, 11.60, 11.39, 11.39, 0.00, 5.98, 2.15
1494.00, 11.58, 11.38, 11.42, -2.65, 0.00, 2.51
1504.00, 11.57, 11.37, 11.30, 0.00, 0.00, -11.49
1513.00, 11.61, 11.43, 11.64, 4.65, 6.74, 34.35
1523.00, 11.45, 11.34, 11.53, -15.78, -9.34, -11.08
1534.00, 11.80, 11.51, 11.58, 34.36, 17.01, 5.16
1544.00, 11.57, 11.39, 11.56, -22.58, -11.92, -2.80
1554.00, 11.65, 11.31, 11.59, 7.22, -7.74, 3.65
1564.00, 11.55, 11.42, 11.47, -9.78, 11.54, -12.47
1575.00, 11.62, 11.42, 11.43, 6.49, 0.00, -3.94
1585.00, 11.50, 11.38, 11.43, -11.52, -3.84, 0.00
1594.00, 11.51, 11.36, 11.47, 0.00, 0.00, 3.22
1604.00, 11.53, 11.41, 11.47, 2.82, 4.45, 0.00
1615.00, 11.57, 11.44, 11.51, 3.12, 3.09, 3.46
1625.00, 11.52, 11.46, 11.58, -5.12, 2.50, 7.17
1635.00, 11.48, 11.38, 11.63, -3.87, -8.31, 5.23
1644.00, 11.50, 11.43, 11.59, 0.00, 5.76, -4.70
1655.00, 11.56, 11.41, 11.59, 6.41, -2.42, 0.00
1665.00, 11.68, 11.36, 11.60, 12.23, -4.96, 0.00
1675.00, 11.53, 11.23, 11.56, -14.82, -13.06, -3.41
1685.00, 11.54, 11.39, 11.52, 0.00, 15.92, -3.80
1694.00, 11.67, 11.19, 11.48, 12.77, -20.07, -4.53
1705.00, 11.56, 11.36, 11.56, -10.86, 16.75, 7.81
1715.00, 11.65, 11.30, 11.49, 9.01, -6.18, -6.64
1725.00, 11.69, 11.35, 11.46, 3.21, 4.90, -2.49
1735.00, 11.60, 11.32, 11.60, -8.26, -2.15, 13.60
1746.00, 11.60, 11.41, 11.64, 0.00, 9.02, 3.56
1756.00, 11.63, 11.43, 11.60, 2.42, 0.00, -3.81
1766.00, 11.69, 11.29, 11.46, 6.18, -12.99, -13.42
1776.00, 11.64, 11.44, 11.55, -4.48, 14.04, 9.01
1787.00, 11.60, 11.36, 11.40, -4.27, -7.99, -14.77
1797.00, 11.61, 11.31, 11.39, 0.00, -4.27, 0.00
1807.00, 11.64, 11.38, 11.35, 2.53, 6.80, -3.79
1817.00, 11.61, 11.35, 11.41, -2.88, -3.52, 6.36
1828.00, 11.68, 11.38, 11.42, 6.31, 2.72, 0.00
1838.00, 11.64, 11.41, 11.35, -3.74, 3.58, -6.49
1848.00, 11.70, 11.43, 11.58, 6.05, 0.00, 23.11
1857.00, 11.61, 11.42, 11.55, -8.70, 0.00, -3.23
1868.00, 11.75, 11.40, 11.55, 14.27, 0.00, 0.00
1878.00, 11.63, 11.42, 11.54, -12.10, 2.28, 0.00
1888.00, 11.68, 11.40, 11.52, 4.90, 0.00, -2.06
1898.00, 11.64, 11.35, 11.50, -3.92, -5.50, -2.34
1908.00, 11.60, 11.37, 11.50, -3.88, 2.04, 0.00
1919.00, 11.58, 11.32, 11.16, 0.00, -4.94, -34.12
1929.00, 11.45, 11.36, 11.85, -12.57, 3.62, 69.14
1939.00, 11.66, 11.38, 11.50, 20.62, 2.07, -34.08
1949.00, 11.49, 11.40, 11.57, -16.54, 2.39, 7.60
1959.00, 11.63, 11.40, 11.55, 13.07, 0.00, -2.24
1969.00, 11.56, 11.43, 11.67, -6.54, 3.55, 11.41
1979.00, 11.63, 11.47, 11.58, 6.46, 3.83, -8.62
1989.00, 11.63, 11.43, 11.55, 0.00, -3.68, -3.08
2000.00, 11.62, 11.40, 11.46, 0.00, -3.32, -8.97
2010.00, 11.62, 11.46, 11.30, 0.00, 6.35, -14.70
2020.00, 11.54, 11.36, 11.48, -7.00, -10.13, 16.84
2030.00, 11.45, 11.40, 11.38, -8.95, 3.69, -9.12
2041.00, 11.53, 11.36, 11.44, 7.33, -3.16, 6.01
2051.00, 11.63, 11.53, 11.40, 10.79, 16.21, -3.70
2061.00, 11.48, 11.44, 11.57, -15.13, -8.99, 16.75
2071.00, 11.57, 11.46, 11.58, 9.37, 2.69, 0.00
2081.00, 11.56, 11.46, 11.59, 0.00, 0.00, 0.00
2091.00, 11.56, 11.49, 11.60, 0.00, 2.57, 0.00
2101.00, 11.52, 11.36, 11.49, -4.18, -12.21, -10.93
2111.00, 11.60, 11.45, 11.43, 7.17, 8.37, -5.76
2121.00, 11.47, 11.43, 11.46, -12.73, 0.00, 2.83
2132.00, 11.49, 11.41, 11.46, 2.32, -2.28, 0.00
2141.00, 11.51, 11.40, 11.49, 0.00, 0.00, 3.52
2151.00, 11.42, 11.42, 11.52, -9.20, 0.00, 2.58
2161.00, 11.54, 11.39, 11.52, 12.46, -2.90, 0.00
2172.00, 11.53, 11.44, 11.55, 0.00, 5.17, 3.72
2182.00, 11.52, 11.42, 11.61, 0.00, 0.00, 6.05
2191.00, 11.58, 11.42, 11.57, 5.68, 0.00, -4.10
2201.00, 11.65, 11.41, 11.62, 7.08, 0.00, 4.66
2212.00, 11.59, 11.34, 11.57, -5.98, -7.11, -4.47
2222.00, 11.55, 11.40, 11.25, -4.01, 5.98, -31.49
2232.00, 11.57, 11.30, 11.52, 2.58, -9.72, 25.47
2242.00, 11.54, 11.33, 11.51, -3.14, 2.58, 0.00
2253.00, 11.59, 11.39, 11.51, 4.31, 5.55, 0.00
2263.00, 11.57, 11.33, 11.52, 0.00, -5.38, 0.00
2272.00, 11.56, 11.41, 11.53, 0.00, 8.15, 0.00
2282.00, 11.56, 11.43, 11.45, 0.00, 0.00, -8.76
2292.00, 11.61, 11.50, 11.67, 4.83, 5.87, 21.39
2303.00, 11.66, 11.47, 11.63, 4.88, -2.26, -3.12
2313.00, 11.62, 11.50, 11.37, -3.44, 2.39, -25.48
2323.00, 11.57, 11.40, 11.60, -4.82, -10.07, 22.89
2333.00, 11.59, 11.42, 11.40, 0.00, 2.70, -18.57
2344.00, 11.65, 11.41, 11.34, 6.09, 0.00, -6.01
2354.00, 11.51, 11.36, 11.31, -13.51, -4.88, -2.97
2364.00, 11.72, 11.40, 11.37, 20.43, 4.59, 5.77
2374.00, 11.64, 11.41, 11.42, -7.84, 0.00, 5.31
2385.00, 11.64, 11.41, 11.41, 0.00, 0.00, 0.00
2394.00, 11.80, 11.47, 11.49, 16.92, 6.15, 7.74
2404.00, 11.65, 11.44, 11.52, -15.07, -2.60, 2.97
2414.00, 11.74, 11.40, 11.50, 8.18, -3.55, 0.00
2425.00, 11.73, 11.43, 11.51, 0.00, 2.84, 0.00
2435.00, 11.74, 11.45, 11.43, 0.00, 2.24, -7.38
2444.00, 11.64, 11.41, 11.46, -9.86, -4.91, 2.30
2454.00, 11.62, 11.37, 11.46, -2.34, -3.61, 0.00
2465.00, 11.58, 11.37, 11.50, -3.68, 0.00, 4.66
2475.00, 11.61, 11.41, 11.45, 2.87, 3.23, -5.29
2485.00, 11.63, 11.41, 11.47, 2.43, 0.00, 0.00
2494.00, 11.55, 11.44, 11.47, -8.18, 3.87, 0.00
2504.00, 11.59, 11.48, 11.54, 3.81, 3.54, 6.56
2515.00, 11.58, 11.35, 11.54, 0.00, -13.14, 0.00
2525.00, 11.62, 11.69, 11.59, 4.66, 34.66, 4.57
2534.00, 11.67, 11.54, 11.52, 4.58, -14.49, -6.04
2544.00, 11.59, 11.45, 11.40, -8.18, -9.15, -11.81
2555.00, 11.65, 11.27, 11.34, 5.93, -17.93, -6.20
2565.00, 11.49, 11.62, 11.34, -16.06, 35.38, 0.00
2575.00, 11.52, 11.44, 11.36, 3.19, -17.39, 2.46
2585.00, 11.52, 11.45, 11.37, 0.00, 0.00, 0.00
2596.00, 11.63, 11.52, 11.42, 10.59, 6.74, 4.81
2606.00, 11.55, 11.48, 11.40, -7.91, -3.37, 0.00
2616.00, 11.55, 11.52, 11.50, 0.00, 3.48, 9.69
2625.00, 11.69, 11.53, 11.51, 13.64, 0.00, 0.00
2636.00, 11.60, 11.55, 11.50, -8.90, 2.17, 0.00
2646.00, 11.57, 11.51, 11.47, -2.78, -4.22, -2.09
2656.00, 11.60, 11.50, 11.45, 2.84, 0.00, -2.17
2665.00, 11.54, 11.22, 11.38, -5.87, -28.61, -6.99
2675.00, 11.45, 11.74, 11.33, -8.85, 52.25, -4.86
2686.00, 11.47, 11.45, 11.53, 2.25, -28.58, 19.31
2696.00, 11.57, 11.53, 11.42, 9.16, 7.95, -10.75
2706.00, 11.50, 11.50, 11.47, -6.48, -2.60, 5.05
2716.00, 11.48, 11.53, 11.50, 0.00, 2.84, 2.64
2727.00, 11.54, 11.53, 11.55, 6.09, 0.00, 5.17
2736.00, 11.51, 11.55, 11.55, -2.57, 0.00, 0.00
2746.00, 11.56, 11.55, 11.52, 4.98, 0.00, -3.44
2756.00, 11.59, 11.51, 11.51, 3.04, -4.47, 0.00
2767.00, 11.46, 11.42, 11.49, -12.48, -8.91, 0.00
2777.00, 11.63, 11.43, 11.32, 17.02, 0.00, -17.66
2787.00, 11.57, 11.39, 11.50, -6.30, -3.72, 17.40
2797.00, 11.54, 11.40, 11.52, -2.49, 0.00, 2.50
2808.00, 11.62, 11.47, 11.40, 7.65, 6.95, -11.55
2818.00, 11.57, 11.43, 11.48, -4.76, -3.57, 7.57
2828.00, 11.68, 11.44, 11.52, 10.20, 0.00, 4.03
2838.00, 11.55, 11.52, 11.53, -12.21, 8.14, 0.00
2847.00, 11.70, 11.57, 11.51, 14.68, 5.57, 0.00
2858.00, 11.63, 11.54, 11.44, -7.34, -3.09, -7.63
2868.00, 11.66, 11.43, 11.42, 3.21, -11.08, 0.00
2878.00, 11.63, 11.44, 11.44, -3.01, 0.00, 0.00
2888.00, 11.55, 11.40, 11.31, -7.31, -4.15, -12.95
2899.00, 11.66, 11.41, 11.30, 10.94, 0.00, 0.00
2909.00, 11.64, 11.50, 11.35, -2.59, 8.21, 4.73
2919.00, 11.65, 11.42, 11.32, 0.00, -7.40, -3.37
2929.00, 11.69, 11.47, 11.43, 3.50, 4.55, 11.59
2940.00, 11.63, 11.46, 11.41, -5.57, 0.00, -2.00
2950.00, 11.67, 11.54, 11.46, 3.56, 7.42, 4.54
2960.00, 11.80, 11.52, 11.51, 13.23, 0.00, 4.93
2970.00, 11.68, 11.50, 11.41, -11.30, 0.00, -9.61
2981.00, 11.68, 11.51, 11.41, 0.00, 0.00, 0.00
2991.00, 11.68, 11.43, 11.39, 0.00, -7.75, -2.35
3001.00, 11.63, 11.38, 11.30, -4.73, -5.25, -9.16
3010.00, 11.67, 11.52, 11.48, 3.72, 14.41, 18.31
3021.00, 11.58, 11.43, 11.42, -9.08, -9.42, -6.25
3031.00, 11.67, 11.28, 11.40, 8.69, -14.14, -2.15
3041.00, 11.56, 11.65, 11.41, -10.41, 36.59, 0.00
3051.00, 11.66, 11.53, 11.50, 9.91, -11.33, 8.65
3062.00, 11.67, 11.56, 11.52, 0.00, 2.71, 2.10
3072.00, 11.74, 11.55, 11.53, 6.99, 0.00, 0.00
3082.00, 11.71, 11.57, 11.40, -2.83, 2.49, -12.72
3092.00, 11.64, 11.49, 11.38, -6.43, -7.45, -2.18
3102.00, 11.58, 11.48, 11.30, -5.62, 0.00, -7.68
3113.00, 11.54, 11.44, 11.34, -4.01, -4.28, 3.52
3123.00, 11.57, 11.44, 11.38, 2.48, 0.00, 4.25
3133.00, 11.43, 11.48, 11.33, -13.36, 3.77, -4.67
3143.00, 11.70, 11.47, 11.41, 26.91, 0.00, 8.15
3154.00, 11.62, 11.51, 11.43, -8.43, 3.62, 0.00
3164.00, 11.71, 11.53, 11.42, 9.31, 2.13, 0.00
3173.00, 11.62, 11.59, 11.59, -9.36, 5.75, 16.46
3183.00, 11.69, 11.55, 11.52, 7.31, -4.25, -6.42
3194.00, 11.61, 11.49, 11.45, -7.92, -5.90, -7.65
3204.00, 11.57, 11.44, 11.41, -4.17, -4.39, -3.50
3214.00, 11.62, 11.48, 11.39, 5.12, 3.21, -2.27
3224.00, 11.52, 11.44, 11.41, -10.17, -3.74, 2.73
3234.00, 11.50, 11.47, 11.39, 0.00, 2.76, -2.32
3244.00, 11.51, 11.43, 11.46, 0.00, -3.22, 6.96
3254.00, 11.58, 11.39, 11.54, 6.94, -3.74, 7.69
3264.00, 11.53, 11.60, 11.51, -5.73, 20.75, -2.87
3275.00, 11.66, 11.53, 11.61, 12.87, -6.97, 9.22
3285.00, 11.57, 11.52, 11.58, -9.52, 0.00, -2.71
3295.00, 11.59, 11.53, 11.50, 2.39, 0.00, -8.43
3305.00, 11.61, 11.48, 11.47, 0.00, -4.62, -2.10
3315.00, 11.62, 11.39, 11.42, 0.00, -9.22, -5.20
3326.00, 11.58, 11.38, 11.53, -3.62, 0.00, 11.03
3336.00, 11.66, 11.33, 11.50, 7.53, -4.92, -3.00
3345.00, 11.59, 11.40, 11.46, -6.55, 6.76, -3.70
3355.00, 11.67, 11.41, 11.49, 7.78, 0.00, 2.53
3366.00, 11.54, 11.43, 11.49, -13.16, 2.67, 0.00
3376.00, 11.72, 11.46, 11.52, 19.01, 2.72, 2.71
3386.00, 11.62, 11.52, 11.55, -9.85, 5.32, 3.09
3396.00, 11.73, 11.54, 11.52, 10.87, 2.25, -3.21
3407.00, 11.62, 11.51, 11.55, -11.02, -2.77, 2.87
3417.00, 11.53, 11.37, 11.45, -8.07, -13.52, -10.08
3427.00, 11.84, 11.38, 11.36, 29.68, 0.00, -7.93
3437.00, 11.61, 11.38, 11.37, -23.07, 0.00, 0.00
3447.00, 11.65, 11.37, 11.40, 4.23, 0.00, 2.84
3457.00, 11.72, 11.39, 11.39, 7.46, 0.00, 0.00
3467.00, 11.61, 11.33, 11.39, -11.23, -5.38, 0.00
3477.00, 11.79, 11.43, 11.48, 17.89, 9.63, 9.26
3487.00, 11.73, 11.40, 11.43, -6.55, -3.71, -4.96
3498.00, 11.81, 11.45, 11.56, 8.24, 5.35, 12.27
3508.00, 11.81, 11.46, 11.44, 0.00, 0.00, -11.39
3518.00, 11.73, 11.39, 11.58, -7.06, -6.73, 13.86
3528.00, 11.67, 11.39, 11.54, -6.77, 0.00, -4.14
3539.00, 11.75, 11.37, 11.42, 8.41, -2.26, -11.43
3549.00, 11.64, 11.32, 11.44, -10.46, -4.91, 0.00
3559.00, 11.73, 11.36, 11.43, 8.80, 4.03, 0.00
3568.00, 11.60, 11.37, 11.49, -13.09, 0.00, 5.69
3579.00, 11.71, 11.39, 11.51, 11.17, 0.00, 2.33
3589.00, 11.61, 11.46, 11.56, -10.08, 6.87, 4.42
3599.00, 11.65, 11.49, 11.55, 3.58, 3.54, 0.00
3609.00, 11.78, 11.51, 11.55, 13.40, 0.00, 0.00
3620.00, 11.69, 11.57, 11.56, -8.76, 6.06, 0.00
3630.00, 11.67, 11.48, 11.53, -2.25, -8.81, -3.40
3640.00, 11.67, 11.44, 11.44, 0.00, -4.15, -8.79
3649.00, 11.55, 11.42, 11.42, -12.06, 0.00, -2.29
3660.00, 11.54, 11.43, 11.42, 0.00, 0.00, 0.00
3670.00, 11.61, 11.40, 11.44, 6.99, -3.64, 0.00
3679.00, 11.58, 11.39, 11.36, -2.63, 0.00, -7.91
3689.00, 11.57, 11.45, 11.47, 0.00, 5.79, 10.49
3699.00, 11.70, 11.41, 11.57, 13.22, -3.27, 10.80
3710.00, 11.66, 11.59, 11.49, -4.06, 17.69, -7.86
3720.00, 11.66, 11.55, 11.54, 0.00, -4.49, 4.22
3730.00, 11.65, 11.50, 11.61, 0.00, -4.58, 6.87
3740.00, 11.61, 11.44, 11.49, -3.39, -5.96, -11.60
3751.00, 11.63, 11.40, 11.61, 0.00, -4.12, 12.43
3761.00, 11.56, 11.38, 11.47, -5.88, 0.00, -13.65
3771.00, 11.55, 11.36, 11.45, 0.00, -2.49, 0.00
3781.00, 11.51, 11.42, 11.54, -3.86, 6.01, 8.02
3792.00, 11.52, 11.29, 11.53, 0.00, -12.50, 0.00
3802.00, 11.55, 11.53, 11.57, 2.86, 22.68, 4.10
3812.00, 11.65, 11.50, 11.54, 10.13, -2.84, -2.49
3822.00, 11.59, 11.49, 11.71, -5.80, 0.00, 15.73
3833.00, 11.57, 11.52, 11.58, 0.00, 3.22, -12.59
3843.00, 11.60, 11.44, 11.60, 2.38, -8.34, 0.00
3853.00, 11.48, 11.41, 11.52, -11.09, -2.79, -7.59
3863.00, 11.51, 11.37, 11.53, 2.70, -3.33, 0.00
3874.00, 11.55, 11.35, 11.69, 4.11, -2.58, 15.67
3884.00, 11.62, 11.33, 11.57, 6.64, 0.00, -11.66
3894.00, 11.53, 11.36, 11.53, -8.82, 3.14, -4.13
3903.00, 11.64, 11.38, 11.61, 10.61, 0.00, 8.30
3913.00, 11.57, 11.42, 11.55, -6.55, 4.09, -5.62
3924.00, 11.58, 11.48, 11.53, 0.00, 6.00, -2.29
3934.00, 11.64, 11.52, 11.61, 6.33, 4.29, 7.35
3944.00, 11.75, 11.56, 11.63, 10.64, 3.65, 2.12
3954.00, 11.60, 11.47, 11.55, -14.29, -8.94, -7.35
3965.00, 11.68, 11.41, 11.49, 7.53, -6.11, -6.52
3975.00, 11.59, 11.36, 11.44, -8.20, -4.06, -4.39
3985.00, 11.62, 11.35, 11.43, 2.34, 0.00, 0.00
3995.00, 11.64, 11.41, 11.36, 2.16, 6.01, -7.15
4006.00, 11.64, 11.34, 11.54, 0.00, -6.82, 17.55
4016.00, 11.65, 11.41, 11.47, 0.00, 6.36, -7.32
4026.00, 11.67, 11.42, 11.34, 0.00, 0.00, -11.75
4036.00, 11.71, 11.48, 11.69, 4.40, 5.10, 34.12
4047.00, 11.76, 11.48, 11.55, 4.63, 0.00, -14.76
4057.00, 11.74, 11.48, 11.53, -2.29, 0.00, 0.00
4067.00, 11.53, 11.44, 11.58, -19.83, -3.24, 5.20
4077.00, 11.70, 11.35, 11.55, 16.42, -8.98, -2.55
4088.00, 11.58, 11.34, 11.51, -11.98, 0.00, -4.84
4098.00, 11.53, 11.37, 11.52, -5.51, 2.71, 0.00
4108.00, 11.45, 11.47, 11.55, -7.21, 10.43, 3.01
4117.00, 11.68, 11.45, 11.50, 22.03, -2.30, -5.46
4127.00, 11.53, 11.41, 11.62, -14.34, -3.40, 11.93
4138.00, 11.61, 11.43, 11.53, 7.35, 0.00, -8.51
4148.00, 11.43, 11.65, 11.61, -17.53, 22.35, 8.12
4158.00, 11.83, 11.53, 11.57, 38.61, -12.12, -4.51
4168.00, 11.68, 11.54, 11.62, -14.82, 0.00, 4.98
4179.00, 11.57, 11.50, 11.50, -10.23, -3.97, -12.03
4189.00, 11.55, 11.48, 11.53, -1.94, -2.87, 3.03
4199.00, 11.52, 11.39, 11.50, -3.03, -7.78, -3.01
4209.00, 11.53, 11.43, 11.43, 0.00, 3.71, -6.32
4220.00, 11.51, 11.44, 11.49, -2.61, 0.00, 5.82
4230.00, 11.51, 11.49, 11.49, 0.00, 4.91, 0.00
4239.00, 11.55, 11.48, 11.52, 4.71, 0.00, 2.34
4249.00, 11.54, 11.48, 11.54, 0.00, 0.00, 2.82
4260.00, 11.60, 11.54, 11.57, 5.32, 5.81, 2.74
4270.00, 11.60, 11.58, 11.59, 0.00, 3.59, 0.00
4279.00, 11.55, 11.51, 11.55, -5.07, -6.83, -4.50
4289.00, 11.47, 11.46, 11.69, -7.38, -5.10, 14.82
4300.00, 11.44, 11.38, 11.50, -3.58, -7.70, -19.78
4310.00, 11.41, 11.35, 11.47, -2.22, -3.08, -2.70
4320.00, 11.46, 11.47, 11.46, 4.88, 11.75, 0.00
4330.00, 11.43, 11.42, 11.69, -3.12, -5.42, 23.46
4340.00, 11.42, 11.46, 11.56, 0.00, 4.02, -12.58
4351.00, 11.48, 11.48, 11.60, 5.58, 0.00, 3.29
4361.00, 11.55, 11.52, 11.64, 6.78, 4.36, 4.16
4371.00, 11.57, 11.46, 11.60, 2.27, -6.41, -3.33
4381.00, 11.46, 11.65, 11.60, -11.25, 19.35, 0.00
4392.00, 11.47, 11.48, 11.60, 0.00, -16.93, 0.00
4402.00, 11.29, 11.43, 11.56, -18.37, -4.85, -3.79
4412.00, 11.71, 11.43, 11.51, 41.88, 0.00, -4.75
4421.00, 11.42, 11.37, 11.68, -28.19, -5.31, 16.86
4432.00, 11.45, 11.44, 11.59, 2.23, 6.81, -8.44
4442.00, 11.54, 11.42, 11.59, 9.58, 0.00, 0.00
4452.00, 11.30, 11.42, 11.48, -23.88, 0.00, -10.05
4462.00, 11.69, 11.49, 11.66, 39.59, 7.16, 17.88
4473.00, 11.58, 11.57, 11.59, -10.25, 8.09, -6.64
4483.00, 11.54, 11.61, 11.62, -4.14, 3.82, 2.60
4493.00, 11.63, 11.52, 11.51, 8.61, -9.26, -10.66
4503.00, 11.49, 11.49, 11.62, -13.78, -3.17, 10.82
4513.00, 11.62, 11.48, 11.46, 12.38, 0.00, -15.54
4523.00, 11.48, 11.41, 11.51, -13.32, -6.47, 4.67
4533.00, 11.58, 11.40, 11.43, 10.28, 0.00, -7.83
4543.00, 11.58, 11.45, 11.45, 0.00, 4.22, 0.00
4553.00, 11.59, 11.40, 11.42, 0.00, -4.59, -2.82
4564.00, 11.60, 11.44, 11.49, 0.00, 4.21, 7.05
4573.00, 11.63, 11.45, 11.50, 3.37, 0.00, 0.00
4583.00, 11.69, 11.48, 11.53, 5.68, 2.77, 2.34
4593.00, 11.69, 11.54, 11.55, 0.00, 5.47, 1.97
4604.00, 11.74, 11.33, 11.56, 4.93, -20.05, 0.00
4614.00, 11.60, 11.60, 11.55, -12.88, 26.03, 0.00
4624.00, 11.55, 11.43, 11.54, -5.33, -17.53, 0.00
4634.00, 11.57, 11.43, 11.46, 2.14, 0.00, -7.91
4645.00, 11.57, 11.37, 11.54, 0.00, -5.88, 8.03
4655.00, 11.49, 11.47, 11.51, -7.90, 9.28, -3.07
4665.00, 11.48, 11.47, 11.51, 0.00, 0.00, 0.00
4674.00, 11.59, 11.50, 11.52, 10.64, 3.08, 0.00
4685.00, 11.52, 11.55, 11.51, -6.65, 4.56, 0.00
4695.00, 11.57, 11.64, 11.51, 5.52, 9.24, 0.00
4705.00, 11.53, 11.59, 11.64, -4.13, -5.62, 12.55
4714.00, 11.71, 11.58, 11.50, 18.09, 0.00, -13.32
4724.00, 11.49, 11.57, 11.44, -21.55, 0.00, -6.29
4735.00, 11.64, 11.50, 11.41, 15.09, -7.42, -3.05
4745.00, 11.45, 11.49, 11.36, -19.11, 0.00, -4.50
4755.00, 11.52, 11.48, 11.45, 6.24, 0.00, 7.91
4765.00, 11.57, 11.52, 11.44, 5.47, 3.92, 0.00
4776.00, 11.51, 11.52, 11.45, -6.03, 0.00, 0.00
4785.00, 11.56, 11.52, 11.40, 4.71, 0.00, -4.97
4795.00, 11.60, 11.53, 11.49, 3.81, 0.00, 9.51
4805.00, 11.58, 11.61, 11.45, 0.00, 8.06, -3.82
4816.00, 11.63, 11.59, 11.56, 4.64, 0.00, 10.49
4826.00, 11.54, 11.57, 11.55, -8.51, -2.28, 0.00
4836.00, 11.50, 11.50, 11.55, -3.52, -7.43, 0.00
4846.00, 11.38, 11.42, 11.52, -11.69, -7.40, -3.46
4857.00, 11.49, 11.45, 11.45, 10.55, 2.66, -6.87
4867.00, 11.41, 11.48, 11.48, -7.61, 3.43, 3.41
4877.00, 11.45, 11.50, 11.50, 3.60, 0.00, 0.00
4887.00, 11.51, 11.55, 11.48, 5.44, 4.46, 0.00
4898.00, 11.43, 11.46, 11.57, -7.42, -8.84, 8.05
4908.00, 11.55, 11.67, 11.55, 12.44, 21.27, -2.11
4918.00, 11.58, 11.53, 11.63, 2.63, -13.06, 8.25
4928.00, 11.50, 11.62, 11.56, -7.48, 7.96, -6.58
4939.00, 11.47, 11.54, 11.54, -3.68, -7.52, -2.15
4949.00, 11.47, 11.45, 11.57, 0.00, -9.74, 3.03
4958.00, 11.50, 11.40, 11.55, 3.45, -4.15, 0.00
4968.00, 11.47, 11.47, 11.56, -2.78, 6.35, 0.00
4978.00, 11.49, 11.32, 11.53, 0.00, -15.27, -2.83
4989.00, 11.56, 11.55, 11.49, 6.70, 23.92, -3.90
4999.00, 11.50, 11.46, 11.58, -5.62, -9.50, 8.73
