0,0,0,0,0,0,0
9.00, 0.00, 0.00, 0.00, 0.00, 0.00, 0.00
20.00, 1.20, 0.00, 1.04, 112.76, 0.00, 84.88
30.00, 2.32, 2.14, 2.29, 108.77, 205.57, 119.84
40.00, 3.22, 3.14, 3.19, 92.28, 98.63, 86.91
50.00, 4.05, 3.96, 4.08, 88.47, 89.19, 98.72
60.00, 4.83, 4.74, 4.79, 75.91, 75.20, 67.10
70.00, 5.52, 5.44, 5.50, 66.64, 66.58, 68.86
81.00, 6.15, 6.02, 6.14, 61.50, 58.61, 62.83
92.00, 6.72, 6.62, 6.64, 55.69, 58.20, 50.18
101.00, 7.14, 7.08, 7.18, 46.25, 49.31, 57.02
111.00, 7.54, 7.56, 7.55, 37.63, 46.14, 35.58
121.00, 8.02, 7.89, 7.98, 48.17, 32.93, 42.94
131.00, 8.39, 8.32, 8.29, 36.11, 41.70, 29.88
141.00, 8.57, 8.55, 8.65, 19.54, 24.48, 39.14
151.00, 8.88, 8.86, 8.85, 30.40, 31.08, 19.24
161.00, 9.27, 9.12, 9.12, 37.37, 24.39, 26.15
171.00, 9.39, 9.33, 9.37, 11.62, 21.01, 24.39
181.00, 9.60, 9.46, 9.56, 22.54, 14.08, 20.24
191.00, 9.83, 9.77, 9.74, 22.23, 30.06, 17.60
201.00, 9.96, 9.89, 9.88, 13.38, 11.70, 13.54
212.00, 10.10, 10.01, 10.02, 13.70, 11.63, 13.85
223.00, 10.28, 10.18, 10.19, 17.21, 16.62, 16.87
233.00, 10.34, 10.28, 10.10, 5.78, 10.55, -9.31
243.00, 10.51, 10.43, 10.59, 16.72, 14.31, 49.15
253.00, 10.58, 10.54, 10.48, 6.87, 10.36, -11.01
264.00, 10.67, 10.60, 10.61, 8.84, 6.58, 12.94
273.00, 10.87, 10.71, 10.66, 20.51, 10.83, 4.73
283.00, 10.83, 10.80, 10.76, -3.28, 9.09, 10.55
293.00, 10.92, 10.88, 10.78, 8.50, 7.73, 2.03
304.00, 10.94, 10.91, 10.91, 0.00, 3.59, 12.37
313.00, 11.07, 11.00, 10.90, 14.18, 8.87, 0.00
323.00, 11.06, 11.05, 11.04, 0.00, 5.44, 13.77
333.00, 11.19, 11.12, 11.02, 13.47, 6.15, 0.00
343.00, 11.15, 11.19, 11.09, -4.01, 6.98, 6.21
353.00, 11.23, 11.19, 11.11, 8.76, 0.00, 2.77
363.00, 11.27, 11.21, 10.98, 3.92, 0.00, -13.61
373.00, 11.34, 11.32, 11.30, 6.69, 10.28, 30.87
383.00, 11.29, 11.30, 11.23, -5.15, 0.00, -7.50
394.00, 11.38, 11.34, 11.26, 8.90, 4.01, 3.44
404.00, 11.39, 11.33, 11.20, 0.00, 0.00, -5.87
414.00, 11.61, 11.38, 11.30, 21.73, 4.50, 10.16
424.00, 11.41, 11.46, 11.39, -19.37, 7.68, 8.59
435.00, 11.29, 11.41, 11.34, -11.08, -4.45, -4.63
445.00, 11.68, 11.48, 11.31, 39.38, 6.82, -2.76
454.00, 11.52, 11.47, 11.39, -16.14, 0.00, 7.90
464.00, 11.56, 11.46, 11.40, 4.64, 0.00, 0.00
475.00, 11.50, 11.44, 11.39, -6.10, -2.30, 0.00
484.00, 11.59, 11.59, 11.37, 9.26, 15.80, 0.00
494.00, 11.58, 11.54, 11.47, 0.00, -4.87, 9.84
504.00, 11.61, 11.52, 11.42, 3.44, 0.00, -4.32
514.00, 11.60, 11.50, 11.43, 0.00, -2.57, 0.00
525.00, 11.55, 11.63, 11.37, -4.61, 14.20, -5.88
534.00, 11.50, 11.55, 11.44, -5.47, -8.51, 6.73
544.00, 11.81, 11.61, 11.52, 32.06, 5.72, 8.77
554.00, 11.64, 11.58, 11.49, -16.85, -2.26, -3.14
565.00, 11.63, 11.58, 11.48, 0.00, 0.00, 0.00
574.00, 11.66, 11.62, 11.39, 2.42, 4.79, -8.92
584.00, 11.57, 11.47, 11.54, -8.77, -15.41, 14.73
594.00, 11.74, 11.74, 11.47, 17.79, 27.52, -7.41
605.00, 11.64, 11.63, 11.51, -9.33, -11.10, 3.94
615.00, 11.66, 11.61, 11.51, 0.00, 0.00, 0.00
625.00, 11.57, 11.56, 11.46, -7.90, -4.64, -4.21
635.00, 11.78, 11.68, 11.50, 20.63, 12.21, 3.70
646.00, 11.70, 11.62, 11.50, -8.13, -6.10, 0.00
656.00, 11.69, 11.65, 11.52, 0.00, 3.15, 2.65
665.00, 11.66, 11.62, 11.53, -2.88, -3.71, 0.00
675.00, 11.80, 11.62, 11.42, 14.04, 0.00, -10.90
685.00, 11.70, 11.63, 11.56, -9.84, 0.00, 13.77
696.00, 11.67, 11.66, 11.51, -3.19, 3.16, -5.13
705.00, 11.68, 11.64, 11.52, 0.00, 0.00, 0.00
715.00, 11.75, 11.65, 11.51, 6.80, 0.00, 0.00
725.00, 11.68, 11.62, 11.54, -6.94, -2.85, 2.57
736.00, 11.78, 11.51, 11.52, 10.33, -11.03, 0.00
745.00, 11.66, 11.78, 11.51, -12.09, 26.63, 0.00
755.00, 11.77, 11.61, 11.53, 11.26, -16.89, 0.00
765.00, 11.67, 11.59, 11.47, -10.37, -2.32, -5.70
776.00, 11.71, 11.73, 11.55, 3.84, 14.08, 7.85
786.00, 11.77, 11.64, 11.53, 6.31, -9.28, 0.00
795.00, 11.74, 11.60, 11.52, -3.17, -4.64, 0.00
805.00, 11.70, 11.66, 11.53, -4.42, 6.67, 0.00
816.00, 11.74, 11.66, 11.50, 4.31, 0.00, -3.45
826.00, 11.72, 11.64, 11.53, -2.52, -2.44, 3.51
835.00, 11.72, 11.62, 11.57, 0.00, 0.00, 3.69
845.00, 11.72, 11.62, 11.45, 0.00, 0.00, -11.05
855.00, 11.76, 11.64, 11.60, 4.65, 0.00, 14.30
866.00, 11.74, 11.63, 11.54, -2.07, 0.00, -5.40
875.00, 11.72, 11.65, 11.54, -2.03, 0.00, 0.00
885.00, 11.73, 11.65, 11.44, 0.00, 0.00, -10.64
895.00, 11.76, 11.65, 11.44, 2.33, 0.00, 0.00
906.00, 11.79, 11.63, 11.68, 3.19, -2.50, 23.01
916.00, 11.73, 11.65, 11.56, -5.93, 2.56, -11.43
926.00, 11.70, 11.63, 11.55, -2.63, -2.41, 0.00
936.00, 11.74, 11.66, 11.54, 3.90, 2.78, 0.00
947.00, 11.80, 11.64, 11.52, 5.36, -2.09, -2.17
957.00, 11.75, 11.64, 11.56, -5.34, 0.00, 4.09
966.00, 11.71, 11.58, 11.53, -3.96, -6.01, -2.68
976.00, 11.72, 11.74, 11.54, 0.00, 16.66, 0.00
987.00, 11.75, 11.60, 11.51, 2.91, -13.86, -3.67
997.00, 11.81, 11.67, 11.49, 5.93, 6.88, 0.00
1007.00, 11.74, 11.64, 11.59, -7.08, -2.90, 10.69
1016.00, 11.80, 11.61, 11.58, 6.54, -3.13, 0.00
1026.00, 11.71, 11.68, 11.55, -8.93, 6.43, -2.74
1037.00, 11.76, 11.62, 11.31, 4.33, -5.49, -23.20
1047.00, 11.77, 11.65, 11.79, 0.00, 3.18, 47.11
1057.00, 11.73, 11.63, 11.55, -4.17, -2.50, -22.23
1067.00, 11.77, 11.68, 11.46, 3.66, 4.90, -9.53
1078.00, 11.78, 11.63, 11.64, 0.00, -5.04, 18.01
1088.00, 11.72, 11.59, 11.56, -6.36, -3.61, -7.63
1098.00, 11.78, 11.71, 11.51, 6.56, 12.59, -4.54
1108.00, 11.77, 11.67, 11.59, 0.00, -4.12, 7.84
1119.00, 11.72, 11.64, 11.55, -4.47, -2.62, -4.49
1129.00, 11.81, 11.61, 11.55, 8.78, -3.70, 0.00
1139.00, 11.73, 11.65, 11.56, -7.52, 4.05, 0.00
1149.00, 11.75, 11.64, 11.57, 0.00, 0.00, 0.00
1160.00, 11.75, 11.65, 11.50, 0.00, 0.00, -7.23
1170.00, 11.77, 11.63, 11.57, 2.47, 0.00, 7.55
1180.00, 11.78, 11.64, 11.55, 0.00, 0.00, -2.37
1189.00, 11.73, 11.69, 11.58, -5.48, 4.69, 3.01
1200.00, 11.78, 11.61, 11.54, 4.89, -7.76, -3.80
1210.00, 11.82, 11.67, 11.56, 4.18, 6.42, 0.00
1220.00, 11.72, 11.65, 11.53, -9.95, -2.19, -2.56
1230.00, 11.78, 11.61, 11.62, 6.10, -4.15, 8.22
1240.00, 11.75, 11.58, 11.56, -2.46, -2.28, -5.00
1251.00, 11.81, 11.75, 11.55, 6.25, 17.18, 0.00
1261.00, 11.74, 11.62, 11.55, -6.92, -12.33, 0.00
1271.00, 11.77, 11.65, 11.51, 2.50, 2.56, -4.10
1281.00, 11.74, 11.67, 11.52, -2.91, 2.21, 0.00
1292.00, 11.82, 11.44, 11.64, 8.48, -23.19, 12.20
1302.00, 11.76, 11.83, 11.54, -6.25, 38.31, -9.85
1312.00, 11.78, 11.58, 11.59, 0.00, -24.42, 4.95
1322.00, 11.73, 11.74, 11.55, -4.05, 15.29, -3.44
1333.00, 11.81, 11.61, 11.52, 7.58, -13.02, -2.90
1343.00, 11.77, 11.65, 11.58, -4.23, 4.05, 6.05
1353.00, 11.74, 11.65, 11.56, -2.30, 0.00, -2.45
1363.00, 11.83, 11.68, 11.54, 8.56, 2.72, 0.00
1374.00, 11.75, 11.62, 11.57, -7.85, -5.23, 2.76
1384.00, 11.63, 11.64, 11.52, -11.21, 0.00, -4.52
1394.00, 11.90, 11.64, 11.55, 25.55, 0.00, 2.23
1404.00, 11.81, 11.68, 11.61, -8.45, 4.02, 6.00
1415.00, 11.74, 11.60, 11.54, -6.92, -7.19, -6.65
1425.00, 11.81, 11.67, 11.56, 7.15, 6.69, 2.23
1435.00, 11.74, 11.68, 11.55, -7.35, 0.00, 0.00
1445.00, 11.78, 11.61, 11.58, 3.77, -6.35, 3.34
1456.00, 11.81, 11.66, 11.55, 3.16, 4.53, -3.00
1466.00, 11.81, 11.63, 11.52, 0.00, -2.38, -2.74
1476.00, 11.75, 11.58, 11.56, -5.87, -5.27, 3.50
1486.00, 11.65, 11.71, 11.59, -10.30, 13.00, 2.87
1496.00, 11.94, 11.70, 11.52, 29.02, 0.00, -6.69
1507.00, 11.75, 11.62, 11.60, -19.90, -8.20, 8.10
1517.00, 11.77, 11.65, 11.52, 2.48, 3.63, -8.04
1527.00, 11.80, 11.68, 11.59, 2.92, 2.69, 7.19
1536.00, 11.85, 11.62, 11.55, 4.68, -6.54, -3.79
1547.00, 11.70, 11.65, 11.53, -14.21, 3.29, -2.75
1557.00, 11.81, 11.65, 11.59, 11.08, 0.00, 6.49
1567.00, 11.79, 11.69, 11.54, -2.45, 4.11, -5.72
1577.00, 11.82, 11.62, 11.31, 2.96, -6.87, -22.09
1588.00, 11.79, 11.66, 11.83, -2.91, 4.08, 52.31
1598.00, 11.74, 11.64, 11.58, -4.97, 0.00, -23.95
1608.00, 11.86, 11.69, 11.58, 11.88, 4.06, 0.00
1618.00, 11.83, 11.63, 11.58, -1.99, -5.57, 0.00
1629.00, 11.77, 11.65, 11.55, -6.41, 2.60, -2.39
1639.00, 11.81, 11.66, 11.54, 3.89, 0.00, 0.00
1649.00, 11.76, 11.64, 11.59, -5.49, -2.44, 5.12
1658.00, 11.81, 11.68, 11.56, 5.91, 4.15, -2.87
1669.00, 11.81, 11.63, 11.55, 0.00, -5.14, 0.00
1679.00, 11.76, 11.63, 11.56, -5.96, 0.00, 0.00
1689.00, 11.85, 11.64, 11.57, 9.04, 0.00, 0.00
1699.00, 11.70, 11.64, 11.60, -14.85, 0.00, 2.52
1709.00, 11.85, 11.64, 11.56, 14.47, 0.00, -3.33
1720.00, 11.85, 11.59, 11.54, 0.00, -5.22, -2.25
1730.00, 11.77, 11.74, 11.55, -8.38, 14.07, 0.00
1740.00, 11.81, 11.61, 11.62, 4.44, -13.02, 6.49
1750.00, 11.80, 11.68, 11.57, 0.00, 6.89, -5.16
1761.00, 11.77, 11.62, 11.49, -2.95, -5.49, -7.85
1771.00, 11.83, 11.66, 11.66, 5.91, 3.63, 17.23
1781.00, 11.78, 11.66, 11.53, -5.63, 0.00, -13.41
1790.00, 11.87, 11.63, 11.59, 9.05, -2.38, 6.04
1801.00, 11.63, 11.58, 11.56, -22.69, -5.39, -2.98
1811.00, 11.91, 11.71, 11.60, 27.50, 12.67, 3.75
1821.00, 11.85, 11.65, 11.49, -5.28, -5.83, -10.29
1831.00, 11.57, 11.66, 11.66, -27.58, 0.00, 16.53
1842.00, 11.99, 11.62, 11.57, 41.45, -4.12, -8.80
1852.00, 11.81, 11.67, 11.55, -17.94, 4.47, 0.00
1862.00, 11.81, 11.67, 11.53, 0.00, 0.00, -1.99
1872.00, 11.80, 11.64, 11.61, 0.00, -2.18, 8.26
1883.00, 11.85, 11.66, 11.58, 4.42, 0.00, -2.93
1893.00, 11.74, 11.62, 11.62, -11.32, -3.79, 3.86
1903.00, 11.84, 11.64, 11.57, 9.63, 0.00, -4.42
1913.00, 11.79, 11.69, 11.53, -4.44, 4.95, -4.17
1923.00, 11.83, 11.62, 11.59, 2.85, -5.99, 5.62
1934.00, 11.83, 11.64, 11.52, 0.00, 2.10, -6.73
1944.00, 11.77, 11.68, 11.58, -5.70, 3.04, 5.64
1954.00, 11.84, 11.62, 11.66, 6.35, -5.11, 7.53
1964.00, 11.75, 11.66, 11.59, -8.32, 3.60, -6.86
1975.00, 11.83, 11.69, 11.54, 7.77, 2.76, -4.47
1985.00, 11.86, 11.62, 11.62, 2.82, -7.32, 7.40
1995.00, 11.74, 11.61, 11.58, -10.95, 0.00, -3.57
2005.00, 11.84, 11.74, 11.55, 9.60, 12.76, -2.78
2016.00, 11.82, 11.67, 11.61, -2.04, -6.41, 5.58
2026.00, 11.81, 11.63, 11.58, 0.00, -4.24, -2.50
2036.00, 11.86, 11.67, 11.59, 5.03, 4.31, 0.00
2046.00, 11.76, 11.65, 11.58, -9.90, 0.00, 0.00
2057.00, 11.79, 11.67, 11.59, 2.71, 0.00, 0.00
2067.00, 11.89, 11.60, 11.59, 10.67, -7.47, 0.00
2077.00, 11.83, 11.72, 11.53, -5.95, 12.11, -5.86
2087.00, 11.83, 11.69, 11.64, 0.00, -2.33, 11.40
2098.00, 11.83, 11.63, 11.56, 0.00, -5.93, -7.95
2107.00, 11.74, 11.69, 11.62, -8.55, 5.54, 5.56
2117.00, 11.85, 11.63, 11.55, 10.61, -6.42, -6.60
2127.00, 11.81, 11.68, 11.62, -3.42, 4.90, 6.46
2138.00, 11.84, 11.69, 11.55, 2.28, 0.00, -7.06
2148.00, 11.76, 11.63, 11.63, -8.08, -6.10, 7.40
2158.00, 11.86, 11.69, 11.55, 10.15, 5.93, -7.20
2168.00, 11.82, 11.62, 11.63, -3.44, -6.84, 8.17
2178.00, 11.64, 11.68, 11.56, -17.89, 5.43, -7.66
2188.00, 11.99, 11.67, 11.63, 34.61, 0.00, 7.72
2198.00, 11.82, 11.63, 11.54, -16.65, -4.57, -9.44
2208.00, 11.85, 11.66, 11.63, 2.99, 3.63, 9.43
2218.00, 11.81, 11.67, 11.56, -4.55, 0.00, -7.50
2229.00, 11.77, 11.64, 11.62, -3.41, -3.29, 6.03
2239.00, 11.86, 11.58, 11.56, 8.75, -5.40, -6.30
2249.00, 11.81, 11.70, 11.62, -5.26, 11.97, 6.34
2259.00, 11.83, 11.70, 11.60, 0.00, 0.00, 0.00
2269.00, 11.89, 11.64, 11.55, 6.76, -6.05, -5.53
2279.00, 11.76, 11.63, 11.63, -13.36, 0.00, 8.78
2289.00, 11.83, 11.67, 11.54, 6.54, 3.22, -9.00
2299.00, 11.89, 11.64, 11.59, 5.71, -2.12, 5.01
2310.00, 11.74, 11.69, 11.63, -14.85, 4.99, 2.99
2320.00, 11.81, 11.63, 11.56, 7.57, -5.97, -6.31
2330.00, 11.87, 11.70, 11.56, 5.28, 6.40, 0.00
2340.00, 11.89, 11.62, 11.65, 0.00, -7.77, 8.37
2351.00, 11.80, 11.65, 11.59, -8.53, 2.32, -5.55
2361.00, 11.83, 11.70, 11.58, 3.15, 5.48, 0.00
2371.00, 11.81, 11.66, 11.57, 0.00, -4.04, 0.00
2381.00, 11.81, 11.56, 11.61, 0.00, -9.69, 4.28
2391.00, 11.88, 11.76, 11.59, 6.35, 18.68, -2.08
2402.00, 11.76, 11.59, 11.55, -11.72, -16.15, -4.00
2412.00, 11.79, 11.70, 11.61, 3.15, 10.86, 5.58
2422.00, 11.94, 11.66, 11.52, 13.96, -4.42, -8.65
2432.00, 11.74, 11.68, 11.67, -19.72, 2.69, 15.03
2443.00, 11.89, 11.62, 11.59, 15.39, -6.39, -7.54
2453.00, 11.85, 11.65, 11.56, -4.30, 2.72, -3.69
2463.00, 11.76, 11.67, 11.54, -8.58, 0.00, 0.00
2473.00, 11.88, 11.69, 11.67, 12.57, 2.78, 12.91
2484.00, 11.83, 11.57, 11.56, -5.15, -12.41, -11.31
2494.00, 11.84, 11.70, 11.63, 0.00, 13.43, 6.76
2504.00, 11.83, 11.62, 11.55, 0.00, -7.72, -6.97
2514.00, 11.76, 11.72, 11.63, -7.66, 10.01, 7.70
2525.00, 11.86, 11.69, 11.56, 10.15, -3.24, -7.21
2535.00, 11.80, 11.57, 11.62, -5.35, -11.93, 6.31
2545.00, 11.86, 11.73, 11.56, 5.16, 15.75, -6.13
2555.00, 11.87, 11.52, 11.63, 0.00, -20.45, 7.73
2566.00, 11.82, 11.78, 11.55, -4.83, 25.02, -8.55
2576.00, 11.85, 11.67, 11.62, 2.74, -10.42, 7.20
2586.00, 11.82, 11.65, 11.56, -2.73, 0.00, -6.14
2596.00, 11.79, 11.68, 11.59, -3.39, 2.64, 3.40
2607.00, 11.90, 11.63, 11.62, 11.82, -4.55, 2.12
2617.00, 11.80, 11.66, 11.57, -9.79, 2.72, -4.77
2627.00, 11.81, 11.66, 11.59, 0.00, 0.00, 0.00
2637.00, 11.84, 11.64, 11.59, 2.92, -2.17, 0.00
2647.00, 11.88, 11.67, 11.59, 3.93, 3.05, 0.00
2658.00, 11.79, 11.64, 11.61, -8.89, -2.81, 2.45
2668.00, 11.85, 11.60, 11.53, 5.13, -4.08, -7.55
2678.00, 11.87, 11.73, 11.69, 2.39, 13.16, 15.47
2688.00, 11.85, 11.66, 11.60, -2.10, -6.75, -8.48
2699.00, 11.83, 11.64, 11.60, -2.28, 0.00, 0.00
2709.00, 11.77, 11.70, 11.56, -5.27, 6.05, -3.70
2719.00, 11.85, 11.63, 11.63, 7.32, -7.80, 6.46
2728.00, 11.85, 11.66, 11.58, 0.00, 3.67, -4.30
2739.00, 11.85, 11.65, 11.55, 0.00, 0.00, -3.23
2749.00, 11.78, 11.69, 11.68, -6.43, 4.16, 12.96
2759.00, 11.86, 11.64, 11.58, 7.31, -5.62, -9.29
2769.00, 11.87, 11.65, 11.60, 0.00, 0.00, 0.00
2780.00, 11.83, 11.66, 11.61, -3.46, 0.00, 0.00
2790.00, 11.78, 11.69, 11.61, -5.26, 3.68, 0.00
2800.00, 11.86, 11.64, 11.63, 7.80, -5.16, 2.44
2810.00, 11.82, 11.69, 11.57, -3.44, 4.56, -5.42
2819.00, 11.87, 11.63, 11.64, 4.44, -5.93, 6.83
2830.00, 11.68, 11.69, 11.54, -17.85, 6.46, -10.34
2840.00, 11.99, 11.66, 11.65, 29.65, -3.13, 10.78
2850.00, 11.81, 11.59, 11.63, -17.07, -6.65, -2.22
2860.00, 11.83, 11.71, 11.57, 0.00, 11.22, -5.92
2871.00, 11.86, 11.67, 11.63, 2.75, -4.05, 6.76
2881.00, 11.82, 11.71, 11.53, -3.65, 4.07, -10.36
2891.00, 11.83, 11.63, 11.69, 0.00, -7.30, 16.00
2901.00, 11.79, 11.60, 11.57, -4.27, -2.82, -11.41
2912.00, 11.84, 11.74, 11.63, 5.32, 13.39, 6.38
2922.00, 11.83, 11.66, 11.47, 0.00, -7.67, -16.03
2932.00, 11.85, 11.68, 11.76, 2.56, 0.00, 29.00
2942.00, 11.87, 11.67, 11.56, 2.07, 0.00, -18.87
2953.00, 11.78, 11.63, 11.67, -9.10, -4.11, 10.53
2963.00, 11.82, 11.66, 11.57, 3.77, 3.18, -9.52
2973.00, 11.86, 11.65, 11.57, 3.24, 0.00, 0.00
2983.00, 11.83, 11.59, 11.70, -2.84, -5.70, 13.15
2994.00, 11.86, 11.73, 11.60, 2.63, 12.95, -9.86
3004.00, 11.81, 11.67, 11.62, -4.26, -5.62, 2.47
3014.00, 11.85, 11.63, 11.59, 4.11, -3.66, -2.78
3024.00, 11.83, 11.69, 11.65, -2.28, 5.54, 5.48
3035.00, 11.79, 11.60, 11.59, -3.84, -8.10, -5.55
3045.00, 11.86, 11.61, 11.60, 7.07, 0.00, 0.00
3055.00, 11.90, 11.67, 11.61, 3.65, 5.80, 0.00
3065.00, 11.81, 11.76, 11.61, -9.04, 8.21, 0.00
3075.00, 11.80, 11.46, 11.59, 0.00, -29.68, -2.21
3086.00, 11.87, 11.84, 11.66, 7.34, 37.33, 6.53
3096.00, 11.85, 11.64, 11.62, -2.56, -19.56, -3.56
3106.00, 11.83, 11.68, 11.57, 0.00, 3.17, -5.03
3116.00, 11.84, 11.65, 11.64, 0.00, -2.34, 7.28
3126.00, 11.88, 11.68, 11.60, 3.54, 2.28, -4.70
3136.00, 11.87, 11.59, 11.59, 0.00, -8.63, 0.00
3146.00, 11.79, 11.77, 11.65, -7.39, 18.07, 6.04
3156.00, 11.84, 11.63, 11.56, 4.21, -13.07, -8.58
3167.00, 11.86, 11.68, 11.65, 2.35, 4.64, 8.71
3177.00, 11.90, 11.64, 11.60, 3.43, -4.11, -5.70
3187.00, 11.81, 11.68, 11.54, -8.06, 3.65, -5.29
3197.00, 11.80, 11.67, 11.60, 0.00, 0.00, 5.87
3208.00, 11.84, 11.66, 11.66, 3.09, 0.00, 5.71
3218.00, 11.88, 11.62, 11.65, 4.00, -4.71, 0.00
3228.00, 11.80, 11.76, 11.61, -7.18, 13.60, -3.86
3238.00, 11.84, 11.64, 11.57, 3.36, -11.65, -3.75
3249.00, 11.85, 11.68, 11.64, 0.00, 4.53, 6.32
3259.00, 11.85, 11.66, 11.60, 0.00, -2.79, -4.27
3269.00, 11.85, 11.70, 11.64, 0.00, 4.18, 4.66
3278.00, 11.81, 11.63, 11.62, -4.06, -6.89, -2.38
3288.00, 11.85, 11.68, 11.63, 3.73, 4.98, 0.00
3299.00, 11.85, 11.65, 11.62, 0.00, -2.80, 0.00
3309.00, 11.81, 11.68, 11.60, -4.46, 2.24, 0.00
3319.00, 11.90, 11.67, 11.64, 8.55, 0.00, 3.92
3329.00, 11.78, 11.70, 11.58, -11.21, 3.24, -6.37
3340.00, 11.82, 11.58, 11.64, 3.77, -12.00, 6.38
3350.00, 11.87, 11.73, 11.60, 4.52, 14.90, -3.98
3360.00, 11.68, 11.69, 11.64, -18.60, -4.27, 4.21
3370.00, 12.01, 11.62, 11.59, 32.48, -6.84, -5.44
3381.00, 11.82, 11.68, 11.65, -18.48, 5.43, 6.33
3391.00, 11.83, 11.69, 11.55, 0.00, 0.00, -10.39
3401.00, 11.83, 11.66, 11.68, 0.00, -3.09, 12.26
3411.00, 11.89, 11.63, 11.60, 5.18, -2.31, -7.26
3422.00, 11.85, 11.69, 11.61, -3.19, 5.56, 0.00
3432.00, 11.80, 11.65, 11.66, -5.43, -4.08, 4.43
3442.00, 11.87, 11.64, 11.61, 6.39, 0.00, -4.73
3452.00, 11.79, 11.71, 11.59, -7.26, 7.28, 0.00
3463.00, 11.88, 11.65, 11.63, 8.50, -5.35, 3.64
3473.00, 11.89, 11.63, 11.56, 0.00, -2.32, -6.19
3483.00, 11.79, 11.67, 11.70, -9.46, 4.02, 13.24
3493.00, 11.86, 11.67, 11.58, 6.59, 0.00, -11.70
3504.00, 11.85, 11.60, 11.65, 0.00, -6.38, 6.85
3514.00, 11.88, 11.73, 11.61, 3.55, 12.97, -4.70
3524.00, 11.83, 11.68, 11.64, -5.31, -5.51, 3.71
3534.00, 11.79, 11.63, 11.58, -3.85, -5.02, -6.37
3544.00, 11.83, 11.68, 11.65, 4.22, 4.98, 7.30
3554.00, 11.85, 11.64, 11.59, 0.00, -3.28, -5.91
3564.00, 11.85, 11.69, 11.64, 0.00, 4.65, 4.56
3574.00, 11.79, 11.65, 11.64, -5.75, -3.49, 0.00
3584.00, 11.90, 11.64, 11.62, 11.66, 0.00, 0.00
3595.00, 11.83, 11.72, 11.59, -7.04, 7.45, -2.79
3605.00, 11.77, 11.63, 11.66, -5.74, -8.74, 6.42
3615.00, 11.84, 11.68, 11.60, 6.53, 5.43, -5.64
3624.00, 11.83, 11.44, 11.66, 0.00, -24.56, 6.04
3635.00, 11.84, 11.90, 11.58, 0.00, 46.37, -7.72
3645.00, 11.85, 11.70, 11.66, 0.00, -19.78, 7.31
3655.00, 11.84, 11.64, 11.60, 0.00, -5.93, -5.91
3665.00, 11.79, 11.61, 11.58, -5.07, -2.84, 0.00
3676.00, 11.84, 11.76, 11.54, 5.46, 14.66, -4.59
3686.00, 11.84, 11.68, 11.77, 0.00, -7.36, 23.36
3696.00, 11.77, 11.65, 11.64, -6.41, -3.01, -11.75
3706.00, 11.85, 11.70, 11.60, 8.35, 4.91, -4.21
3717.00, 11.80, 11.63, 11.66, -4.78, -6.39, 5.43
3727.00, 11.86, 11.68, 11.38, 5.34, 4.07, -27.04
3737.00, 11.83, 11.72, 11.86, -2.53, 4.08, 47.82
3747.00, 11.81, 11.63, 11.65, 0.00, -9.12, -20.47
3757.00, 11.82, 11.70, 11.59, 0.00, 7.39, -5.93
3768.00, 11.77, 11.64, 11.65, -4.81, -5.98, 5.48
3777.00, 11.85, 11.69, 11.60, 7.80, 5.43, -4.55
3787.00, 11.80, 11.42, 11.67, -5.24, -26.77, 6.41
3797.00, 11.82, 11.90, 11.58, 2.27, 46.78, -8.62
3808.00, 11.85, 11.67, 11.63, 2.28, -22.57, 5.43
3818.00, 11.82, 11.68, 11.66, -2.73, 0.00, 2.68
3828.00, 11.79, 11.68, 11.62, -2.39, 0.00, -4.32
3838.00, 11.85, 11.63, 11.63, 5.96, -4.56, 0.00
3849.00, 11.81, 11.65, 11.63, -4.02, 0.00, 0.00
3859.00, 11.87, 11.58, 11.60, 5.91, -6.60, -2.96
3869.00, 11.84, 11.76, 11.66, -3.28, 17.78, 5.97
3879.00, 11.83, 11.68, 11.61, 0.00, -7.38, -5.17
3890.00, 11.77, 11.63, 11.65, -5.27, -5.48, 4.61
3899.00, 11.83, 11.67, 11.55, 5.61, 4.08, -10.39
3909.00, 11.84, 11.54, 11.70, 0.00, -13.07, 15.13
3919.00, 11.83, 11.78, 11.65, 0.00, 23.68, -4.97
3930.00, 11.85, 11.68, 11.58, 2.10, -9.53, -6.37
3940.00, 11.82, 11.61, 11.65, -2.98, -7.29, 6.77
3950.00, 11.80, 11.74, 11.64, -2.53, 12.65, 0.00
3960.00, 11.86, 11.65, 11.55, 6.62, -8.95, -8.64
3970.00, 11.86, 11.70, 11.70, 0.00, 5.09, 14.86
3981.00, 11.71, 11.63, 11.60, -15.30, -6.84, -10.36
3991.00, 11.99, 11.67, 11.66, 27.87, 3.17, 5.88
4001.00, 11.81, 11.70, 11.61, -17.53, 3.16, -4.88
4011.00, 11.83, 11.63, 11.61, 0.00, -6.39, 0.00
4022.00, 11.80, 11.69, 11.66, -3.37, 5.54, 4.58
4032.00, 11.86, 11.64, 11.62, 6.39, -4.60, -3.77
4042.00, 11.82, 11.67, 11.64, -3.90, 2.72, 0.00
4051.00, 11.87, 11.65, 11.62, 4.92, -2.35, 0.00
4062.00, 11.74, 11.71, 11.59, -12.49, 6.05, -3.26
4072.00, 11.84, 11.67, 11.66, 8.95, -3.62, 6.42
4082.00, 11.85, 11.62, 11.65, 0.00, -4.68, 0.00
4092.00, 11.88, 11.67, 11.54, 2.80, 4.45, -10.53
4103.00, 11.76, 11.72, 11.67, -12.14, 4.67, 12.44
4113.00, 11.92, 11.68, 11.67, 15.42, -3.65, 0.00
4123.00, 11.76, 11.66, 11.61, -14.94, -2.14, -5.91
4133.00, 11.71, 11.69, 11.63, -5.10, 3.13, 2.07
4144.00, 12.02, 11.66, 11.63, 31.12, -3.20, 0.00
4154.00, 11.83, 11.70, 11.66, -18.96, 4.07, 2.77
4164.00, 11.87, 11.65, 11.60, 4.08, -4.76, -5.88
4174.00, 11.79, 11.71, 11.67, -7.71, 6.27, 6.60
4184.00, 11.87, 11.68, 11.62, 6.84, -3.11, -4.22
4195.00, 11.86, 11.71, 11.60, 0.00, 2.84, -2.57
4205.00, 11.80, 11.65, 11.64, -5.88, -5.27, 3.72
4215.00, 11.86, 11.67, 11.66, 6.14, 0.00, 2.64
4225.00, 11.87, 11.71, 11.60, 0.00, 4.64, -6.56
4236.00, 11.78, 11.64, 11.67, -8.81, -7.37, 6.96
4246.00, 11.85, 11.70, 11.61, 6.52, 5.89, -5.93
4256.00, 11.86, 11.45, 11.67, 0.00, -24.61, 5.96
4265.00, 11.83, 11.88, 11.58, -3.00, 42.66, -8.62
4276.00, 11.83, 11.72, 11.68, 0.00, -16.46, 9.48
4286.00, 11.89, 11.68, 11.57, 5.89, -3.65, -10.86
4296.00, 11.82, 11.63, 11.68, -7.14, -4.55, 11.73
4306.00, 11.84, 11.67, 11.67, 0.00, 3.62, 0.00
4317.00, 11.79, 11.69, 11.64, -4.29, 0.00, -2.23
4327.00, 11.89, 11.66, 11.64, 10.37, -3.22, 0.00
4337.00, 11.82, 11.68, 11.63, -7.00, 2.27, 0.00
4347.00, 11.78, 11.68, 11.63, -4.33, 0.00, 0.00
4357.00, 11.87, 11.71, 11.62, 9.23, 2.77, 0.00
4367.00, 11.78, 11.64, 11.67, -9.28, -6.45, 5.58
4377.00, 11.85, 11.71, 11.61, 7.33, 6.48, -5.94
4387.00, 11.86, 11.65, 11.59, 0.00, -5.27, -2.30
4397.00, 11.87, 11.65, 11.72, 0.00, 0.00, 13.80
4408.00, 11.77, 11.68, 11.62, -10.22, 3.18, -10.63
4418.00, 11.85, 11.68, 11.67, 7.91, 0.00, 5.43
4428.00, 11.84, 11.63, 11.60, 0.00, -4.20, -7.01
4437.00, 11.85, 11.74, 11.48, 0.00, 10.27, -11.89
4448.00, 11.84, 11.60, 11.85, 0.00, -13.47, 36.41
4458.00, 11.84, 11.72, 11.59, 0.00, 11.69, -25.83
4468.00, 11.85, 11.68, 11.68, 0.00, -3.16, 9.03
4478.00, 11.86, 11.69, 11.61, 0.00, 0.00, -7.00
4489.00, 11.79, 11.60, 11.63, -7.12, -7.68, 1.94
4499.00, 11.90, 11.76, 11.67, 11.66, 15.58, 3.53
4509.00, 11.81, 11.68, 11.67, -9.06, -8.18, 0.00
4519.00, 11.81, 11.68, 11.49, 0.00, 0.00, -16.97
4530.00, 11.86, 11.67, 11.79, 5.54, 0.00, 30.36
4540.00, 11.90, 11.68, 11.56, 3.32, 0.00, -22.87
4550.00, 11.83, 11.72, 11.72, -6.71, 4.53, 16.13
4560.00, 11.85, 11.63, 11.64, 2.28, -8.67, -8.01
4571.00, 11.85, 11.68, 11.61, 0.00, 4.53, -3.38
4580.00, 11.78, 11.68, 11.69, -7.13, 0.00, 7.90
4590.00, 11.86, 11.69, 11.61, 7.80, 0.00, -7.76
4600.00, 11.83, 11.68, 11.64, -3.17, 0.00, 3.18
4610.00, 11.87, 11.66, 11.69, 3.73, 0.00, 5.00
4621.00, 11.85, 11.70, 11.65, 0.00, 3.71, -4.22
4631.00, 11.80, 11.65, 11.60, -5.49, -4.61, -4.67
4641.00, 11.86, 11.69, 11.68, 6.04, 3.62, 7.32
4650.00, 11.85, 11.62, 11.62, 0.00, -6.84, -5.15
4661.00, 11.86, 11.75, 11.67, 0.00, 12.56, 4.58
4671.00, 11.89, 11.71, 11.56, 2.37, -3.74, -11.30
4681.00, 11.85, 11.65, 11.71, -3.04, -5.48, 15.37
4691.00, 11.81, 11.67, 11.68, -4.23, 0.00, -2.71
4702.00, 11.82, 11.69, 11.64, 0.00, 0.00, -4.81
4712.00, 11.91, 11.72, 11.63, 9.38, 3.32, 0.00
4722.00, 11.84, 11.63, 11.68, -6.60, -9.65, 5.11
4732.00, 11.76, 11.72, 11.61, -8.09, 9.73, -6.85
4742.00, 11.88, 11.66, 11.68, 12.19, -6.47, 6.78
4752.00, 11.84, 11.68, 11.64, -3.95, 2.21, -4.02
4762.00, 11.85, 11.71, 11.67, 0.00, 2.82, 2.76
4772.00, 11.86, 11.66, 11.57, 0.00, -5.08, -9.52
4783.00, 11.80, 11.68, 11.72, -5.47, 0.00, 14.86
4793.00, 11.88, 11.69, 11.64, 7.62, 0.00, -8.68
4803.00, 11.87, 11.67, 11.64, 0.00, -2.66, 0.00
4813.00, 11.85, 11.67, 11.68, 0.00, 0.00, 4.40
4823.00, 11.79, 11.69, 11.60, -6.18, 0.00, -7.93
4834.00, 11.88, 11.73, 11.70, 8.29, 4.64, 9.76
4844.00, 11.83, 11.64, 11.63, -4.39, -9.22, -7.34
4854.00, 11.89, 11.71, 11.68, 5.42, 7.25, 5.43
4863.00, 11.84, 11.68, 11.62, -4.87, -3.16, -5.61
4874.00, 11.76, 11.68, 11.69, -7.18, 0.00, 6.39
4884.00, 11.86, 11.71, 11.50, 9.34, 3.72, -18.80
4894.00, 11.85, 11.65, 11.77, 0.00, -6.00, 27.23
4904.00, 11.86, 11.70, 11.66, 0.00, 4.65, -10.71
4915.00, 11.86, 11.67, 11.68, 0.00, -3.05, 0.00
4925.00, 11.81, 11.72, 11.61, -4.54, 5.12, -7.00
4935.00, 11.85, 11.65, 11.68, 3.27, -6.93, 6.86
4945.00, 11.87, 11.69, 11.44, 2.60, 3.62, -23.67
4956.00, 11.83, 11.70, 11.89, -4.38, 0.00, 44.44
4965.00, 11.84, 11.67, 11.66, 0.00, -3.65, -21.92
4975.00, 11.85, 11.70, 11.63, 0.00, 3.16, -3.66
4985.00, 11.89, 11.61, 11.69, 3.56, -9.10, 6.45
4995.00, 11.75, 11.77, 11.62, -12.99, 16.81, -7.32
5006.00, 11.94, 11.69, 11.66, 18.65, -8.24, 4.47